-1.69835 7.10236 -1.49702 1
-5.21737 5.07065 -0.784054 2
-6.30704 4.44153 1.88748 3
-4.28285 5.6102 -0.35009 4
1.50492 8.95177 -1.01173 5
-2.36095 6.71981 0.0648834 6
-0.0798114 8.03682 -1.36918 7
-3.05032 6.3218 1.27862 8
2.56137 9.56171 -1.26435 9
-1.18389 7.39938 -0.935763 10
-0.178643 7.97976 0.508014 11
0.882168 8.59222 -0.707979 12
-7.56816 3.71342 -1.91336 13
0.899845 8.60243 -1.45278 14
-0.882633 7.57332 -1.15265 15
-7.32861 3.85173 1.20236 16
-4.55705 5.45189 0.173982 17
0.308716 8.26114 -0.602419 18
-2.78176 6.47686 1.65747 19
-0.834292 7.60122 -0.745649 20
-3.41844 6.10927 -1.82689 21
-2.65363 6.55083 1.42287 22
-3.01817 6.34036 -1.63356 23
-8.8069 2.99824 -0.956076 24
-2.57331 6.5972 -0.0115366 25
-8.89169 2.94928 -0.604829 26
1.53151 8.96712 0.925447 27
-7.27042 3.88532 -0.762006 28
-1.29918 7.33282 1.56526 29
1.89409 9.17646 -0.898766 30
-3.73636 5.92572 1.85444 31
-2.71663 6.51445 0.575812 32
-5.58769 4.85685 -0.0889875 33
1.20489 8.77855 1.35968 34
-4.90516 5.25091 0.957061 35
-3.74583 5.92025 -0.779907 36
0.643979 8.45471 0.172026 37
-3.03012 6.33346 -0.976834 38
1.0009 8.66077 1.01151 39
-9.15905 2.79493 1.33263 40
1.35417 8.86473 -1.19204 41
-4.01906 5.7625 0.688089 42
-1.4565 7.24199 0.969849 43
-6.52013 4.31851 -0.668232 44
-5.48126 4.9183 1.10702 45
-8.69401 3.06342 -0.315471 46
-5.01404 5.18805 -1.36312 47
2.2299 9.37034 -1.63427 48
-5.40315 4.96339 -0.284863 49
-9.17118 2.78792 0.352843 50
-2.14768 6.84294 -0.101629 51
-3.33545 6.15718 -0.435976 52
-6.99514 4.04426 0.162238 53
-0.421209 7.83972 -1.17149 54
-1.24468 7.36429 0.57792 55
-0.449959 7.82312 -0.349133 56
-7.12929 3.9668 -0.413303 57
-7.76282 3.60104 -1.23079 58
1.11916 8.72905 0.11871 59
2.502 9.52743 1.21213 60
-9.06868 2.8471 0.616604 61
-4.59121 5.43217 1.87801 62
0.976565 8.64672 0.659001 63
2.48091 9.51526 -1.52748 64
-6.35552 4.41354 0.367926 65
-3.74961 5.91807 1.32639 66
-1.42581 7.25971 0.982136 67
-8.32689 3.27537 0.102633 68
-9.53193 2.57964 -0.151691 69
1.84359 9.1473 -0.734752 70
-3.617 5.99463 -1.57595 71
2.0992 9.29488 1.12901 72
-6.73615 4.19379 -0.772225 73
2.43447 9.48845 -1.27169 74
-2.63329 6.56257 1.86537 75
0.772201 8.52873 0.816256 76
-4.04408 5.74805 -1.06717 77
-4.14277 5.69108 0.84443 78
-8.43422 3.2134 0.143156 79
-7.01524 4.03265 0.767731 80
-6.84889 4.1287 -1.69131 81
-3.86191 5.85323 -1.48589 82
-8.57211 3.13379 0.696853 83
-2.18179 6.82325 0.0567123 84
-1.81168 7.03693 1.23812 85
-4.32489 5.58593 1.53801 86
-2.31638 6.74554 0.814643 87
-4.13014 5.69837 -1.41351 88
2.20527 9.35612 0.861552 89
-3.16889 6.25334 -1.4501 90
-9.48597 2.60618 0.402373 91
-4.96883 5.21415 -1.7676 92
-7.84704 3.55241 -1.4571 93
-6.07518 4.57539 0.411442 94
-6.7471 4.18746 0.728183 95
-6.83682 4.13566 0.932129 96
-3.79213 5.89352 1.97511 97
-8.21684 3.33891 0.855065 98
-5.96131 4.64114 0.2828 99
-5.72779 4.77596 -0.0479517 100
-3.51194 6.05528 0.00121058 101
-4.97487 5.21066 0.882942 102
-8.30606 3.2874 -0.374033 103
-6.83515 4.13663 0.928504 104
-5.91646 4.66703 -1.82728 105
0.17216 8.1823 0.981234 106
-1.22592 7.37512 0.548265 107
-0.30588 7.9063 0.0837691 108
-2.27819 6.76759 -0.186085 109
1.53832 8.97105 -0.336704 110
-9.49264 2.60233 0.71894 111
-0.383025 7.86176 0.22409 112
-6.45698 4.35497 0.0373591 113
1.39446 8.888 1.03195 114
-5.86459 4.69698 1.11578 115
-1.79023 7.04931 1.8524 116
-0.803108 7.61923 -0.814071 117
1.29458 8.83033 1.97538 118
-3.7582 5.9131 1.64694 119
-0.964105 7.52628 0.885878 120
1.68572 9.05615 0.970133 121
-4.62783 5.41102 -0.263344 122
-5.82616 4.71917 1.05356 123
-7.76272 3.6011 -1.33649 124
-4.37657 5.55609 0.727218 125
-4.73475 5.34929 -1.6572 126
-9.4138 2.64784 -0.749638 127
0.0926466 8.13639 -1.10015 128
-1.20685 7.38613 1.22507 129
-6.48824 4.33692 0.602459 130
-2.44383 6.67196 -0.385326 131
-9.10665 2.82518 -0.067222 132
1.04442 8.6859 0.452906 133
-8.31486 3.28232 -0.998132 134
-1.33285 7.31338 0.696058 135
-7.54306 3.72791 -0.636474 136
-8.32648 3.27561 -0.916176 137
-7.75055 3.60812 0.607921 138
-8.89144 2.94943 -0.995818 139
-2.20806 6.80808 -1.59639 140
-0.621084 7.72432 1.104 141
-8.50915 3.17015 -1.43562 142
2.0713 9.27877 -0.869126 143
-6.25679 4.47054 0.905937 144
-8.55092 3.14603 -1.2267 145
2.40916 9.47383 1.43867 146
-0.582336 7.74669 0.181318 147
-0.447254 7.82468 0.726916 148
-1.07075 7.46471 -0.23607 149
-0.106953 8.02115 -0.188349 150
2.34296 9.43561 0.313575 151
-9.27136 2.73008 -1.79969 152
-5.45173 4.93535 -0.474326 153
-7.61388 3.68703 -1.43304 154
1.8128 9.12952 -1.61907 155
-1.34908 7.30401 -1.57982 156
-2.79823 6.46735 0.492322 157
-8.81769 2.99201 -0.933105 158
-3.75274 5.91626 -1.57757 159
-2.15233 6.84026 -0.0957294 160
-2.43306 6.67818 0.0756168 161
1.66029 9.04147 -0.791988 162
1.18573 8.76749 -1.30616 163
-0.717429 7.6687 0.357392 164
-5.18032 5.09204 -1.54133 165
-2.12399 6.85662 0.667081 166
-5.69185 4.79671 -0.755463 167
0.840218 8.568 1.74362 168
0.0695622 8.12307 1.38063 169
-6.08649 4.56887 1.43535 170
-6.68884 4.2211 0.597207 171
-1.10514 7.44485 1.99159 172
-7.21392 3.91795 1.54448 173
-7.83448 3.55966 -0.735079 174
-5.13805 5.11645 1.50194 175
-9.09008 2.83474 -1.5709 176
0.827608 8.56072 -0.196826 177
-6.73975 4.1917 -1.74479 178
-5.92197 4.66385 1.33939 179
-5.55644 4.87489 1.22347 180
0.817645 8.55497 1.17423 181
-5.92731 4.66077 1.73781 182
-1.43641 7.25359 -1.07042 183
-5.70558 4.78878 -0.80519 184
-0.0741699 8.04008 -1.61407 185
-7.69247 3.64165 -1.44056 186
-0.509556 7.78871 -1.73933 187
1.11154 8.72465 -0.22035 188
-4.00147 5.77265 1.17768 189
-6.79289 4.16102 0.492295 190
-1.12203 7.4351 -0.763709 191
-0.560641 7.75922 -0.484044 192
-1.58921 7.16537 -1.2695 193
1.01143 8.66685 -1.03298 194
-2.76342 6.48744 -1.86079 195
-1.18082 7.40116 -1.11678 196
-3.97857 5.78587 -1.48671 197
-1.21876 7.37925 1.56713 198
-3.48498 6.07085 0.402763 199
-2.46086 6.66212 1.43715 200
-8.58962 3.12368 -0.807997 201
1.63059 9.02433 -0.54542 202
-2.50658 6.63573 -0.864936 203
-1.65507 7.12735 -1.39271 204
-2.60244 6.58039 -0.419929 205
0.530427 8.38915 0.212413 206
-4.54546 5.45858 1.2223 207
-9.31972 2.70216 0.881481 208
-1.89242 6.99031 1.67854 209
-2.75916 6.4899 1.6333 210
-6.12407 4.54717 1.70161 211
-2.88473 6.41741 -0.980824 212
-0.0829147 8.03503 0.967789 213
-1.32904 7.31558 0.826885 214
-4.20889 5.6529 1.89089 215
-6.59885 4.27306 -1.66716 216
-2.20564 6.80948 0.351964 217
0.498224 8.37055 -0.257251 218
-5.75689 4.75916 -1.40167 219
-4.56488 5.44737 -0.00874334 220
-3.28265 6.18767 0.466932 221
-1.18272 7.40006 -0.335728 222
-7.86451 3.54233 1.45463 223
-1.831 7.02577 -0.964452 224
1.50761 8.95332 1.78202 225
-7.66224 3.65911 -1.56845 226
-1.58155 7.1698 -0.998108 227
0.843826 8.57009 1.93717 228
-2.92339 6.39508 1.13342 229
0.842776 8.56948 1.16326 230
2.3848 9.45977 -0.140995 231
-7.55688 3.71994 1.11487 232
-6.86074 4.12186 0.00652214 233
-8.6765 3.07352 1.96596 234
1.20088 8.77623 0.396294 235
-0.177513 7.98042 -1.74127 236
-5.83224 4.71566 -1.67191 237
-0.477256 7.80736 0.692004 238
-7.02658 4.02611 -1.06432 239
-2.63039 6.56425 -0.0067306 240
2.1672 9.33414 0.137181 241
-8.03402 3.44446 -0.562411 242
2.5324 9.54499 -0.521146 243
-4.83444 5.29174 -0.69456 244
-8.14068 3.38288 -0.0878003 245
0.34969 8.2848 -0.208161 246
-2.65581 6.54957 -0.244999 247
-6.54441 4.30449 1.25315 248
2.29158 9.40595 0.467399 249
-3.8183 5.87841 -0.432496 250
-8.26463 0.314754 1.16404 251
-7.46287 -1.07392 -1.59589 252
-9.1587 1.86333 -0.988996 253
-3.11304 -8.60806 -1.9166 254
-3.48222 -7.96863 1.84681 255
-8.41737 0.579321 1.27562 256
-9.52122 2.49124 -1.0717 257
-4.57399 -6.07762 1.59563 258
-8.93601 1.47762 -0.633868 259
-7.4714 -1.05915 0.355818 260
-6.64917 -2.4833 -0.440182 261
-9.30328 2.11375 1.73712 262
-2.75039 -9.23619 0.329719 263
-7.14741 -1.62032 1.76556 264
-8.62862 0.94521 0.119044 265
-3.07463 -8.67459 -1.54793 266
-9.05625 1.68588 -1.53396 267
-2.57499 -9.53998 1.60069 268
-2.72709 -9.27655 -1.48729 269
-5.66157 -4.19387 -0.652214 270
-6.94006 -1.97946 1.55981 271
-4.57341 -6.07862 1.60241 272
-5.67473 -4.17108 -1.85136 273
-5.23237 -4.93727 0.70564 274
-6.17442 -3.3056 1.44019 275
-9.13681 1.82542 0.452008 276
-3.88769 -7.26632 -1.50954 277
-6.35803 -2.98756 0.146678 278
-4.24528 -6.64697 0.694015 279
-5.01096 -5.32075 -0.777348 280
-6.14897 -3.34967 0.179673 281
-6.80803 -2.20814 1.05615 282
-6.90676 -2.03715 -0.996423 283
-5.29126 -4.83526 1.87037 284
-3.32874 -8.23445 -1.42324 285
-3.49888 -7.93976 0.772929 286
-8.62523 0.939344 -1.18054 287
-5.29575 -4.82749 -1.96199 288
-4.95189 -5.42307 -0.262658 289
-8.12164 0.0670859 0.804812 290
-6.95343 -1.95631 1.29159 291
-4.9932 -5.35153 -1.23628 292
-3.44968 -8.02497 0.167007 293
-3.04378 -8.72802 1.54345 294
-6.93825 -1.9826 -0.53082 295
-6.74023 -2.32557 -0.914689 296
-8.26682 0.318554 -1.13985 297
-6.06852 -3.48901 -1.9959 298
-8.648 0.978768 1.29878 299
-7.01036 -1.8577 1.45833 300
-7.95776 -0.216756 -0.267516 301
-8.24121 0.274194 1.30161 302
-6.1528 -3.34303 -1.89329 303
-3.22332 -8.41705 1.89644 304
-7.19832 -1.53215 -0.65154 305
-3.93868 -7.178 -1.57121 306
-7.50388 -1.00291 -1.74177 307
-7.75587 -0.566441 -1.28568 308
-6.04128 -3.53619 -1.20014 309
-6.64642 -2.48807 1.41126 310
-8.641 0.966654 -0.16123 311
-5.13363 -5.10828 -1.10309 312
-9.31057 2.12638 -0.0551822 313
-6.53509 -2.68089 -1.87527 314
-3.32508 -8.2408 -1.51403 315
-3.63057 -7.71167 -1.43695 316
-7.11395 -1.67828 -0.473701 317
-4.92427 -5.47091 0.898447 318
-4.81248 -5.66455 -1.64507 319
-3.09129 -8.64573 1.79249 320
-6.44508 -2.83679 -1.6951 321
-4.10365 -6.89227 -1.45523 322
-7.51344 -0.986333 -0.814325 323
-3.06428 -8.69251 -0.666718 324
-8.81253 1.26375 -0.857651 325
-4.30377 -6.54565 0.385968 326
-5.23373 -4.93491 -1.84234 327
-7.53876 -0.942491 0.491179 328
-5.70343 -4.12137 0.704539 329
-4.07384 -6.9439 0.0649336 330
-4.85494 -5.591 -1.94807 331
-7.72464 -0.62053 -0.0248013 332
-3.49997 -7.93787 0.446165 333
-3.35488 -8.18918 1.50964 334
-5.49704 -4.47884 -1.16972 335
-4.50583 -6.19567 0.376914 336
-7.68847 -0.683171 1.35649 337
-4.09708 -6.90364 0.281542 338
-7.95987 -0.213096 0.306596 339
-3.77569 -7.46032 0.825581 340
-4.16753 -6.78163 0.981089 341
-8.52917 0.772963 -1.76171 342
-5.29142 -4.83499 -0.290764 343
-4.78378 -5.71426 0.966713 344
-6.83154 -2.16742 0.486301 345
-7.96405 -0.205854 1.31542 346
-8.12381 0.0708475 -1.49958 347
-4.31667 -6.52331 1.57757 348
-8.00123 -0.141456 -0.325795 349
-3.62005 -7.72989 0.845456 350
-5.42884 -4.59697 1.28117 351
-7.28977 -1.37375 -1.87683 352
-4.2793 -6.58803 -1.32765 353
-7.45408 -1.08915 -1.1234 354
-2.64072 -9.42615 1.95256 355
-5.36533 -4.70697 -0.794508 356
-5.82827 -3.90515 1.73075 357
-7.13206 -1.6469 0.386525 358
-8.82998 1.29397 -1.283 359
-7.24008 -1.45982 0.239176 360
-3.10287 -8.62567 -0.357131 361
-4.93982 -5.44397 -1.05261 362
-4.34584 -6.47278 1.58859 363
-3.98712 -7.09411 0.170839 364
-4.44212 -6.30602 -1.20213 365
-8.26227 0.31067 0.618929 366
-6.57086 -2.61894 0.112404 367
-3.32955 -8.23305 -1.41411 368
-6.73207 -2.33972 -0.455992 369
-8.81299 1.26454 1.68087 370
-6.90193 -2.0455 0.150108 371
-7.92892 -0.2667 1.10434 372
-6.32726 -3.04087 -1.31425 373
-2.62582 -9.45194 -1.96759 374
-8.43087 0.60269 -0.733047 375
-5.20485 -4.98493 0.860305 376
-9.0577 1.6884 -0.174837 377
-8.19099 0.187209 -1.2445 378
-5.40008 -4.64678 -1.78435 379
-7.6338 -0.777869 -0.0587155 380
-5.0994 -5.16757 -0.624233 381
-3.72571 -7.54688 0.335972 382
-9.37546 2.23878 -1.18001 383
-6.69448 -2.40482 0.483031 384
-5.96156 -3.67428 1.39164 385
-3.02092 -8.76762 -1.67324 386
-4.55591 -6.10892 1.47438 387
-8.12127 0.0664484 1.25361 388
-5.24676 -4.91235 0.215207 389
-3.14704 -8.54917 1.54174 390
-9.14202 1.83445 -1.39071 391
-4.97755 -5.37862 1.00983 392
-6.74479 -2.31769 0.740399 393
-4.85021 -5.5992 -1.40794 394
-2.75281 -9.23199 0.225616 395
-9.48121 2.42194 -1.26659 396
-7.37732 -1.22211 -1.65372 397
-5.6307 -4.24734 -0.845678 398
-8.52092 0.758672 -1.7528 399
-3.18967 -8.47533 1.85927 400
-6.97577 -1.91761 -0.4901 401
-9.44529 2.35972 -1.11888 402
-7.81782 -0.459131 0.076778 403
-3.33676 -8.22056 -0.399899 404
-3.20418 -8.4502 0.757211 405
-7.52277 -0.970174 1.1088 406
-3.32846 -8.23494 1.89335 407
-4.67743 -5.89845 0.0191106 408
-6.46686 -2.79907 -0.256321 409
-7.63883 -0.769162 -0.119058 410
-4.7162 -5.8313 -1.22464 411
-3.05904 -8.70159 0.925619 412
-8.91993 1.44977 0.165011 413
-6.97717 -1.91519 1.81959 414
-7.3798 -1.21781 -1.93698 415
-2.74941 -9.23788 0.292754 416
-8.21371 0.226557 -0.790225 417
-4.24744 -6.64321 -1.92173 418
-4.59318 -6.04438 0.332137 419
-7.84199 -0.417283 -1.30465 420
-5.68549 -4.15243 -1.43883 421
-9.51944 2.48816 0.340095 422
-7.91669 -0.287895 -0.0147918 423
-6.09064 -3.4507 -1.01841 424
-3.28794 -8.30512 -0.582867 425
-8.92471 1.45805 -1.88576 426
-4.10084 -6.89714 -0.211774 427
-2.88356 -9.00553 1.61269 428
-3.57786 -7.80296 1.13653 429
-6.00176 -3.60464 0.426871 430
-4.2527 -6.63411 -0.951124 431
-4.54469 -6.12836 -1.52013 432
-3.71801 -7.56021 -1.73791 433
-5.71018 -4.10968 -1.61545 434
-2.84073 -9.07972 -1.27039 435
-6.84225 -2.14887 1.74644 436
-5.16969 -5.04583 -0.141549 437
-4.68557 -5.88436 -1.8811 438
-8.05966 -0.0402563 -0.2345 439
-4.8407 -5.61566 -0.0396453 440
-6.44049 -2.84475 -0.804824 441
-6.48803 -2.7624 0.108587 442
-5.69392 -4.13784 -0.92901 443
-6.23335 -3.20352 -1.64394 444
-4.21563 -6.69831 -0.927394 445
-4.75369 -5.76637 0.970583 446
-4.02746 -7.02424 -1.63148 447
-9.40694 2.29329 1.83376 448
-2.97704 -8.84361 -0.559065 449
-7.28007 -1.39054 -0.1606 450
-4.46089 -6.27351 1.45209 451
-6.50928 -2.7256 -0.0902829 452
-3.13049 -8.57784 0.930095 453
-2.83311 -9.09292 -0.904736 454
-8.18295 0.173293 -0.148578 455
-3.07985 -8.66554 0.939564 456
-8.15687 0.12812 0.541817 457
-6.03331 -3.55 -0.591601 458
-7.48055 -1.0433 0.202815 459
-2.82678 -9.10387 0.818773 460
-8.06618 -0.0289635 1.04644 461
-5.32858 -4.77062 -1.23715 462
-6.65278 -2.47704 -0.576839 463
-5.60301 -4.2953 -1.17858 464
-8.66593 1.00983 0.45259 465
-5.68074 -4.16068 0.111245 466
-7.42117 -1.14615 0.204588 467
-5.94183 -3.70845 -0.699449 468
-9.45274 2.37263 -1.8729 469
-4.41902 -6.34603 0.58457 470
-6.23302 -3.2041 1.90527 471
-5.14801 -5.08339 0.214391 472
-5.88723 -3.80302 -0.421933 473
-4.6459 -5.95307 0.77707 474
-9.08866 1.74202 1.71988 475
-7.72533 -0.619337 0.904189 476
-8.78933 1.22356 1.82285 477
-2.94605 -8.89729 1.87197 478
-7.83655 -0.426699 0.919261 479
-3.62908 -7.71426 0.283949 480
-7.18002 -1.56384 -1.73226 481
-7.03065 -1.82256 -1.92608 482
-4.72984 -5.80768 1.01961 483
-3.75747 -7.49188 -0.114405 484
-6.7498 -2.309 -0.746357 485
-8.11594 0.0572182 0.887934 486
-8.80838 1.25656 1.8581 487
-9.2531 2.02685 -1.52478 488
-5.72951 -4.0762 -0.498216 489
-4.07094 -6.94893 1.07534 490
-4.92481 -5.46997 -1.54112 491
-2.61113 -9.47739 -1.5069 492
-9.11496 1.78758 0.0633076 493
-3.63585 -7.70252 0.600044 494
-5.30136 -4.81777 0.489233 495
-9.55916 2.55695 -0.634717 496
-3.6271 -7.71768 0.36592 497
-9.00888 1.60385 -0.973121 498
-3.46213 -8.00341 0.473249 499
-3.9326 -7.18855 1.52347 500
7.15996 -3.9491 0.231069 501
7.75999 -3.60267 0.808332 502
9.29836 -2.71449 1.94602 503
9.54954 -2.56948 1.62614 504
9.1254 -2.81435 -0.972402 505
4.32541 -5.58563 0.848861 506
3.31453 -6.16926 -0.82277 507
-0.751588 -8.51683 0.0534651 508
-0.489466 -8.3655 1.99316 509
2.55081 -6.61019 -1.05696 510
0.697982 -7.67992 -1.90184 511
8.36902 -3.25105 -1.59632 512
2.60042 -6.58155 1.54168 513
-0.577812 -8.4165 -1.88021 514
5.15051 -5.10926 0.655281 515
7.62157 -3.68259 0.309022 516
5.54127 -4.88365 0.584966 517
1.01972 -7.49417 -0.323822 518
1.55304 -7.18626 -0.142317 519
7.24861 -3.89792 -1.1423 520
9.51565 -2.58904 1.12107 521
6.5432 -4.30518 -1.86519 522
3.60364 -6.00234 1.48237 523
4.96491 -5.21641 -0.162781 524
5.3746 -4.97988 1.7937 525
8.29682 -3.29273 -0.961132 526
3.18104 -6.24633 1.49572 527
4.45282 -5.51207 0.330289 528
7.67594 -3.6512 1.18816 529
3.62183 -5.99184 -0.708902 530
9.28962 -2.71954 -1.63781 531
0.57886 -7.7487 0.424617 532
5.78814 -4.74112 0.731293 533
7.01301 -4.03394 -0.97463 534
-1.33469 -8.85349 -0.250941 535
1.74656 -7.07452 -0.649775 536
3.84209 -5.86467 0.762035 537
6.50511 -4.32718 -1.71048 538
-0.805849 -8.54816 -1.1322 539
-1.55768 -8.98223 1.00965 540
4.08321 -5.72546 -0.0501395 541
-0.942173 -8.62687 -1.81306 542
3.27776 -6.19049 1.48571 543
7.77252 -3.59544 -0.54676 544
8.80092 -3.00169 1.19755 545
-2.54087 -9.54988 -1.96382 546
5.8167 -4.72463 -0.692834 547
-0.435565 -8.33438 0.0499532 548
1.31384 -7.32436 1.35338 549
0.488173 -7.80106 0.703509 550
-2.17518 -9.33875 -0.02102 551
5.94865 -4.64845 -0.108768 552
4.14699 -5.68864 -0.0739802 553
-1.37853 -8.8788 -0.140968 554
-0.337383 -8.27769 -1.23289 555
2.76135 -6.48864 -0.835611 556
2.50813 -6.63483 -1.62398 557
0.766945 -7.64011 0.115194 558
0.990941 -7.51078 -1.55331 559
1.77128 -7.06025 -1.32111 560
-1.35618 -8.8659 -1.86663 561
-0.751362 -8.5167 -0.54808 562
5.11501 -5.12975 -1.32998 563
5.60572 -4.84644 -1.12497 564
0.285019 -7.91835 -1.67271 565
-2.39776 -9.46725 -1.50147 566
4.17332 -5.67344 0.684667 567
-0.453946 -8.34499 1.0501 568
4.23148 -5.63986 1.46124 569
4.08949 -5.72184 0.309736 570
1.27527 -7.34662 -0.861902 571
-0.48463 -8.36271 0.158388 572
8.06725 -3.42528 1.6113 573
2.47927 -6.6515 1.93554 574
4.78434 -5.32066 -1.81187 575
2.35211 -6.72491 -1.73362 576
7.62174 -3.68249 1.0201 577
-1.19047 -8.77022 1.45663 578
5.79079 -4.73959 0.326224 579
-0.0029851 -8.08463 -0.961949 580
2.61049 -6.57574 0.28437 581
1.33215 -7.31379 -0.490916 582
-0.413276 -8.32151 0.783569 583
-1.13416 -8.73771 1.81808 584
-2.13398 -9.31496 -0.61668 585
-1.80668 -9.12599 1.44164 586
6.08574 -4.5693 -0.422393 587
5.95338 -4.64572 1.4698 588
6.59806 -4.27351 1.37278 589
8.43181 -3.2148 -0.531218 590
0.848258 -7.59316 -0.946016 591
1.26618 -7.35187 -0.159086 592
-0.665112 -8.46691 -0.0591155 593
7.71485 -3.62873 -1.31027 594
0.587659 -7.74362 -1.86164 595
3.5218 -6.04959 -1.73721 596
5.81744 -4.72421 1.86454 597
-1.05884 -8.69422 -0.500411 598
-1.85453 -9.15362 1.00414 599
2.00616 -6.92464 -1.64027 600
-0.29479 -8.2531 -0.936867 601
-1.02236 -8.67316 1.83715 602
-0.918376 -8.61313 -1.76208 603
2.48133 -6.65031 0.492331 604
8.52047 -3.16361 0.124086 605
4.89471 -5.25694 -0.199595 606
2.61487 -6.57321 0.0112596 607
8.58348 -3.12723 -1.98018 608
8.21821 -3.33812 0.87683 609
-0.41102 -8.32021 0.556759 610
2.89706 -6.41029 -1.2274 611
-2.0658 -9.2756 0.128408 612
8.95105 -2.91501 -0.0284258 613
8.58134 -3.12847 1.5153 614
2.4848 -6.64831 0.119285 615
-2.28434 -9.40177 0.767727 616
5.91431 -4.66828 0.963849 617
7.88394 -3.53111 -1.51631 618
-1.43619 -8.91209 -1.99412 619
0.337754 -7.8879 -1.59112 620
-0.478158 -8.35897 -0.638973 621
-1.39269 -8.88697 -0.919729 622
-1.85496 -9.15386 1.85126 623
8.24406 -3.3232 1.57934 624
-2.10532 -9.29841 0.971801 625
2.90013 -6.40851 0.80747 626
2.77919 -6.47834 -1.67587 627
-0.802806 -8.5464 1.53266 628
-0.197251 -8.19679 0.70261 629
5.34694 -4.99584 -0.371774 630
8.74387 -3.03463 -1.74637 631
3.2896 -6.18365 -0.831285 632
8.37201 -3.24932 -1.42691 633
7.92744 -3.50599 0.853241 634
7.04767 -4.01393 1.30024 635
5.60109 -4.84911 1.5746 636
0.695133 -7.68157 0.336635 637
1.97066 -6.94514 1.58752 638
-1.41788 -8.90152 -1.16565 639
3.83992 -5.86592 -0.579006 640
4.26955 -5.61788 1.7378 641
-0.795119 -8.54197 -0.566815 642
-1.37552 -8.87706 0.232198 643
6.13888 -4.53862 1.31542 644
-1.56414 -8.98596 -0.787846 645
-0.814491 -8.55315 0.400562 646
-0.0537926 -8.11396 -0.334741 647
6.14497 -4.53511 -1.1835 648
7.74644 -3.6105 0.0375105 649
2.18105 -6.82367 0.572736 650
2.35902 -6.72093 0.562621 651
0.479792 -7.8059 1.79524 652
7.0982 -3.98476 0.68195 653
3.74064 -5.92325 -1.9671 654
1.77898 -7.05581 0.424263 655
0.279953 -7.92127 1.12217 656
-0.574829 -8.41478 0.349602 657
0.172776 -7.98315 1.03516 658
7.02559 -4.02668 0.448994 659
-1.00763 -8.66466 -0.50403 660
1.12851 -7.43136 0.338853 661
4.82206 -5.29889 0.859675 662
4.88586 -5.26205 0.975449 663
-0.613939 -8.43736 -0.547652 664
8.5643 -3.13831 0.571234 665
8.78782 -3.00925 1.27741 666
6.55913 -4.29599 -1.18896 667
-0.867771 -8.58391 0.768917 668
4.05549 -5.74146 -0.254187 669
-0.769826 -8.52736 1.76192 670
8.98332 -2.89638 -0.0875092 671
-0.250485 -8.22752 -1.46169 672
2.3244 -6.74091 -0.546464 673
4.78329 -5.32127 0.804293 674
6.39838 -4.3888 1.60708 675
-1.48552 -8.94057 0.517606 676
-1.10245 -8.71941 -0.567007 677
5.20039 -5.08046 -0.0857982 678
9.50215 -2.59683 -1.80067 679
8.96859 -2.90489 1.45636 680
9.51544 -2.58916 0.00507541 681
4.99407 -5.19958 0.559179 682
3.62073 -5.99248 0.99023 683
8.52145 -3.16304 1.28747 684
0.0842166 -8.03428 0.452304 685
5.70419 -4.78959 -0.684915 686
6.4204 -4.37608 -1.66156 687
7.92479 -3.50752 1.32245 688
8.15199 -3.37635 -0.280505 689
1.16029 -7.41301 -1.93088 690
4.226 -5.64302 0.28797 691
8.26763 -3.30959 0.733282 692
1.43203 -7.25612 -1.20582 693
3.83179 -5.87062 1.26855 694
0.676712 -7.6922 0.794688 695
2.99296 -6.35491 0.665465 696
5.39876 -4.96593 1.88504 697
4.82073 -5.29965 -1.08631 698
8.01947 -3.45286 0.702216 699
0.242541 -7.94287 -1.30659 700
5.29956 -5.0232 -0.579862 701
0.735422 -7.65831 -0.141939 702
7.30395 -3.86597 1.05537 703
-0.0286901 -8.09947 1.01989 704
6.39348 -4.39163 0.914159 705
7.22497 -3.91156 0.961317 706
-2.31293 -9.41827 1.81431 707
4.30182 -5.59925 -1.21577 708
5.49777 -4.90876 0.072566 709
7.66579 -3.65706 -1.9146 710
6.01108 -4.6124 1.08959 711
8.16644 -3.36801 1.19775 712
2.02484 -6.91386 0.215523 713
8.51548 -3.16649 1.61138 714
2.26921 -6.77278 -0.294944 715
1.12928 -7.43091 0.660268 716
0.300349 -7.9095 -1.99348 717
-0.939569 -8.62536 -0.32294 718
-1.908 -9.18449 1.52916 719
6.54292 -4.30535 -1.87458 720
4.19117 -5.66313 1.67662 721
1.34298 -7.30754 -1.15975 722
4.48631 -5.49273 -1.46496 723
5.45807 -4.93168 0.702726 724
6.58729 -4.27973 1.46929 725
9.11375 -2.82108 -0.331225 726
3.52361 -6.04855 -0.447866 727
3.97273 -5.78925 1.60711 728
5.30402 -5.02063 -1.37929 729
-0.734402 -8.50691 1.2467 730
7.50171 -3.75179 -1.28329 731
7.13639 -3.96271 -0.718485 732
1.28778 -7.33941 1.94479 733
5.1391 -5.11584 0.224599 734
6.09889 -4.56171 1.10908 735
9.21579 -2.76217 -1.66979 736
9.10626 -2.8254 1.29642 737
7.25901 -3.89191 -1.70188 738
4.48121 -5.49568 0.424736 739
-0.562661 -8.40776 1.95132 740
6.72719 -4.19896 0.433244 741
8.61615 -3.10837 -1.12108 742
5.33057 -5.0053 -0.178382 743
3.90444 -5.82868 0.777906 744
-0.329699 -8.27326 1.956 745
-1.49578 -8.94649 0.981389 746
8.54451 -3.14973 -0.0560757 747
7.49302 -3.75681 0.49302 748
2.78119 -6.47718 -1.18276 749
-0.0589625 -8.11695 -0.531896 750
9.02166 -1.62597 0.310692 751
5.98522 3.63329 1.2144 752
4.31342 6.52894 -1.60055 753
3.95041 7.15768 -0.115486 754
5.20903 4.97769 -0.50044 755
4.55568 6.10933 1.89736 756
8.84921 -1.32728 1.80752 757
9.23701 -1.99898 0.725578 758
8.51992 -0.756939 0.408137 759
4.31954 6.51834 0.440036 760
8.29274 -0.363451 -1.35134 761
2.79672 9.15593 1.45335 762
3.65369 7.67162 -0.409443 763
6.15778 3.33441 -0.551726 764
6.72499 2.35198 -0.698686 765
6.84891 2.13734 -1.72634 766
3.63308 7.70731 -0.253667 767
7.18459 1.55593 0.710517 768
4.46197 6.27165 0.273057 769
4.61126 6.01306 1.59096 770
3.94821 7.16151 -0.305332 771
5.03444 5.28009 -1.71136 772
7.75054 0.575679 1.75169 773
8.11102 -0.0486967 -1.08378 774
5.86576 3.8402 -1.56683 775
3.17581 8.49933 -0.450529 776
4.57465 6.07647 -0.980151 777
2.96438 8.86554 -0.466828 778
7.65875 0.734657 0.495993 779
6.87834 2.08637 1.48366 780
5.7277 4.07932 -1.90892 781
3.01964 8.76982 1.66075 782
2.91765 8.94648 -1.66232 783
9.27207 -2.0597 -0.388348 784
5.15479 5.07165 1.79947 785
6.61901 2.53554 -1.90015 786
5.84347 3.87882 -1.54309 787
5.70086 4.12582 1.37764 788
4.09862 6.90098 -0.651429 789
3.94393 7.16891 1.20445 790
5.12308 5.12656 1.56711 791
2.7584 9.22231 -0.310632 792
6.3358 3.02608 -0.89504 793
7.07393 1.74759 -1.06522 794
5.18216 5.02423 -0.915456 795
6.06707 3.49153 1.90256 796
7.7677 0.545948 0.346374 797
6.99287 1.88799 0.446143 798
5.95878 3.67909 -1.91848 799
4.59582 6.03981 -1.8766 800
8.5833 -0.866718 0.816146 801
4.05686 6.97332 -1.81735 802
8.13241 -0.0857393 -1.69052 803
3.73411 7.53233 -1.49404 804
8.79364 -1.23104 1.71911 805
4.51996 6.17121 -1.82406 806
3.68413 7.6189 -0.207288 807
7.79816 0.49319 1.85753 808
6.6228 2.52897 -1.96054 809
5.66896 4.18107 1.48268 810
7.13747 1.63753 -1.91994 811
7.48096 1.04259 -1.87628 812
2.74211 9.25053 -1.73828 813
7.81192 0.469365 1.38832 814
8.27608 -0.334586 -0.00492856 815
7.72815 0.61446 -0.217688 816
8.79838 -1.23924 -0.076131 817
7.65524 0.740743 -1.67984 818
5.10188 5.16328 -1.16456 819
8.9917 -1.57408 -0.263508 820
6.32015 3.05317 1.6683 821
5.52148 4.43652 -0.0547931 822
3.75485 7.49641 -1.09591 823
5.84215 3.8811 1.25316 824
8.44778 -0.631981 -1.44841 825
5.82897 3.90392 1.82637 826
7.71438 0.638309 -0.336083 827
7.15574 1.60589 0.615543 828
9.26539 -2.04812 -1.79237 829
8.37839 -0.511796 0.804967 830
7.85255 0.39899 0.707979 831
6.41513 2.88866 1.89263 832
7.0505 1.78818 -1.26688 833
9.00086 -1.58994 1.58986 834
5.5405 4.40357 -1.44396 835
6.68672 2.41826 0.33091 836
8.05704 0.0447927 0.347131 837
8.22434 -0.244979 -0.782358 838
7.41493 1.15696 -1.61534 839
3.57856 7.80176 -0.875216 840
2.75988 9.21974 0.955628 841
8.81824 -1.27364 -0.967993 842
4.78716 5.7084 1.97587 843
9.4474 -2.36338 -1.09642 844
8.71228 -1.09011 -0.848161 845
3.12713 8.58365 0.949699 846
4.15625 6.80116 -0.0422045 847
4.99376 5.35056 -0.727822 848
8.83929 -1.31011 1.12568 849
6.64876 2.484 -1.60616 850
3.4808 7.97107 -1.62753 851
3.61746 7.73437 -1.94874 852
3.11682 8.6015 1.29664 853
3.59494 7.77338 0.739111 854
5.62913 4.25005 -0.845981 855
8.421 -0.585604 -0.76008 856
7.47605 1.05111 -1.34417 857
3.21408 8.43306 1.15774 858
3.63106 7.71081 -1.67758 859
3.27878 8.32099 -1.03834 860
4.56207 6.09827 -1.67131 861
8.71634 -1.09715 -1.05762 862
5.34442 4.7432 -0.804129 863
4.3546 6.4576 0.374594 864
4.06751 6.95487 -1.6458 865
6.53997 2.67244 -0.861665 866
3.50474 7.92962 1.97827 867
4.94977 5.42675 -0.328941 868
2.83011 9.0981 -0.827008 869
3.62176 7.72692 0.659348 870
7.07604 1.74394 0.502742 871
6.4243 2.87279 -0.337461 872
5.87176 3.82982 -1.86513 873
6.81272 2.20003 1.31801 874
4.25903 6.62315 1.93355 875
4.41808 6.34766 -1.43643 876
2.74336 9.24836 0.533191 877
8.05963 0.040311 0.283874 878
5.30638 4.80908 -0.846641 879
8.79205 -1.22828 1.24024 880
9.26617 -2.04948 1.18971 881
6.67343 2.44128 -1.01357 882
4.56699 6.08973 -1.84141 883
4.79043 5.70272 0.841803 884
5.48992 4.49117 1.01765 885
6.14997 3.34793 -0.772956 886
8.55161 -0.811824 0.960383 887
3.47475 7.98155 1.30736 888
6.38369 2.94312 -0.846468 889
6.41 2.89756 1.35706 890
3.96207 7.13749 -0.131759 891
4.38822 6.39938 -1.26668 892
8.75985 -1.1725 0.775444 893
5.33186 4.76494 0.690372 894
5.96932 3.66083 1.41731 895
5.88934 3.79937 -0.91473 896
5.07479 5.21021 -0.592079 897
7.68639 0.686781 -1.10309 898
3.79506 7.42677 -1.15471 899
7.3611 1.2502 0.0561545 900
7.13224 1.6466 -0.977877 901
8.49526 -0.714226 0.0445874 902
4.24153 6.65346 -1.08896 903
6.93416 1.98968 -1.06451 904
4.97651 5.38043 -1.78963 905
5.14042 5.09654 0.266927 906
6.87866 2.08582 -0.0270921 907
6.77251 2.26967 -0.747548 908
4.61439 6.00765 -1.15812 909
4.70431 5.85189 0.465414 910
6.05282 3.51621 -1.75001 911
4.24347 6.65009 0.760465 912
9.19568 -1.92739 0.768329 913
7.05959 1.77242 -1.7808 914
3.15471 8.53588 -0.806247 915
3.62319 7.72445 -0.430218 916
3.37491 8.15449 -1.18787 917
3.88292 7.27458 0.732852 918
4.81756 5.65573 0.693441 919
3.5513 7.84897 1.93783 920
4.74735 5.77734 -1.4318 921
3.89561 7.2526 -0.984565 922
3.15548 8.53455 -1.95746 923
2.665 9.38408 0.586617 924
3.45706 8.01219 0.602811 925
5.93483 3.72057 -1.99581 926
7.703 0.65802 -0.183774 927
4.92972 5.46147 0.685045 928
8.84897 -1.32687 1.20156 929
7.30009 1.35587 1.86648 930
3.20202 8.45395 0.188458 931
6.12516 3.3909 1.11897 932
8.21418 -0.227369 1.2496 933
8.99498 -1.57975 1.82216 934
6.67513 2.43834 -0.321965 935
2.78152 9.18227 -1.96749 936
7.22829 1.48023 1.7576 937
6.75528 2.29951 -0.729401 938
4.89688 5.51835 -1.08993 939
4.93218 5.45722 -0.369873 940
8.51325 -0.745376 -0.600431 941
3.59191 7.77864 1.36064 942
5.5287 4.42402 0.271974 943
8.81557 -1.26902 -1.19832 944
6.43723 2.85038 1.42602 945
8.73736 -1.13355 1.94259 946
5.34394 4.74403 -0.45553 947
5.85587 3.85734 -1.13495 948
7.78699 0.51253 1.89064 949
7.05329 1.78334 -1.18945 950
7.15835 1.60138 1.8444 951
6.22795 3.21288 -0.545567 952
5.80798 3.94029 0.203205 953
3.89811 7.24827 1.30532 954
3.02515 8.76029 0.646829 955
2.99518 8.81219 -1.02389 956
4.95506 5.41758 -0.74361 957
2.88729 8.99907 -0.922446 958
8.23755 -0.267852 -0.0508432 959
6.10007 3.43436 0.816237 960
5.615 4.27453 -0.380425 961
5.29086 4.83597 -1.98418 962
9.40671 -2.2929 1.01021 963
5.54904 4.38878 0.419383 964
6.0817 3.46619 -1.62949 965
6.29783 3.09184 1.91783 966
6.53207 2.68613 -0.981663 967
6.68153 2.42724 -0.314303 968
4.28105 6.58501 -0.348295 969
5.19076 5.00935 -1.7233 970
7.36792 1.23839 -0.614933 971
5.51039 4.45573 1.34352 972
4.4012 6.3769 -1.37641 973
2.80084 9.14881 -0.0563065 974
4.30329 6.54648 1.81023 975
8.33271 -0.432673 -0.868744 976
4.12313 6.85854 -0.122495 977
7.61247 0.814808 -0.677047 978
9.36968 -2.22876 1.49865 979
6.66636 2.45352 1.76174 980
2.74799 9.24035 0.800252 981
9.47971 -2.41934 0.180696 982
6.2372 3.19685 0.871776 983
4.93575 5.45104 -0.7803 984
8.49831 -0.719498 -1.83038 985
8.14802 -0.112783 1.12075 986
8.42012 -0.584075 0.413676 987
8.18073 -0.169436 -0.844467 988
9.45187 -2.37112 -1.5872 989
5.51818 4.44223 -1.47775 990
5.75493 4.03217 1.14041 991
4.40456 6.37107 0.274064 992
5.53617 4.41107 -1.97751 993
8.99905 -1.58682 1.73484 994
5.97808 3.64567 0.0489525 995
4.26624 6.61065 0.689474 996
4.40907 6.36327 1.15293 997
4.63799 5.96676 0.669191 998
6.58202 2.59961 -0.970701 999
8.82589 -1.28688 1.75285 1000
