1.69792 -0.977731 -7 104 0.451827 -0.476163 
5.64257 -0.481715 -7 109 -0.444989 -0.362348 
2.26927 0.767181 -7 111 0.169923 0.0339421 
2.74139 -0.240151 -7 113 0.0984298 -0.265425 
4.50714 -1.04124 -7 119 -0.244963 -0.483284 
2.98659 0.138239 -7 123 0.0194206 -0.169649 
4.46367 -0.542201 -7 125 -0.255484 -0.366367 
6.6867 0.183154 -7 127 -0.59752 -0.244234 
3.77354 -0.887468 -7 133 -0.109247 -0.447068 
6.08103 -0.977971 -7 134 -0.491201 -0.465655 
3.34213 1.4046 -7 137 -0.116286 0.134112 
0.97797 0.750031 -7 138 0.590987 0.119528 
4.29646 -0.0380129 -7 139 -0.244048 -0.246835 
6.59087 -1.1778 -7 141 -0.551438 -0.503933 
4.8725 1.3091 -7 142 -0.386196 0.0317715 
6.26277 1.2623 -7 143 -0.574302 -0.0316728 
1.9715 1.13953 -7 144 0.232799 0.159535 
1.45576 0.553777 -7 145 0.43135 0.021165 
7 0.781169 -6.98961 200 -0.64911 -0.141384 
