-7 -1.78251 -2.62609 53 286.992 1.86854 
-7 -0.29883 -1.326 55 426.997 160.63 
-7 0.46862 -2.98529 58 250.591 243.467 
-7 -1.05185 -1.49538 60 409.138 73.4701 
-7 -1.03485 -3.75523 61 180.367 91.5446 
-7 -0.184126 -2.39523 62 309.045 175.39 
-7 1.26508 -0.184774 63 565.284 350.59 
-7 0.0943094 -5.21035 64 65.1866 203.759 
-7 1.11392 -6.02536 65 10.3429 291.185 
-7 0.886694 -5.35798 67 55.972 274.516 
-7 1.34911 -4.82912 74 95.6445 318.743 
-7 0.577231 -1.47952 76 406.782 260.621 
-7 0.694743 -5.33965 78 56.9209 257.535 
-7 0.821262 -3.48263 80 205.161 276.908 
-7 -1.84392 -6.0007 85 4.92214 30.7957 
-7 -0.166603 0.216342 87 630.329 173.746 
-7 1.69039 -1.92004 89 355.936 378.363 
-7 -0.295975 -5.19552 90 65.5596 168.102 
-7 1.40697 -4.3308 91 134.364 327.556 
-7 0.312724 -0.335245 92 549.762 233.811 
-7 -1.56958 -3.12031 95 238.239 30.6748 
-7 -1.20087 -3.87679 97 169.678 75.5316 
-7 1.52805 -2.92335 98 256.065 351.024 
-7 -0.609874 -5.90804 100 14.2455 141.274 
