-4.80195 0.41523 7 21 629.653 182.049 
-5.37012 0.037908 7 24 578.649 141.055 
-5.21106 1.44812 7 29 569.806 274.124 
-5.40598 0.152698 7 30 573.395 151.976 
-5.875 -0.508694 7 36 542.99 90.4876 
-5.59816 -0.619665 7 42 568.613 77.8388 
-6.33365 0.109205 7 44 500.348 145.367 
-6.25916 0.145289 7 48 505.08 148.553 
-7 0.21307 2.3409 51 65.5951 116.285 
-7 -0.503339 4.01391 52 256.836 58.9732 
-7 -0.64261 4.44771 54 296.35 51.8239 
-7 -0.441068 2.32778 56 61.1331 31.5357 
-7 1.81819 2.50338 57 91.5255 299.932 
-7 1.50288 1.91462 59 11.8626 271.154 
-7 0.78654 5.75191 68 381.596 192.519 
-7 -0.100249 4.19611 69 271.411 103.472 
-7 -0.527577 4.46053 71 296.734 63.7743 
-7 -0.14175 5.47309 72 370.762 112.688 
-7 1.61955 6.53315 73 420.422 254.632 
-7 1.51818 2.67054 81 111.118 266.739 
-7 0.883221 6.2108 82 408.568 200.57 
-7 -0.72299 3.2493 84 178.711 18.4908 
-7 1.48523 2.57162 86 99.1516 263.952 
-7 1.20864 2.59145 88 101.049 233.832 
-7 1.46933 5.82185 93 380.611 246.179 
-7 -0.576654 5.65743 96 386.746 76.0435 
