-5.21737 5.07065 -0.784054 2 0.394711 -0.09299 
-4.28285 5.6102 -0.35009 4 0.102975 -0.0116878 
-2.36095 6.71981 0.0648834 6 -0.593161 0.0491366 
-3.05032 6.3218 1.27862 8 -0.38339 0.47251 
-4.55705 5.45189 0.173982 17 0.180648 0.150557 
-3.41844 6.10927 -1.82689 21 -0.142491 -0.439007 
-2.65363 6.55083 1.42287 22 -0.55604 0.514096 
-3.01817 6.34036 -1.63356 23 -0.2775 -0.409254 
-2.57331 6.5972 -0.0115366 25 -0.512471 0.035915 
-2.71663 6.51445 0.575812 32 -0.482605 0.226434 
-5.58769 4.85685 -0.0889875 33 0.495629 0.106892 
-4.90516 5.25091 0.957061 35 0.281121 0.395504 
-3.74583 5.92025 -0.779907 36 -0.0565025 -0.14626 
-3.03012 6.33346 -0.976834 38 -0.301645 -0.236202 
-4.01906 5.7625 0.688089 42 -0.00749454 0.295333 
-5.48126 4.9183 1.10702 45 0.46298 0.451219 
-5.01404 5.18805 -1.36312 47 0.338589 -0.241559 
-5.40315 4.96339 -0.284863 49 0.445092 0.0458639 
-2.14768 6.84294 -0.101629 51 -0.671104 -0.0157689 
-3.33545 6.15718 -0.435976 52 -0.211113 -0.0664819 
-3.74961 5.91807 1.32639 66 -0.124854 0.495939 
-3.617 5.99463 -1.57595 71 -0.0844865 -0.366491 
-4.04408 5.74805 -1.06717 77 0.0420385 -0.213297 
-4.14277 5.69108 0.84443 78 0.0312829 0.345974 
-3.86191 5.85323 -1.48589 82 -0.00866701 -0.331814 
-2.18179 6.82325 0.0567123 84 -0.665965 0.037925 
-2.31638 6.74554 0.814643 87 -0.659363 0.294496 
-4.13014 5.69837 -1.41351 88 0.0763746 -0.293575 
-3.16889 6.25334 -1.4501 90 -0.233338 -0.354856 
-4.96883 5.21415 -1.7676 92 0.332452 -0.349603 
-6.07518 4.57539 0.411442 94 0.635554 0.254989 
-5.96131 4.64114 0.2828 99 0.606198 0.222645 
-5.72779 4.77596 -0.0479517 100 0.541478 0.120748 
-3.51194 6.05528 0.00121058 101 -0.165056 0.0649092 
-4.97487 5.21066 0.882942 102 0.302855 0.374479 
-5.91646 4.66703 -1.82728 105 0.587424 -0.319139 
-2.27819 6.76759 -0.186085 109 -0.618087 -0.0373382 
-5.86459 4.69698 1.11578 115 0.575509 0.45913 
-4.62783 5.41102 -0.263344 122 0.211622 0.0337174 
-5.82616 4.71917 1.05356 123 0.563666 0.438045 
-4.37657 5.55609 0.727218 125 0.112585 0.316376 
-4.73475 5.34929 -1.6572 126 0.261586 -0.330535 
-2.44383 6.67196 -0.385326 131 -0.544076 -0.0882241 
-2.20806 6.80808 -1.59639 140 -0.567306 -0.4485 
-6.25679 4.47054 0.905937 144 0.692751 0.402569 
-5.45173 4.93535 -0.474326 153 0.459948 0.00183005 
-2.79823 6.46735 0.492322 157 -0.445809 0.202911 
-3.75274 5.91626 -1.57757 159 -0.0341291 -0.3618 
-2.15233 6.84026 -0.0957294 160 -0.670196 -0.00810051 
-2.43306 6.67818 0.0756168 161 -0.564367 0.0551499 
-5.18032 5.09204 -1.54133 165 0.386006 -0.285665 
-5.69185 4.79671 -0.755463 167 0.529191 -0.0644242 
-5.55644 4.87489 1.22347 180 0.48181 0.486237 
-5.70558 4.78878 -0.80519 184 0.52815 -0.0800683 
-4.00147 5.77265 1.17768 189 -0.0287173 0.447354 
-2.76342 6.48744 -1.86079 195 -0.356946 -0.49143 
-3.97857 5.78587 -1.48671 197 0.0285612 -0.327846 
-3.48498 6.07085 0.402763 199 -0.190526 0.195689 
-2.46086 6.66212 1.43715 200 -0.634773 0.520464 
-2.50658 6.63573 -0.864936 203 -0.493873 -0.22569 
-2.60244 6.58039 -0.419929 205 -0.475856 -0.0903194 
-4.54546 5.45858 1.2223 207 0.160752 0.470773 
-2.88473 6.41741 -0.980824 212 -0.35033 -0.24165 
-2.20564 6.80948 0.351964 217 -0.681029 0.136979 
-5.75689 4.75916 -1.40167 219 0.543179 -0.226602 
-4.56488 5.44737 -0.00874334 220 0.187019 0.104498 
-3.28265 6.18767 0.466932 221 -0.262588 0.206606 
-2.92339 6.39508 1.13342 229 -0.42882 0.423018 
-5.83224 4.71566 -1.67191 237 0.567609 -0.290887 
-2.63039 6.56425 -0.0067306 240 -0.486117 0.0347733 
-4.83444 5.29174 -0.69456 244 0.280159 -0.0846914 
-2.65581 6.54957 -0.244999 247 -0.466452 -0.0392365 
-3.8183 5.87841 -0.432496 250 -0.0447241 -0.0472255 
