-9.17118 2.78792 0.352843 50 0.243523 391.705 
-9.53193 2.57964 -0.151691 69 37.2474 348.822 
-9.48597 2.60618 0.402373 91 27.6455 392.945 
-9.49264 2.60233 0.71894 111 27.6039 416.366 
-9.4138 2.64784 -0.749638 127 32.0498 299.771 
-9.27136 2.73008 -1.79969 152 28.5993 222.578 
-9.09008 2.83474 -1.5709 176 10.5697 236.195 
-9.31972 2.70216 0.881481 208 8.27564 435.492 
-8.26463 0.314754 1.16404 251 195.286 479.924 
-7.46287 -1.07392 -1.59589 252 332.419 205.792 
-9.1587 1.86333 -0.988996 253 88.2867 279.332 
-9.52122 2.49124 -1.0717 257 49.1004 277.146 
-8.93601 1.47762 -0.633868 259 111.632 306.432 
-7.4714 -1.05915 0.355818 260 335.861 410.785 
-6.64917 -2.4833 -0.440182 261 517.344 321.148 
-8.62862 0.94521 0.119044 265 145.272 373.98 
-9.05625 1.68588 -1.53396 267 104.3 236.868 
-9.13681 1.82542 0.452008 276 82.1481 399.974 
-6.35803 -2.98756 0.146678 278 605.077 399.977 
-6.90676 -2.03715 -0.996423 283 447.959 257.984 
-8.62523 0.939344 -1.18054 287 149.851 261.605 
-8.12164 0.0670859 0.804812 290 216.518 447.782 
-6.93825 -1.9826 -0.53082 295 445.943 311.561 
-6.74023 -2.32557 -0.914689 296 490.47 264.034 
-8.26682 0.318554 -1.13985 297 201.908 260.928 
-7.95776 -0.216756 -0.267516 301 245.981 342.429 
-6.1528 -3.34303 -1.89329 303 635.086 135.118 
-7.19832 -1.53215 -0.65154 305 388.253 297.721 
-7.50388 -1.00291 -1.74177 307 324.907 194.306 
-7.75587 -0.566441 -1.28568 308 281.646 242.275 
-8.641 0.966654 -0.16123 311 146.491 348.545 
-9.31057 2.12638 -0.0551822 313 65.0931 357.938 
-6.53509 -2.68089 -1.87527 314 532.417 150.063 
-7.11395 -1.67828 -0.473701 317 406.789 317.291 
-6.44508 -2.83679 -1.6951 321 556.709 167.934 
-7.51344 -0.986333 -0.814325 323 325.832 284.939 
-8.81253 1.26375 -0.857651 325 128.191 289.532 
-7.53876 -0.942491 0.491179 328 321.428 423.957 
-7.72464 -0.62053 -0.0248013 332 285.943 366.391 
-7.95987 -0.213096 0.306596 339 245.461 398.349 
-8.52917 0.772963 -1.76171 342 169.386 211.491 
-6.83154 -2.16742 0.486301 345 480.39 436.923 
-8.12381 0.0708475 -1.49958 347 223.508 227.559 
-8.00123 -0.141456 -0.325795 349 241.222 334.876 
-7.28977 -1.37375 -1.87683 352 365.955 175.193 
-7.45408 -1.08915 -1.1234 354 334.992 251.319 
-7.13206 -1.6469 0.386525 358 406.509 418.681 
-8.82998 1.29397 -1.283 359 128.046 255.102 
-7.24008 -1.45982 0.239176 360 382.019 398.872 
-8.26227 0.31067 0.618929 366 196.46 424.105 
-6.57086 -2.61894 0.112404 367 543.888 391.426 
-6.73207 -2.33972 -0.455992 369 496.926 317.318 
-6.90193 -2.0455 0.150108 371 458.753 392.819 
-6.32726 -3.04087 -1.31425 373 593.951 208.79 
-8.43087 0.60269 -0.733047 375 175.836 297.566 
-9.0577 1.6884 -0.174837 377 94.0594 347.322 
-8.19099 0.187209 -1.2445 378 215.203 250.189 
-7.6338 -0.777869 -0.0587155 380 302.205 363.108 
-9.37546 2.23878 -1.18001 383 64.7908 268.755 
-6.69448 -2.40482 0.483031 384 515.664 437.989 
-9.14202 1.83445 -1.39071 391 91.0706 249.883 
-6.74479 -2.31769 0.740399 393 503.611 469.174 
-9.48121 2.42194 -1.26659 396 56.4454 263.75 
-7.37732 -1.22211 -1.65372 397 348.866 199.858 
-8.52092 0.758672 -1.7528 399 169.412 211.868 
-6.97577 -1.91761 -0.4901 401 435.744 317.209 
-9.44529 2.35972 -1.11888 402 59.3319 273.644 
-7.81782 -0.459131 0.076778 403 269.628 373.102 
-6.46686 -2.79907 -0.256321 409 569.606 342.54 
-7.63883 -0.769162 -0.119058 410 302.533 356.832 
-8.91993 1.44977 0.165011 413 109.98 377.304 
-7.3798 -1.21781 -1.93698 415 346.665 172.162 
-8.21371 0.226557 -0.790225 417 209.494 290.577 
-7.84199 -0.417283 -1.30465 420 267.627 239.834 
-9.51944 2.48816 0.340095 422 40.5648 385.409 
-7.91669 -0.287895 -0.0147918 423 253.672 365.082 
-8.92471 1.45805 -1.88576 426 119.978 209.223 
-8.05966 -0.0402563 -0.2345 439 230.571 341.994 
-6.44049 -2.84475 -0.804824 441 570.787 274.655 
-6.48803 -2.7624 0.108587 442 568.064 390.178 
-6.23335 -3.20352 -1.64394 444 614.981 167.046 
-7.28007 -1.39054 -0.1606 450 371.16 351.764 
-6.50928 -2.7256 -0.0902829 452 558.38 365.022 
-8.18295 0.173293 -0.148578 455 211.685 351.631 
-8.15687 0.12812 0.541817 457 212.066 415.781 
-7.48055 -1.0433 0.202815 459 333.288 390.916 
-8.06618 -0.0289635 1.04644 461 226.384 470.97 
-6.65278 -2.47704 -0.576839 463 515 303.624 
-8.66593 1.00983 0.45259 465 139.067 403.769 
-7.42117 -1.14615 0.204588 467 344.155 390.808 
-9.45274 2.37263 -1.8729 469 62.6855 218.079 
-7.72533 -0.619337 0.904189 476 283.83 464.749 
-7.83655 -0.426699 0.919261 479 266.513 463.467 
-7.18002 -1.56384 -1.73226 481 386.442 186.26 
-7.03065 -1.82256 -1.92608 482 416.97 161.837 
-6.7498 -2.309 -0.746357 485 488.211 286.247 
-8.11594 0.0572182 0.887934 486 218.037 454.462 
-9.2531 2.02685 -1.52478 488 82.1851 240.994 
-9.11496 1.78758 0.0633076 493 86.1805 366.123 
-9.55916 2.55695 -0.634717 496 43.0059 310.592 
-9.00888 1.60385 -0.973121 498 106.315 280.388 
