5.64257 -0.481715 -7 109 260.76 140.138 
2.26927 0.767181 -7 111 578.446 313.125 
2.74139 -0.240151 -7 113 527.767 173.237 
6.30632 -1.54879 -7 115 224.962 49.0409 
4.50714 -1.04124 -7 119 346.279 82.2284 
2.98659 0.138239 -7 123 490.131 218.619 
4.46367 -0.542201 -7 125 346.41 134.296 
6.6867 0.183154 -7 127 200.983 192.08 
6.46481 -1.88245 -7 128 217.084 21.6101 
3.77354 -0.887468 -7 133 413.362 94.2548 
6.08103 -0.977971 -7 134 236.104 97.3059 
3.34213 1.4046 -7 137 434.3 354.426 
4.29646 -0.0380129 -7 139 356.928 186.692 
6.59087 -1.1778 -7 141 208.69 82.8709 
4.8725 1.3091 -7 142 303.876 306.839 
6.26277 1.2623 -7 143 220.017 279.343 
1.9715 1.13953 -7 144 618.143 372.975 
6.4687 -1.97232 -7 149 217.099 13.7881 
7 -1.59791 -6.35011 157 142.789 37.3068 
7 1.75895 -5.06184 159 28.4878 338.49 
7 -0.863938 -6.09367 166 121.935 98.1361 
7 1.33843 -4.95324 172 15.5996 301.568 
7 0.759759 -5.08223 173 28.1168 244.583 
7 -0.563655 -4.89557 181 2.7099 109.16 
7 0.831841 -5.58946 182 78.777 247.281 
7 1.69172 -5.79597 183 97.5557 317.88 
7 0.781169 -6.98961 200 184.483 234.735 
