-4.80195 0.41523 7 21 0.234374 0.187757 
-3.28746 -0.347612 7 22 0.563353 0.00670326 
-5.92999 -1.73451 7 23 0.0239425 -0.20184 
-5.37012 0.037908 7 24 0.132974 0.110049 
-5.21106 1.44812 7 29 0.184619 0.386078 
-5.40598 0.152698 7 30 0.129649 0.131844 
-2.84657 -0.836733 7 31 0.688522 -0.143287 
-5.875 -0.508694 7 36 0.0517051 0.012935 
-4.02466 -0.174699 7 39 0.378271 0.0598231 
-3.22548 0.288125 7 40 0.5997 0.17584 
-5.59816 -0.619665 7 42 0.0876128 -0.0111316 
-3.26615 1.27581 7 43 0.615432 0.44027 
-6.33365 0.109205 7 44 0.00428441 0.122472 
-6.25916 0.145289 7 48 0.0138387 0.128696 
-7 -0.503339 4.01391 52 -0.608176 0.0760887 
-7 -0.64261 4.44771 54 -0.503489 0.0357898 
-7 0.78654 5.75191 68 -0.229405 0.276557 
-7 -0.100249 4.19611 69 -0.553698 0.162885 
-7 -0.527577 4.46053 71 -0.498423 0.0604767 
-7 -0.14175 5.47309 72 -0.290622 0.114646 
-7 1.61955 6.53315 73 -0.104573 0.382685 
-7 0.883221 6.2108 82 -0.159442 0.273581 
-7 1.46933 5.82185 93 -0.207347 0.397081 
-7 -0.576654 5.65743 96 -0.26688 0.0304802 
