1.50492 8.95177 -1.01173 5 0.581954 -0.333269 
2.56137 9.56171 -1.26435 9 0.373816 -0.355909 
1.53151 8.96712 0.925447 27 0.475699 0.0731602 
1.89409 9.17646 -0.898766 30 0.486427 -0.300693 
1.20489 8.77855 1.35968 34 0.53335 0.177054 
1.0009 8.66077 1.01151 39 0.604915 0.121346 
1.35417 8.86473 -1.19204 41 0.628969 -0.375807 
2.2299 9.37034 -1.63427 48 0.445723 -0.434669 
1.11916 8.72905 0.11871 59 0.621254 -0.0834831 
2.502 9.52743 1.21213 60 0.296588 0.0703629 
0.976565 8.64672 0.659001 63 0.631056 0.0451525 
2.48091 9.51526 -1.52748 64 0.400802 -0.406997 
1.84359 9.1473 -0.734752 70 0.487072 -0.27105 
2.0992 9.29488 1.12901 72 0.363228 0.0795563 
2.43447 9.48845 -1.27169 74 0.396464 -0.357762 
0.772201 8.52873 0.816256 76 0.681591 0.0938951 
2.20527 9.35612 0.861552 89 0.355564 0.0226791 
1.53832 8.97105 -0.336704 110 0.537013 -0.185818 
1.39446 8.888 1.03195 114 0.505715 0.0990521 
1.29458 8.83033 1.97538 118 0.484957 0.296481 
1.68572 9.05615 0.970133 121 0.444337 0.0687147 
1.04442 8.6859 0.452906 133 0.618967 -0.00291864 
2.0713 9.27877 -0.869126 143 0.450045 -0.293685 
2.40916 9.47383 1.43867 146 0.303207 0.110965 
2.34296 9.43561 0.313575 151 0.352934 -0.0733576 
1.8128 9.12952 -1.61907 155 0.536068 -0.450085 
1.66029 9.04147 -0.791988 162 0.531848 -0.282135 
1.18573 8.76749 -1.30616 163 0.679908 -0.404536 
0.840218 8.568 1.74362 168 0.606238 0.296372 
0.817645 8.55497 1.17423 181 0.648937 0.173401 
1.11154 8.72465 -0.22035 188 0.638918 -0.160202 
1.63059 9.02433 -0.54542 202 0.531984 -0.231883 
1.50761 8.95332 1.78202 225 0.44876 0.239369 
0.843826 8.57009 1.93717 228 0.596562 0.336876 
0.842776 8.56948 1.16326 230 0.640544 0.167272 
2.3848 9.45977 -0.140995 231 0.3666 -0.155325 
1.20088 8.77623 0.396294 235 0.587177 -0.0255716 
2.1672 9.33414 0.137181 241 0.384485 -0.0998221 
2.5324 9.54499 -0.521146 243 0.349576 -0.223675 
2.29158 9.40595 0.467399 249 0.347751 -0.049654 
3.95041 7.15768 -0.115486 754 -0.0966809 -0.268839 
4.55568 6.10933 1.89736 756 -0.458338 0.186103 
4.31954 6.51834 0.440036 760 -0.281546 -0.17135 
2.79672 9.15593 1.45335 762 0.217776 0.103627 
3.65369 7.67162 -0.409443 763 0.0297963 -0.299529 
3.63308 7.70731 -0.253667 767 0.0346132 -0.264377 
4.46197 6.27165 0.273057 769 -0.351524 -0.228939 
4.61126 6.01306 1.59096 770 -0.476988 0.106427 
3.94821 7.16151 -0.305332 771 -0.0907884 -0.311534 
3.17581 8.49933 -0.450529 776 0.188808 -0.261152 
2.96438 8.86554 -0.466828 778 0.248457 -0.249542 
3.01964 8.76982 1.66075 782 0.151565 0.14153 
2.91765 8.94648 -1.66232 783 0.304836 -0.473082 
4.09862 6.90098 -0.651429 789 -0.132101 -0.416633 
3.94393 7.16891 1.20445 790 -0.14234 0.0335325 
2.7584 9.22231 -0.310632 792 0.290151 -0.20373 
3.68413 7.6189 -0.207288 807 0.014265 -0.259845 
2.74211 9.25053 -1.73828 813 0.352409 -0.4641 
3.75485 7.49641 -1.09591 823 0.019665 -0.466951 
3.57856 7.80176 -0.875216 840 0.0757991 -0.395464 
2.75988 9.21974 0.955628 841 0.248842 0.0239575 
4.78716 5.7084 1.97587 843 -0.597797 0.208735 
3.12713 8.58365 0.949699 846 0.145412 0.00625493 
4.15625 6.80116 -0.0422045 847 -0.183138 -0.274884 
3.11682 8.6015 1.29664 853 0.137767 0.0768029 
3.59494 7.77338 0.739111 854 0.0129223 -0.0521955 
3.21408 8.43306 1.15774 858 0.115573 0.0469918 
3.27878 8.32099 -1.03834 860 0.182701 -0.392441 
4.3546 6.4576 0.374594 864 -0.297122 -0.190239 
3.50474 7.92962 1.97827 867 -0.00992549 0.197386 
4.94977 5.42675 -0.328941 868 -0.640639 -0.481983 
2.83011 9.0981 -0.827008 869 0.294268 -0.30368 
3.62176 7.72692 0.659348 870 0.00270474 -0.0746131 
4.25903 6.62315 1.93355 875 -0.307173 0.19329 
2.74336 9.24836 0.533191 877 0.265654 -0.0500607 
4.79043 5.70272 0.841803 884 -0.565304 -0.105921 
3.47475 7.98155 1.30736 888 0.0311347 0.0670672 
3.96207 7.13749 -0.131759 891 -0.0978298 -0.277965 
3.79506 7.42677 -1.15471 899 0.00475585 -0.490993 
4.70431 5.85189 0.465414 910 -0.499025 -0.201055 
4.24347 6.65009 0.760465 912 -0.25801 -0.0810312 
3.15471 8.53588 -0.806247 915 0.204371 -0.329113 
3.62319 7.72445 -0.430218 916 0.0428696 -0.302409 
3.37491 8.15449 -1.18787 917 0.156448 -0.435028 
3.88292 7.27458 0.732852 918 -0.0974175 -0.0686199 
4.81756 5.65573 0.693441 919 -0.581693 -0.149059 
3.5513 7.84897 1.93783 920 -0.0197841 0.18709 
3.89561 7.2526 -0.984565 922 -0.0353789 -0.466737 
2.665 9.38408 0.586617 924 0.281534 -0.0392036 
3.45706 8.01219 0.602811 925 0.0581469 -0.0707329 
4.92972 5.46147 0.685045 928 -0.65714 -0.161965 
3.20202 8.45395 0.188458 931 0.149274 -0.136779 
2.78152 9.18227 -1.96749 936 0.348551 -0.513288 
4.93218 5.45722 -0.369873 940 -0.625528 -0.491225 
3.59191 7.77864 1.36064 942 -0.0145386 0.0751171 
3.89811 7.24827 1.30532 954 -0.12671 0.0568744 
3.02515 8.76029 0.646829 955 0.189191 -0.0436244 
2.99518 8.81219 -1.02389 956 0.262403 -0.353352 
2.88729 8.99907 -0.922446 958 0.282592 -0.326006 
4.28105 6.58501 -0.348295 969 -0.233056 -0.362848 
2.80084 9.14881 -0.0563065 974 0.272473 -0.155493 
4.30329 6.54648 1.81023 975 -0.322352 0.160087 
4.12313 6.85854 -0.122495 977 -0.168625 -0.290082 
2.74799 9.24035 0.800252 981 0.259838 -0.00048975 
4.40456 6.37107 0.274064 992 -0.323078 -0.225854 
4.26624 6.61065 0.689474 996 -0.266974 -0.102853 
4.40907 6.36327 1.15293 997 -0.35336 0.00127298 
4.63799 5.96676 0.669191 998 -0.467068 -0.14229 
