1.69792 -0.977731 -7 104 565.301 8.009 
5.64257 -0.481715 -7 109 143.286 66.3122 
2.26927 0.767181 -7 111 428.73 247.616 
2.74139 -0.240151 -7 113 395.53 108.991 
4.50714 -1.04124 -7 119 234.864 9.29675 
2.98659 0.138239 -7 123 358.307 153.654 
4.46367 -0.542201 -7 125 230.263 63.5692 
6.6867 0.183154 -7 127 74.7176 120.878 
3.77354 -0.887468 -7 133 298.068 25.3045 
6.08103 -0.977971 -7 134 121.755 19.0256 
3.34213 1.4046 -7 137 295.312 292.88 
0.97797 0.750031 -7 138 629.234 288.082 
4.29646 -0.0380129 -7 139 235.811 118.666 
6.59087 -1.1778 -7 141 94.1502 1.77793 
4.8725 1.3091 -7 142 171.575 245.931 
6.26277 1.2623 -7 143 86.3351 217.127 
1.9715 1.13953 -7 144 458.063 305.531 
1.45576 0.553777 -7 145 552.962 242.015 
7 0.781169 -6.98961 200 52.172 167.628 
