-5.875 -0.508694 7 36 0.691089 -0.347019 
-6.33365 0.109205 7 44 0.578224 -0.220406 
-6.25916 0.145289 7 48 0.589933 -0.213288 
-7 0.21307 2.3409 51 -0.33657 -0.301172 
-7 -0.503339 4.01391 52 0.0493194 -0.417859 
-7 -0.64261 4.44771 54 0.132244 -0.432833 
-7 -0.441068 2.32778 56 -0.336574 -0.478114 
-7 1.81819 2.50338 57 -0.305276 0.085273 
-7 1.50288 1.91462 59 -0.45382 0.0169371 
-7 0.78654 5.75191 68 0.299117 -0.11897 
-7 -0.100249 4.19611 69 0.074844 -0.320907 
-7 -0.527577 4.46053 71 0.131797 -0.406724 
-7 -0.14175 5.47309 72 0.284149 -0.296872 
-7 1.61955 6.53315 73 0.377299 0.0232702 
-7 1.51818 2.67054 81 -0.263951 0.0175385 
-7 0.883221 6.2108 82 0.357039 -0.0988686 
-7 -0.72299 3.2493 84 -0.105257 -0.505473 
-7 1.48523 2.57162 86 -0.286891 0.0104872 
-7 1.20864 2.59145 88 -0.280163 -0.0526708 
-7 1.46933 5.82185 93 0.291286 0.000235619 
-7 -0.576654 5.65743 96 0.322668 -0.377739 
