7.15996 -3.9491 0.231069 501 344.851 254.871 
7.75999 -3.60267 0.808332 502 394.247 302.364 
9.29836 -2.71449 1.94602 503 486.967 364.364 
9.54954 -2.56948 1.62614 504 500.117 338.021 
9.1254 -2.81435 -0.972402 505 486.297 155.368 
8.36902 -3.25105 -1.59632 512 440.628 98.5206 
5.15051 -5.10926 0.655281 515 116.936 330.542 
7.62157 -3.68259 0.309022 516 383.885 262.539 
5.54127 -4.88365 0.584966 517 170.432 314.205 
7.24861 -3.89792 -1.1423 520 353.924 130.172 
9.51565 -2.58904 1.12107 521 502.197 305.071 
6.5432 -4.30518 -1.86519 522 284.162 46.1332 
4.96491 -5.21641 -0.162781 524 83.1361 233.455 
5.3746 -4.97988 1.7937 525 156.059 450.381 
8.29682 -3.29273 -0.961132 526 435.495 150.881 
7.67594 -3.6512 1.18816 529 385.528 332.473 
9.28962 -2.71954 -1.63781 531 498.886 104.46 
5.78814 -4.74112 0.731293 533 205.169 326.022 
7.01301 -4.03394 -0.97463 534 332.392 144.176 
6.50511 -4.32718 -1.71048 538 281.085 62.8921 
7.77252 -3.59544 -0.54676 544 396.292 185.644 
8.80092 -3.00169 1.19755 545 462.709 317.934 
5.8167 -4.72463 -0.692834 547 201.534 168.791 
5.94865 -4.64845 -0.108768 552 220.791 232.977 
5.11501 -5.12975 -1.32998 563 100.237 82.0271 
5.60572 -4.84644 -1.12497 564 173.543 115.241 
8.06725 -3.42528 1.6113 573 413.807 361.914 
4.78434 -5.32066 -1.81187 575 34.8162 8.23341 
7.62174 -3.68249 1.0201 577 383.704 322.23 
5.79079 -4.73959 0.326224 579 201.055 282.399 
6.08574 -4.5693 -0.422393 587 236.8 198.883 
5.95338 -4.64572 1.4698 588 226.504 398.032 
6.59806 -4.27351 1.37278 589 295.892 370.536 
8.43181 -3.2148 -0.531218 590 442.329 187.648 
7.71485 -3.62873 -1.31027 594 391.97 116.036 
5.81744 -4.72421 1.86454 597 213.102 441.052 
8.52047 -3.16361 0.124086 605 446.832 239.525 
4.89471 -5.25694 -0.199595 606 69.5823 227.659 
8.58348 -3.12723 -1.98018 608 454.2 67.3588 
8.21821 -3.33812 0.87683 609 423.924 301.476 
8.95105 -2.91501 -0.0284258 613 473.149 224.306 
8.58134 -3.12847 1.5153 614 447.202 344.388 
5.91431 -4.66828 0.963849 617 219.196 346.426 
7.88394 -3.53111 -1.51631 618 407.469 98.6229 
8.24406 -3.3232 1.57934 624 427.018 355.151 
5.34694 -4.99584 -0.371774 630 140.717 206.315 
8.74387 -3.03463 -1.74637 631 465.023 88.6753 
8.37201 -3.24932 -1.42691 633 439.907 112.146 
7.92744 -3.50599 0.853241 634 404.709 302.841 
7.04767 -4.01393 1.30024 635 335.367 355.093 
5.60109 -4.84911 1.5746 636 183.243 420.644 
6.13888 -4.53862 1.31542 644 247.064 376.87 
6.14497 -4.53511 -1.1835 648 241.339 114.88 
7.74644 -3.6105 0.0375105 649 394.692 234.403 
7.0982 -3.98476 0.68195 653 339.836 297.968 
7.02559 -4.02668 0.448994 659 332.049 277.109 
4.82206 -5.29889 0.859675 662 66.2317 362.936 
4.88586 -5.26205 0.975449 663 79.3648 376.156 
8.5643 -3.13831 0.571234 665 449.309 274.292 
8.78782 -3.00925 1.27741 666 460.805 324.895 
6.55913 -4.29599 -1.18896 667 288.351 119.716 
8.98332 -2.89638 -0.0875092 671 475.885 220.029 
4.78329 -5.32127 0.804293 674 60.8067 356.358 
6.39838 -4.3888 1.60708 675 274.817 397.534 
5.20039 -5.08046 -0.0857982 678 121.143 242.551 
9.50215 -2.59683 -1.80067 679 510.744 94.1109 
8.96859 -2.90489 1.45636 680 470.279 334.121 
9.51544 -2.58916 0.00507541 681 504.712 226.196 
4.99407 -5.19958 0.559179 682 94.0418 321.244 
8.52145 -3.16304 1.28747 684 444.246 327.558 
5.70419 -4.78959 -0.684915 686 187.649 170.119 
6.4204 -4.37608 -1.66156 687 270.677 66.2909 
7.92479 -3.50752 1.32245 688 405.225 340.658 
8.15199 -3.37635 -0.280505 689 424.41 208.237 
8.26763 -3.30959 0.733282 692 430.224 289.67 
5.39876 -4.96593 1.88504 697 157.422 459.307 
4.82073 -5.29965 -1.08631 698 50.2764 111.841 
8.01947 -3.45286 0.702216 699 411.919 287.545 
5.29956 -5.0232 -0.579862 701 132.056 181.562 
7.30395 -3.86597 1.05537 703 356.199 327.942 
6.39348 -4.39163 0.914159 705 273.245 332.279 
7.22497 -3.91156 0.961317 706 349.782 322.069 
5.49777 -4.90876 0.072566 709 164.28 258.293 
7.66579 -3.65706 -1.9146 710 389.573 61.0251 
6.01108 -4.6124 1.08959 711 232.81 357.106 
8.16644 -3.36801 1.19775 712 421.803 325.844 
8.51548 -3.16649 1.61138 714 444.99 353.177 
6.54292 -4.30535 -1.87458 720 283.952 46.2448 
5.45807 -4.93168 0.702726 724 160.04 328.63 
6.58729 -4.27973 1.46929 725 294.067 379.664 
9.11375 -2.82108 -0.331225 726 483.856 203.36 
5.30402 -5.02063 -1.37929 729 128.401 80.1012 
7.50171 -3.75179 -1.28329 731 375.632 119.132 
7.13639 -3.96271 -0.718485 732 341.672 170.464 
5.1391 -5.11584 0.224599 734 111.608 280.37 
6.09889 -4.56171 1.10908 735 241.253 358.251 
9.21579 -2.76217 -1.66979 736 492.286 98.4682 
9.10626 -2.8254 1.29642 737 480.624 321.905 
7.25901 -3.89191 -1.70188 738 354.834 75.4535 
4.48121 -5.49568 0.424736 739 2.19483 318.866 
6.72719 -4.19896 0.433244 741 305.396 280.571 
8.61615 -3.10837 -1.12108 742 456.917 138.912 
5.33057 -5.0053 -0.178382 743 139.097 229.726 
8.54451 -3.14973 -0.0560757 747 447.545 224.797 
7.49302 -3.75681 0.49302 748 374.913 277.667 
9.02166 -1.62597 0.310692 751 584.559 258.377 
8.84921 -1.32728 1.80752 757 605.888 386.542 
9.23701 -1.99898 0.725578 758 549.02 286.044 
9.27207 -2.0597 -0.388348 784 547.503 198.06 
8.79364 -1.23104 1.71911 805 618.653 383.148 
8.79838 -1.23924 -0.076131 817 627.814 227.027 
8.9917 -1.57408 -0.263508 820 592.513 208.804 
9.26539 -2.04812 -1.79237 829 554.084 84.2034 
9.00086 -1.58994 1.58986 834 581.785 358.73 
8.81824 -1.27364 -0.967993 842 629.116 147.569 
9.4474 -2.36338 -1.09642 844 526.331 143.842 
8.83929 -1.31011 1.12568 849 612.656 329.648 
8.79205 -1.22828 1.24024 880 619.173 340.574 
9.26617 -2.04948 1.18971 881 543.469 317.12 
8.75985 -1.1725 0.775444 893 630.119 300.714 
9.19568 -1.92739 0.768329 913 555.151 288.19 
8.84897 -1.32687 1.20156 929 609.265 335.108 
8.99498 -1.57975 1.82216 934 582.192 377.142 
8.81557 -1.26902 -1.19832 944 629.197 126.209 
8.73736 -1.13355 1.94259 946 625.574 403.497 
9.40671 -2.2929 1.01021 963 524.616 299.446 
9.36968 -2.22876 1.49865 979 530.016 336.132 
9.47971 -2.41934 0.180696 982 515.712 240.714 
9.45187 -2.37112 -1.5872 989 526.15 105.51 
8.99905 -1.58682 1.73484 994 581.093 370.57 
8.82589 -1.28688 1.75285 1000 611.153 380.873 
