-8.26463 0.314754 1.16404 251 70.6802 375.954 
-7.46287 -1.07392 -1.59589 252 213.042 105.471 
-8.41737 0.579321 1.27562 256 46.0627 383.448 
-7.4714 -1.05915 0.355818 260 207.931 306.953 
-6.64917 -2.4833 -0.440182 261 378.644 228.954 
-7.14741 -1.62032 1.76556 264 264.888 465.061 
-8.62862 0.94521 0.119044 265 20.0557 276.084 
-6.94006 -1.97946 1.55981 271 311.851 446.368 
-5.67473 -4.17108 -1.85136 273 639.884 44.3384 
-6.17442 -3.3056 1.44019 275 492.428 460.814 
-6.35803 -2.98756 0.146678 278 448.054 298.093 
-6.14897 -3.34967 0.179673 281 501.871 305.564 
-6.80803 -2.20814 1.05615 282 341.701 395.526 
-6.90676 -2.03715 -0.996423 283 323.245 163.272 
-8.62523 0.939344 -1.18054 287 21.6714 155.403 
-8.12164 0.0670859 0.804812 290 94.6818 342.978 
-6.95343 -1.95631 1.29159 291 309.319 417.425 
-6.93825 -1.9826 -0.53082 295 316.494 216.671 
-6.74023 -2.32557 -0.914689 296 360.441 172.104 
-8.26682 0.318554 -1.13985 297 76.3066 158.037 
-6.06852 -3.48901 -1.9959 298 529.252 34.9045 
-8.648 0.978768 1.29878 299 14.181 380.778 
-7.01036 -1.8577 1.45833 300 295.495 436.172 
-7.95776 -0.216756 -0.267516 301 125.344 242.392 
-8.24121 0.274194 1.30161 302 76.0285 387.986 
-6.1528 -3.34303 -1.89329 303 504.235 50.6446 
-7.19832 -1.53215 -0.65154 305 263.709 201.687 
-7.50388 -1.00291 -1.74177 307 204.774 92.2484 
-7.75587 -0.566441 -1.28568 308 161.343 139.421 
-6.04128 -3.53619 -1.20014 309 534.001 134.634 
-6.64642 -2.48807 1.41126 310 376.66 439.591 
-8.641 0.966654 -0.16123 311 18.7755 246.475 
-6.53509 -2.68089 -1.87527 314 411.228 60.783 
-7.11395 -1.67828 -0.473701 317 278.11 222.857 
-6.44508 -2.83679 -1.6951 321 430.804 80.7411 
-7.51344 -0.986333 -0.814325 323 202.403 186.148 
-7.53876 -0.942491 0.491179 328 194.398 320.367 
-5.70343 -4.12137 0.704539 329 625.818 379.497 
-7.72464 -0.62053 -0.0248013 332 163.065 265.425 
-7.68847 -0.683171 1.35649 337 165.855 406.504 
-7.95987 -0.213096 0.306596 339 119.764 297.238 
-8.52917 0.772963 -1.76171 342 37.8211 103.613 
-6.83154 -2.16742 0.486301 345 336.431 332.591 
-7.96405 -0.205854 1.31542 346 119.632 395.262 
-8.12381 0.0708475 -1.49958 347 101.4 122.664 
-8.00123 -0.141456 -0.325795 349 116.389 234.822 
-7.28977 -1.37375 -1.87683 352 246.565 75.752 
-7.45408 -1.08915 -1.1234 354 213.495 153.647 
-7.13206 -1.6469 0.386525 358 275.143 315.191 
-7.24008 -1.45982 0.239176 360 250.823 296.446 
-8.26227 0.31067 0.618929 366 71.4547 323.333 
-6.57086 -2.61894 0.112404 367 396.909 290.335 
-6.73207 -2.33972 -0.455992 369 360.508 225.141 
-6.90193 -2.0455 0.150108 371 323.442 292.126 
-7.92892 -0.2667 1.10434 372 125.261 375.586 
-6.32726 -3.04087 -1.31425 373 460.754 122.703 
-8.43087 0.60269 -0.733047 375 50.8978 196.611 
-8.19099 0.187209 -1.2445 378 87.6449 146.698 
-7.6338 -0.777869 -0.0587155 380 177.315 262.832 
-6.69448 -2.40482 0.483031 384 368.521 330.744 
-5.96156 -3.67428 1.39164 385 549.809 460.825 
-8.12127 0.0664484 1.25361 388 94.9015 386.834 
-6.74479 -2.31769 0.740399 393 356.895 362.574 
-7.37732 -1.22211 -1.65372 397 228.787 97.5268 
-8.52092 0.758672 -1.7528 399 38.7111 104.639 
-6.97577 -1.91761 -0.4901 401 306.466 219.238 
-7.81782 -0.459131 0.076778 403 147.315 275.477 
-7.52277 -0.970174 1.1088 406 196.241 385.102 
-6.46686 -2.79907 -0.256321 409 423.167 250.929 
-7.63883 -0.769162 -0.119058 410 178.765 256.703 
-6.97717 -1.91519 1.81959 414 301.842 477.335 
-7.3798 -1.21781 -1.93698 415 230.031 69.6763 
-8.21371 0.226557 -0.790225 417 84.5272 190.818 
-7.84199 -0.417283 -1.30465 420 144.609 140.604 
-5.68549 -4.15243 -1.43883 421 637.788 97.8107 
-7.91669 -0.287895 -0.0147918 423 128.911 266.648 
-6.09064 -3.4507 -1.01841 424 520.749 157.762 
-6.00176 -3.60464 0.426871 430 540.045 338.473 
-5.71018 -4.10968 -1.61545 434 629.596 75.5851 
-6.84225 -2.14887 1.74644 436 331.581 472.371 
-8.05966 -0.0402563 -0.2345 439 107.776 245.596 
-6.44049 -2.84475 -0.804824 441 430.388 184.057 
-6.48803 -2.7624 0.108587 442 416.454 292.037 
-5.69392 -4.13784 -0.92901 443 632.049 163.68 
-6.23335 -3.20352 -1.64394 444 482.216 83.7785 
-7.28007 -1.39054 -0.1606 450 245.396 253.764 
-6.50928 -2.7256 -0.0902829 452 411.25 267.741 
-8.18295 0.173293 -0.148578 455 87.1721 251.126 
-8.15687 0.12812 0.541817 457 89.5868 316.685 
-6.03331 -3.55 -0.591601 458 533.59 210.421 
-7.48055 -1.0433 0.202815 459 205.004 291.418 
-8.06618 -0.0289635 1.04644 461 102.857 367.079 
-6.65278 -2.47704 -0.576839 463 379.144 213.042 
-8.66593 1.00983 0.45259 465 14.5182 303.539 
-5.68074 -4.16068 0.111245 466 634.359 303.788 
-7.42117 -1.14615 0.204588 467 217.277 290.934 
-5.94183 -3.70845 -0.699449 468 558.382 196.861 
-5.88723 -3.80302 -0.421933 473 574.899 232.406 
-7.72533 -0.619337 0.904189 476 159.694 360.59 
-7.83655 -0.426699 0.919261 479 139.529 359.907 
-7.18002 -1.56384 -1.73226 481 267.745 87.4622 
-7.03065 -1.82256 -1.92608 482 298.035 64.5934 
-6.7498 -2.309 -0.746357 485 358.285 193.59 
-8.11594 0.0572182 0.887934 486 95.1752 353.162 
-5.72951 -4.0762 -0.498216 489 620.152 222.601 
