-3.11304 -8.60806 -1.9166 254 89.1814 9.34239 
-2.75039 -9.23619 0.329719 263 124.339 230.453 
-3.07463 -8.67459 -1.54793 266 92.0514 47.1488 
-2.57499 -9.53998 1.60069 268 136.738 330.708 
-2.72709 -9.27655 -1.48729 269 150.982 75.4574 
-3.32874 -8.23445 -1.42324 285 38.7305 42.3352 
-3.04378 -8.72802 1.54345 294 59.7564 339.656 
-3.22332 -8.41705 1.89644 304 20.2255 376.183 
-3.32508 -8.2408 -1.51403 315 40.6969 31.3809 
-3.09129 -8.64573 1.79249 320 49.0419 363.342 
-3.06428 -8.69251 -0.666718 324 82.881 131.902 
-2.64072 -9.42615 1.95256 355 124.636 359.595 
-3.10287 -8.62567 -0.357131 361 72.2477 160.662 
-3.32955 -8.23305 -1.41411 368 39.3939 40.4596 
-2.62582 -9.45194 -1.96759 374 169.545 42.3038 
-3.02092 -8.76762 -1.67324 386 103.543 40.5475 
-3.14704 -8.54917 1.54174 390 40.1328 340.18 
-2.75281 -9.23199 0.225616 395 126.194 222.254 
-3.18967 -8.47533 1.85927 400 27.4068 370.74 
-3.33676 -8.22056 -0.399899 404 23.2627 146.474 
-3.20418 -8.4502 0.757211 405 38.5751 266.929 
-3.05904 -8.70159 0.925619 412 62.428 282.324 
-2.74941 -9.23788 0.292754 416 124.01 227.565 
-3.28794 -8.30512 -0.582867 425 36.0198 130.397 
-2.88356 -9.00553 1.61269 428 88.2332 339.067 
-2.84073 -9.07972 -1.27039 435 130.053 87.5809 
-2.97704 -8.84361 -0.559065 449 97.6702 146.337 
-3.13049 -8.57784 0.930095 453 51.115 283.976 
-2.83311 -9.09292 -0.904736 454 125.27 122.706 
-3.07985 -8.66554 0.939564 456 62.0329 283.818 
-2.82678 -9.10387 0.818773 460 107.306 272.037 
-2.94605 -8.89729 1.87197 478 74.5901 363.253 
-2.61113 -9.47739 -1.5069 492 166.965 81.2932 
-0.751588 -8.51683 0.0534651 508 287.451 237.826 
-0.489466 -8.3655 1.99316 509 278.607 437.493 
0.697982 -7.67992 -1.90184 511 499.023 25.4106 
-0.577812 -8.4165 -1.88021 514 335.903 41.5538 
1.01972 -7.49417 -0.323822 518 508.082 237.64 
1.55304 -7.18626 -0.142317 519 599.186 277.893 
0.57886 -7.7487 0.424617 532 425.841 315.99 
-1.33469 -8.85349 -0.250941 535 241.955 202.295 
-0.805849 -8.54816 -1.1322 539 301.507 120.366 
-1.55768 -8.98223 1.00965 540 208.109 310.915 
-0.942173 -8.62687 -1.81306 542 299.777 49.5942 
-2.54087 -9.54988 -1.96382 546 180.321 47.233 
-0.435565 -8.33438 0.0499532 548 316.988 245.626 
1.31384 -7.32436 1.35338 549 515.107 472.364 
0.488173 -7.80106 0.703509 550 408.566 343.895 
-2.17518 -9.33875 -0.02102 551 180.08 208.451 
-1.37853 -8.8788 -0.140968 554 237.122 208.579 
-0.337383 -8.27769 -1.23289 555 349.966 109.648 
0.766945 -7.64011 0.115194 558 460.706 285.681 
0.990941 -7.51078 -1.55331 559 536.12 70.4373 
-1.35618 -8.8659 -1.86663 561 261.679 46.4785 
-0.751362 -8.5167 -0.54808 562 296.088 178.696 
0.285019 -7.91835 -1.67271 565 435.232 58.6077 
-2.39776 -9.46725 -1.50147 566 183.51 82.1049 
-0.453946 -8.34499 1.0501 568 299.404 346.402 
1.27527 -7.34662 -0.861902 571 570.578 168.165 
-0.48463 -8.36271 0.158388 572 312.897 256.697 
-1.19047 -8.77022 1.45663 578 227.851 359.961 
-0.0029851 -8.08463 -0.961949 580 384.145 141.48 
1.33215 -7.31379 -0.490916 582 568.653 222.775 
-0.413276 -8.32151 0.783569 583 306.957 320.012 
-1.13416 -8.73771 1.81808 584 228.034 395.705 
-2.13398 -9.31496 -0.61668 585 189.321 160.177 
-1.80668 -9.12599 1.44164 586 185.897 339.781 
0.848258 -7.59316 -0.946016 591 500.349 151.016 
1.26618 -7.35187 -0.159086 592 547.334 266.819 
-0.665112 -8.46691 -0.0591155 593 295.714 229.972 
0.587659 -7.74362 -1.86164 595 481.319 31.5049 
-1.05884 -8.69422 -0.500411 598 269.996 179.845 
-1.85453 -9.15362 1.00414 599 186.846 301.977 
-0.29479 -8.2531 -0.936867 601 348.799 142.411 
-1.02236 -8.67316 1.83715 602 235.694 400.856 
-0.918376 -8.61313 -1.76208 603 299.96 54.0017 
-0.41102 -8.32021 0.556759 610 310.071 298.037 
-2.0658 -9.2756 0.128408 612 184.438 222.41 
-2.28434 -9.40177 0.767727 616 163.309 271.455 
-1.43619 -8.91209 -1.99412 619 258.317 34.8849 
0.337754 -7.8879 -1.59112 620 439.596 69.2023 
-0.478158 -8.35897 -0.638973 621 324.623 173.671 
-1.39269 -8.88697 -0.919729 622 246.378 138.18 
-1.85496 -9.15386 1.85126 623 176.823 370.93 
-2.10532 -9.29841 0.971801 625 173.008 292.933 
-0.802806 -8.5464 1.53266 628 257.039 381.316 
-0.197251 -8.19679 0.70261 629 329.532 319.393 
0.695133 -7.68157 0.336635 637 444.441 310.525 
-1.41788 -8.90152 -1.16565 639 247.683 115.399 
-0.795119 -8.54197 -0.566815 642 293.552 175.964 
-1.37552 -8.87706 0.232198 643 231.706 245.212 
-1.56414 -8.98596 -0.787846 645 230.55 148.889 
-0.814491 -8.55315 0.400562 646 275.406 270.054 
-0.0537926 -8.11396 -0.334741 647 365.287 212.35 
0.479792 -7.8059 1.79524 652 384.083 471.402 
1.77898 -7.05581 0.424263 655 628.081 373.107 
0.279953 -7.92127 1.12217 656 375.007 385.176 
-0.574829 -8.41478 0.349602 657 297.1 273.921 
0.172776 -7.98315 1.03516 658 363.748 370.803 
-1.00763 -8.66466 -0.50403 660 270.959 181.854 
1.12851 -7.43136 0.338853 661 511.701 329.06 
-0.613939 -8.43736 -0.547652 664 310.111 180.229 
-0.867771 -8.58391 0.768917 668 265.078 306.289 
-0.769826 -8.52736 1.76192 670 256.788 406.106 
-0.250485 -8.22752 -1.46169 672 363.788 86.9571 
-1.48552 -8.94057 0.517606 676 220.185 268.049 
-1.10245 -8.71941 -0.567007 677 264.24 171.629 
0.0842166 -8.03428 0.452304 685 365.118 303.151 
1.16029 -7.41301 -1.93088 690 577.926 14.3974 
1.43203 -7.25612 -1.20582 693 608.779 120.72 
0.676712 -7.6922 0.794688 695 432.718 366.016 
0.242541 -7.94287 -1.30659 700 420.797 103.852 
0.735422 -7.65831 -0.141939 702 461.239 253.551 
-0.0286901 -8.09947 1.01989 704 343.272 360.574 
-2.31293 -9.41827 1.81431 707 150.515 354.826 
1.12928 -7.43091 0.660268 716 501.386 370.929 
0.300349 -7.9095 -1.99348 717 442.313 19.3897 
-0.939569 -8.62536 -0.32294 718 274.182 199.365 
-1.908 -9.18449 1.52916 719 178.257 344.25 
1.34298 -7.30754 -1.15975 722 589.151 125.735 
-0.734402 -8.50691 1.2467 730 269.897 356.942 
-0.562661 -8.40776 1.95132 740 272.674 429.691 
-0.329699 -8.27326 1.956 745 296.64 443.603 
-1.49578 -8.94649 0.981389 746 211.876 307.469 
-0.0589625 -8.11695 -0.531896 750 369.18 190.635 
