-7 -0.29883 -1.326 55 570.269 154.355 
-7 0.46862 -2.98529 58 375.022 240.995 
-7 -1.05185 -1.49538 60 550.943 58.3982 
-7 -1.03485 -3.75523 61 295.88 89.7287 
-7 -0.184126 -2.39523 62 435.611 172.465 
-7 0.0943094 -5.21035 64 190.652 203.369 
-7 1.11392 -6.02536 65 148.287 282.66 
-7 0.886694 -5.35798 67 187.846 268.439 
-7 1.34911 -4.82912 74 227.537 308.76 
-7 0.577231 -1.47952 76 544.54 259.127 
-7 0.694743 -5.33965 78 187.351 253.072 
-7 1.12101 -6.65735 79 112.403 279.895 
-7 0.821262 -3.48263 80 330.173 272.559 
-7 -1.84392 -6.0007 85 118.308 36.4499 
-7 1.69039 -1.92004 89 487.571 371.814 
-7 -0.295975 -5.19552 90 188.089 169.547 
-7 1.40697 -4.3308 91 264.215 317.604 
-7 0.592834 -6.66606 94 106.365 241.18 
-7 -1.56958 -3.12031 95 354.329 21.4909 
-7 -1.20087 -3.87679 97 283.947 73.5553 
-7 1.52805 -2.92335 98 383.828 342.604 
-7 -0.609874 -5.90804 100 137.979 144.946 
-6.22725 1.4028 -7 110 44.4484 317.32 
-6.20015 -0.954561 -7 122 7.26526 119.666 
-6.2831 -0.370457 -7 140 23.5953 171.535 
-6.46998 0.52855 -7 150 51.097 243.711 
