7 -1.49784 0.349314 151 -0.415938 -0.463918 
7 -0.0623122 -3.31422 152 0.470484 -0.0570701 
7 0.36994 -1.65205 155 0.0990483 0.0397788 
7 0.947338 -0.351981 158 -0.213391 0.177161 
7 0.343459 -2.54532 160 0.298648 0.033319 
7 -0.647617 -0.188366 161 -0.259746 -0.218362 
7 1.08732 -1.94397 162 0.156195 0.199167 
7 0.863395 -4.44339 163 0.668104 0.140207 
7 -0.724268 -3.10497 165 0.442309 -0.211967 
7 0.725336 0.960833 171 -0.557207 0.13061 
7 1.97211 0.0439567 176 -0.306795 0.40965 
7 1.44234 0.716532 178 -0.481188 0.29974 
7 -0.518283 -3.0968 179 0.435588 -0.163139 
7 0.741437 -4.00824 180 0.588712 0.116644 
7 -0.443496 -0.586995 184 -0.154924 -0.161702 
7 -1.20096 -0.713027 185 -0.121033 -0.361144 
7 -0.746732 -0.782938 186 -0.104055 -0.238736 
7 0.0865561 -4.29161 189 0.66274 -0.0221958 
7 -1.56385 -0.742436 193 -0.112351 -0.461372 
7 -1.07027 0.309808 197 -0.399939 -0.340111 
7 1.83558 -1.14915 198 -0.0273253 0.365535 
