-3.17768 1.79522 -7 101 484.933 393.616 
-4.55559 -0.250499 -7 105 632.008 150.122 
-2.11042 -0.0563179 -7 106 370.017 164.689 
-0.235026 1.16667 -7 114 93.7903 349.15 
-0.0787955 1.33173 -7 116 67.7964 376.42 
-1.66978 1.93068 -7 118 309.233 433.218 
-3.56835 0.827876 -7 121 530.552 276.841 
-2.10211 -0.684594 -7 129 370.776 75.7391 
-3.11373 -0.303232 -7 130 489.98 136.45 
-1.59533 0.795126 -7 132 300.459 283.017 
-3.58737 1.4874 -7 135 528.173 353.457 
-0.615215 -0.161545 -7 146 151.568 141.288 
