-3.17768 1.79522 -7 101 0.617321 0.19693 
0.794442 1.97164 -7 103 -0.565335 0.471137 
-2.11042 -0.0563179 -7 106 0.297207 -0.308808 
-0.235026 1.16667 -7 114 -0.245939 0.151135 
-0.0787955 1.33173 -7 116 -0.291206 0.212279 
-1.66978 1.93068 -7 118 0.223158 0.308425 
0.474792 -0.485198 -7 124 -0.592098 -0.395865 
-2.10211 -0.684594 -7 129 0.278415 -0.512427 
-3.11373 -0.303232 -7 130 0.569697 -0.407054 
-1.59533 0.795126 -7 132 0.169764 -0.0260145 
-0.615215 -0.161545 -7 146 -0.176338 -0.306224 
