-7 -1.03485 -3.75523 61 617.758 101.649 
-7 0.0943094 -5.21035 64 474.041 236.032 
-7 1.11392 -6.02536 65 415.348 323.688 
-7 0.886694 -5.35798 67 465.029 306.806 
-7 1.34911 -4.82912 74 514.256 353.151 
-7 0.694743 -5.33965 78 465.76 289.758 
-7 1.12101 -6.65735 79 374.607 321.46 
-7 -1.84392 -6.0007 85 408.315 89.2717 
-7 -0.295975 -5.19552 90 473.646 201.409 
-7 1.40697 -4.3308 91 566.47 364.551 
-7 0.592834 -6.66606 94 372.879 281.46 
-7 -1.20087 -3.87679 97 601.456 88.0841 
-7 -0.609874 -5.90804 100 418.229 183.718 
-3.17768 1.79522 -7 101 37.2789 448.859 
-5.46333 -1.29075 -7 102 264.655 124.729 
-4.55559 -0.250499 -7 105 195.875 204.771 
-5.09885 0.316864 -7 107 240.221 260.613 
-6.22725 1.4028 -7 110 315.391 347.965 
-5.05591 -0.451909 -7 117 236.442 190.957 
-3.56835 0.827876 -7 121 92.3837 319.056 
-6.20015 -0.954561 -7 122 310.115 162.638 
-3.11373 -0.303232 -7 130 34.9869 181.388 
-3.58737 1.4874 -7 135 93.4517 397.64 
-6.2831 -0.370457 -7 140 315.63 208.132 
-5.05277 -1.83336 -7 148 235.299 69.7601 
-6.46998 0.52855 -7 150 327.236 277.662 
