6.30632 -1.54879 -7 115 0.564314 -0.204216 
6.6867 0.183154 -7 127 0.543497 0.102026 
6.46481 -1.88245 -7 128 0.532382 -0.248059 
6.08103 -0.977971 -7 134 0.61616 -0.119466 
6.59087 -1.1778 -7 141 0.528526 -0.128233 
6.26277 1.2623 -7 143 0.642989 0.301713 
6.4687 -1.97232 -7 149 0.52989 -0.261974 
7 -0.0623122 -3.31422 152 -0.0711925 0.0578379 
7 0.36994 -1.65205 155 -0.476029 0.164517 
7 -1.59791 -6.35011 157 0.387447 -0.185089 
7 1.75895 -5.06184 159 0.264688 0.42388 
7 0.343459 -2.54532 160 -0.240368 0.151489 
7 1.08732 -1.94397 162 -0.399644 0.352209 
7 0.863395 -4.44339 163 0.149285 0.248615 
7 -0.724268 -3.10497 165 -0.117301 -0.0854602 
7 -0.863938 -6.09367 166 0.367791 -0.0712417 
7 1.33843 -4.95324 172 0.240676 0.338713 
7 0.759759 -5.08223 173 0.252039 0.219938 
7 -0.518283 -3.0968 179 -0.118229 -0.0419093 
7 0.741437 -4.00824 180 0.0701742 0.228308 
7 -0.563655 -4.89557 181 0.20419 -0.0316356 
7 0.831841 -5.58946 182 0.328573 0.228485 
7 1.69172 -5.79597 183 0.373362 0.391314 
7 0.0865561 -4.29161 189 0.113745 0.0902444 
7 -1.97934 -4.46413 190 0.119635 -0.292719 
7 0.781169 -6.98961 200 0.507926 0.206253 
