-1.97014 0.361326 7 3 336.677 305.538 
-2.93389 0.906698 7 9 215.109 362.678 
-2.14837 -1.21575 7 10 330.051 95.276 
-0.578608 0.00250695 7 11 551.327 270.49 
-0.39693 -1.00404 7 12 590.608 113.283 
-4.80195 0.41523 7 21 46.7546 280.935 
-3.28746 -0.347612 7 22 192.327 204.198 
-5.37012 0.037908 7 24 8.14851 237.591 
-5.21106 1.44812 7 29 2.11983 386.436 
-5.40598 0.152698 7 30 4.11866 249.058 
-2.84657 -0.836733 7 31 244.435 145.642 
-3.76175 1.7333 7 32 120.621 448.46 
-2.21352 -0.0799941 7 33 310.229 243.262 
-4.02466 -0.174699 7 39 119.729 221.372 
-3.22548 0.288125 7 40 191.321 281.227 
-3.26615 1.27581 7 43 175.363 403.049 
-2.70348 -0.732172 7 47 259.211 158.258 
