-4.57399 -6.07762 1.59563 258 0.254491 0.455299 
-5.66157 -4.19387 -0.652214 270 -0.342812 -0.0756606 
-4.57341 -6.07862 1.60241 272 0.252001 0.459444 
-5.67473 -4.17108 -1.85136 273 -0.372161 -0.413829 
-5.23237 -4.93727 0.70564 274 -0.0780121 0.2753 
-3.88769 -7.26632 -1.50954 277 0.515535 -0.305333 
-4.24528 -6.64697 0.694015 279 0.389727 0.211977 
-5.01096 -5.32075 -0.777348 280 0.0156955 -0.122386 
-6.14897 -3.34967 0.179673 281 -0.62924 0.187416 
-3.49888 -7.93976 0.772929 286 0.68772 0.201108 
-5.29575 -4.82749 -1.96199 288 -0.149404 -0.436345 
-4.95189 -5.42307 -0.262658 289 0.0514514 0.0123858 
-4.9932 -5.35153 -1.23628 292 0.0176748 -0.241357 
-6.06852 -3.48901 -1.9959 298 -0.622912 -0.465825 
-6.1528 -3.34303 -1.89329 303 -0.672494 -0.434615 
-3.93868 -7.178 -1.57121 306 0.499813 -0.327651 
-6.04128 -3.53619 -1.20014 309 -0.589366 -0.2277 
-5.13363 -5.10828 -1.10309 312 -0.0516468 -0.204221 
-3.63057 -7.71167 -1.43695 316 0.6171 -0.292652 
-4.92427 -5.47091 0.898447 318 0.0823567 0.307227 
-4.81248 -5.66455 -1.64507 319 0.101763 -0.346799 
-4.10365 -6.89227 -1.45523 322 0.427954 -0.293118 
-4.30377 -6.54565 0.385968 326 0.361353 0.147006 
-5.23373 -4.93491 -1.84234 327 -0.119288 -0.405189 
-5.70343 -4.12137 0.704539 329 -0.345967 0.309073 
-4.07384 -6.9439 0.0649336 330 0.4523 0.058883 
-4.85494 -5.591 -1.94807 331 0.0739188 -0.42838 
-3.49997 -7.93787 0.446165 333 0.682319 0.128439 
-5.49704 -4.47884 -1.16972 335 -0.257468 -0.221947 
-4.50583 -6.19567 0.376914 336 0.271051 0.155488 
-4.09708 -6.90364 0.281542 338 0.44513 0.113269 
-3.77569 -7.46032 0.825581 340 0.57729 0.226941 
-4.16753 -6.78163 0.981089 341 0.42392 0.279678 
-5.29142 -4.83499 -0.290764 343 -0.124807 0.0168215 
-4.78378 -5.71426 0.966713 344 0.15051 0.312933 
-4.31667 -6.52331 1.57757 348 0.368405 0.431311 
-3.62005 -7.72989 0.845456 350 0.640506 0.218973 
-5.42884 -4.59697 1.28117 351 -0.172757 0.445811 
-4.2793 -6.58803 -1.32765 353 0.35248 -0.269339 
-5.36533 -4.70697 -0.794508 356 -0.172194 -0.11567 
-4.93982 -5.44397 -1.05261 362 0.0449577 -0.193422 
-4.34584 -6.47278 1.58859 363 0.349305 0.433579 
-3.98712 -7.09411 0.170839 364 0.492006 0.085472 
-4.44212 -6.30602 -1.20213 365 0.283151 -0.23446 
-5.20485 -4.98493 0.860305 376 -0.0634383 0.308509 
-5.40008 -4.64678 -1.78435 379 -0.211084 -0.394698 
-5.0994 -5.16757 -0.624233 381 -0.0306948 -0.0779431 
-3.72571 -7.54688 0.335972 382 0.591573 0.109508 
-5.96156 -3.67428 1.39164 385 -0.481271 0.521237 
-4.55591 -6.10892 1.47438 387 0.262926 0.42126 
-5.24676 -4.91235 0.215207 389 -0.0926011 0.151784 
-4.97755 -5.37862 1.00983 392 0.0524022 0.335204 
-4.85021 -5.5992 -1.40794 394 0.0867919 -0.288183 
-5.6307 -4.24734 -0.845678 398 -0.327707 -0.13124 
-4.67743 -5.89845 0.0191106 408 0.184877 0.0755466 
-4.7162 -5.8313 -1.22464 411 0.15254 -0.240719 
-4.24744 -6.64321 -1.92173 418 0.364705 -0.414402 
-4.59318 -6.04438 0.332137 419 0.23123 0.147714 
-5.68549 -4.15243 -1.43883 421 -0.366513 -0.29425 
-6.09064 -3.4507 -1.01841 424 -0.617263 -0.172828 
-4.10084 -6.89714 -0.211774 427 0.441552 -0.000871443 
-3.57786 -7.80296 1.13653 429 0.65852 0.285946 
-6.00176 -3.60464 0.426871 430 -0.529569 0.249657 
-4.2527 -6.63411 -0.951124 431 0.370052 -0.179629 
-4.54469 -6.12836 -1.52013 432 0.231795 -0.309317 
-3.71801 -7.56021 -1.73791 433 0.582598 -0.364195 
-5.71018 -4.10968 -1.61545 434 -0.38994 -0.351003 
-5.16969 -5.04583 -0.141549 437 -0.0599921 0.0534108 
-4.68557 -5.88436 -1.8811 438 0.161561 -0.408946 
-4.8407 -5.61566 -0.0396453 440 0.110136 0.0645376 
-5.69392 -4.13784 -0.92901 443 -0.369679 -0.154892 
-4.21563 -6.69831 -0.927394 445 0.383231 -0.168399 
-4.75369 -5.76637 0.970583 446 0.163787 0.30934 
-4.02746 -7.02424 -1.63148 447 0.453505 -0.340138 
-4.46089 -6.27351 1.45209 451 0.301118 0.413595 
-6.03331 -3.55 -0.591601 458 -0.56883 -0.0446089 
-5.32858 -4.77062 -1.23715 462 -0.159444 -0.242632 
-5.60301 -4.2953 -1.17858 464 -0.315221 -0.219104 
-5.68074 -4.16068 0.111245 466 -0.3376 0.140341 
-5.94183 -3.70845 -0.699449 468 -0.512244 -0.0831165 
-4.41902 -6.34603 0.58457 470 0.312619 0.201966 
-5.14801 -5.08339 0.214391 472 -0.0416693 0.147211 
-5.88723 -3.80302 -0.421933 473 -0.472301 -0.000861725 
-4.6459 -5.95307 0.77707 474 0.212599 0.257962 
-3.62908 -7.71426 0.283949 480 0.630591 0.10245 
-4.72984 -5.80768 1.01961 483 0.176872 0.326386 
-3.75747 -7.49188 -0.114405 484 0.582176 0.0151805 
-5.72951 -4.0762 -0.498216 489 -0.379904 -0.0267818 
-4.07094 -6.94893 1.07534 490 0.463544 0.30027 
-4.92481 -5.46997 -1.54112 491 0.0447859 -0.318254 
-3.63585 -7.70252 0.600044 494 0.631473 0.170034 
-5.30136 -4.81777 0.489233 495 -0.119008 0.226418 
-3.6271 -7.71768 0.36592 497 0.635826 0.111449 
-3.46213 -8.00341 0.473249 499 0.695159 0.136082 
-3.9326 -7.18855 1.52347 500 0.528238 0.39405 
