-1.97014 0.361326 7 3 318.214 312.092 
-2.93389 0.906698 7 9 195.709 366.053 
-2.14837 -1.21575 7 10 316.569 100.184 
-0.578608 0.00250695 7 11 530.974 283.191 
-0.39693 -1.00404 7 12 574.125 127.414 
-4.80195 0.41523 7 21 27.5218 279.001 
-3.28746 -0.347612 7 22 176.044 205.78 
-2.84657 -0.836733 7 31 229.649 148.216 
-3.76175 1.7333 7 32 99.2811 449.676 
-2.21352 -0.0799941 7 33 293.332 248.841 
-4.02466 -0.174699 7 39 102.473 220.871 
-3.22548 0.288125 7 40 173.496 283.527 
-3.26615 1.27581 7 43 155.089 405.503 
-2.70348 -0.732172 7 47 244.207 161.486 
