1.50492 8.95177 -1.01173 5 0.109121 -0.0456786 
-0.0798114 8.03682 -1.36918 7 0.482465 -0.170654 
2.56137 9.56171 -1.26435 9 -0.0517554 -0.0752295 
-0.178643 7.97976 0.508014 11 0.518995 0.326846 
0.882168 8.59222 -0.707979 12 0.228657 0.00800975 
0.899845 8.60243 -1.45278 14 0.226346 -0.150377 
0.308716 8.26114 -0.602419 18 0.369596 0.0263561 
1.53151 8.96712 0.925447 27 0.0955119 0.33882 
1.89409 9.17646 -0.898766 30 0.0458974 -0.0221026 
1.20489 8.77855 1.35968 34 0.154652 0.448737 
0.643979 8.45471 0.172026 37 0.282085 0.209153 
1.0009 8.66077 1.01151 39 0.198896 0.385731 
1.35417 8.86473 -1.19204 41 0.136878 -0.0867332 
2.2299 9.37034 -1.63427 48 -0.00536578 -0.142695 
-0.421209 7.83972 -1.17149 54 0.594753 -0.131175 
-0.449959 7.82312 -0.349133 56 0.606135 0.0964309 
1.11916 8.72905 0.11871 59 0.175121 0.182062 
2.502 9.52743 1.21213 60 -0.0613112 0.348854 
0.976565 8.64672 0.659001 63 0.203716 0.311973 
2.48091 9.51526 -1.52748 64 -0.0373022 -0.118813 
1.84359 9.1473 -0.734752 70 0.0480059 0.00882853 
2.0992 9.29488 1.12901 72 -0.00370483 0.352478 
2.43447 9.48845 -1.27169 74 -0.0317215 -0.0772318 
0.772201 8.52873 0.816256 76 0.245799 0.35209 
2.20527 9.35612 0.861552 89 -0.0140735 0.298824 
0.17216 8.1823 0.981234 106 0.404315 0.43449 
-0.30588 7.9063 0.0837691 108 0.561477 0.217594 
1.53832 8.97105 -0.336704 110 0.100708 0.0822914 
-0.383025 7.86176 0.22409 112 0.587546 0.261817 
1.39446 8.888 1.03195 114 0.119812 0.366449 
1.68572 9.05615 0.970133 121 0.065222 0.341987 
0.0926466 8.13639 -1.10015 128 0.430256 -0.102568 
1.04442 8.6859 0.452906 133 0.190538 0.254754 
2.0713 9.27877 -0.869126 143 0.0125788 -0.0179401 
2.40916 9.47383 1.43867 146 -0.0524971 0.395329 
-0.582336 7.74669 0.181318 147 0.665594 0.254868 
-0.447254 7.82468 0.726916 148 0.613354 0.414278 
-0.106953 8.02115 -0.188349 150 0.493047 0.137091 
2.34296 9.43561 0.313575 151 -0.0334938 0.196157 
1.8128 9.12952 -1.61907 155 0.0586585 -0.151274 
1.66029 9.04147 -0.791988 162 0.0804047 -0.00292416 
1.18573 8.76749 -1.30616 163 0.167137 -0.110688 
0.827608 8.56072 -0.196826 177 0.24077 0.120434 
0.817645 8.55497 1.17423 181 0.237082 0.431423 
-0.0741699 8.04008 -1.61407 185 0.481598 -0.231419 
-0.509556 7.78871 -1.73933 187 0.622849 -0.289598 
1.11154 8.72465 -0.22035 188 0.178574 0.111743 
-0.560641 7.75922 -0.484044 192 0.652101 0.0609312 
1.01143 8.66685 -1.03298 194 0.203737 -0.0584397 
1.63059 9.02433 -0.54542 202 0.0845258 0.0436781 
0.530427 8.38915 0.212413 206 0.306335 0.217345 
-0.0829147 8.03503 0.967789 213 0.486146 0.452691 
0.498224 8.37055 -0.257251 218 0.317305 0.112212 
0.842776 8.56948 1.16326 230 0.231831 0.426187 
2.3848 9.45977 -0.140995 231 -0.035066 0.115709 
1.20088 8.77623 0.396294 235 0.159897 0.239233 
-0.177513 7.98042 -1.74127 236 0.509481 -0.269214 
-0.477256 7.80736 0.692004 238 0.624397 0.402279 
2.1672 9.33414 0.137181 241 -0.0110469 0.168316 
2.5324 9.54499 -0.521146 243 -0.0542769 0.0475275 
0.34969 8.2848 -0.208161 246 0.352688 0.125382 
2.29158 9.40595 0.467399 249 -0.029557 0.227865 
3.95041 7.15768 -0.115486 754 -0.578522 0.110391 
2.79672 9.15593 1.45335 762 -0.136953 0.407529 
3.65369 7.67162 -0.409443 763 -0.425826 0.0464463 
3.63308 7.70731 -0.253667 767 -0.417573 0.0813882 
3.94821 7.16151 -0.305332 771 -0.577722 0.0642967 
3.17581 8.49933 -0.450529 776 -0.237785 0.0513435 
2.96438 8.86554 -0.466828 778 -0.164264 0.0522519 
3.01964 8.76982 1.66075 782 -0.207016 0.465166 
2.91765 8.94648 -1.66232 783 -0.139468 -0.162347 
4.09862 6.90098 -0.651429 789 -0.655261 -0.0328314 
3.94393 7.16891 1.20445 790 -0.60482 0.459277 
2.7584 9.22231 -0.310632 792 -0.111369 0.0887847 
4.05686 6.97332 -1.81735 802 -0.598914 -0.320956 
3.73411 7.53233 -1.49404 804 -0.446589 -0.202578 
3.68413 7.6189 -0.207288 807 -0.442637 0.0915053 
2.74211 9.25053 -1.73828 813 -0.0935041 -0.164041 
3.75485 7.49641 -1.09591 823 -0.454251 -0.112647 
3.57856 7.80176 -0.875216 840 -0.380228 -0.0491548 
2.75988 9.21974 0.955628 841 -0.117791 0.311722 
3.12713 8.58365 0.949699 846 -0.228926 0.33311 
3.4808 7.97107 -1.62753 851 -0.332528 -0.204841 
3.61746 7.73437 -1.94874 852 -0.38385 -0.285432 
3.11682 8.6015 1.29664 853 -0.234256 0.398938 
3.59494 7.77338 0.739111 854 -0.419495 0.315562 
3.21408 8.43306 1.15774 858 -0.265371 0.381033 
3.63106 7.71081 -1.67758 859 -0.398805 -0.231908 
3.27878 8.32099 -1.03834 860 -0.26415 -0.0689309 
4.06751 6.95487 -1.6458 865 -0.611375 -0.280785 
2.83011 9.0981 -0.827008 869 -0.127777 -0.012928 
3.62176 7.72692 0.659348 870 -0.429584 0.293277 
2.74336 9.24836 0.533191 877 -0.109023 0.236177 
3.47475 7.98155 1.30736 888 -0.369591 0.433544 
3.96207 7.13749 -0.131759 891 -0.584115 0.110735 
3.79506 7.42677 -1.15471 899 -0.480293 -0.128157 
3.15471 8.53588 -0.806247 915 -0.22222 -0.0175719 
3.62319 7.72445 -0.430218 916 -0.406897 0.0454326 
3.37491 8.15449 -1.18787 917 -0.296084 -0.108485 
3.88292 7.27458 0.732852 918 -0.563027 0.329496 
3.89561 7.2526 -0.984565 922 -0.532187 -0.100126 
3.15548 8.53455 -1.95746 923 -0.210019 -0.233543 
2.665 9.38408 0.586617 924 -0.0899228 0.240132 
3.45706 8.01219 0.602811 925 -0.352955 0.274119 
3.20202 8.45395 0.188458 931 -0.258909 0.179704 
2.78152 9.18227 -1.96749 936 -0.104886 -0.204064 
3.59191 7.77864 1.36064 942 -0.424006 0.464121 
3.89811 7.24827 1.30532 954 -0.582695 0.484966 
3.02515 8.76029 0.646829 955 -0.197371 0.26749 
2.99518 8.81219 -1.02389 956 -0.171049 -0.0507258 
2.88729 8.99907 -0.922446 958 -0.136726 -0.0272281 
2.80084 9.14881 -0.0563065 974 -0.121052 0.124233 
4.12313 6.85854 -0.122495 977 -0.683817 0.112537 
2.74799 9.24035 0.800252 981 -0.117272 0.283918 
