7 -1.49784 0.349314 151 -0.382731 -0.479986 
7 -0.0623122 -3.31422 152 0.50463 -0.0730526 
7 0.36994 -1.65205 155 0.129744 0.0242188 
7 0.947338 -0.351981 158 -0.181496 0.160523 
7 0.343459 -2.54532 160 0.3302 0.0179429 
7 -0.647617 -0.188366 161 -0.227423 -0.234068 
7 1.08732 -1.94397 162 0.18615 0.183674 
7 -0.724268 -3.10497 165 0.477506 -0.22971 
7 0.725336 0.960833 171 -0.520017 0.113439 
7 1.97211 0.0439567 176 -0.273568 0.389982 
7 1.44234 0.716532 178 -0.444948 0.280661 
7 -0.518283 -3.0968 179 0.470235 -0.180237 
7 0.741437 -4.00824 180 0.62279 0.102223 
7 -0.443496 -0.586995 184 -0.123216 -0.177527 
7 -1.20096 -0.713027 185 -0.0891354 -0.378217 
7 -0.746732 -0.782938 186 -0.0723881 -0.255017 
7 -1.56385 -0.742436 193 -0.0802851 -0.479502 
7 -1.07027 0.309808 197 -0.366602 -0.355638 
7 1.83558 -1.14915 198 0.00258784 0.348197 
