-3.17768 1.79522 -7 101 0.553539 0.217247 
0.794442 1.97164 -7 103 -0.636332 0.474481 
-2.11042 -0.0563179 -7 106 0.252254 -0.287901 
-0.235026 1.16667 -7 114 -0.302131 0.157091 
-0.0787955 1.33173 -7 116 -0.349528 0.217608 
-1.66978 1.93068 -7 118 0.164686 0.321094 
-3.56835 0.827876 -7 121 0.640985 -0.057561 
0.474792 -0.485198 -7 124 -0.645081 -0.403299 
-2.10211 -0.684594 -7 129 0.238445 -0.490166 
-3.11373 -0.303232 -7 130 0.521649 -0.376392 
-1.59533 0.795126 -7 132 0.119472 -0.0110654 
-3.58737 1.4874 -7 135 0.648228 0.120328 
-0.615215 -0.161545 -7 146 -0.221261 -0.299593 
