-7 0.21307 2.3409 51 583.356 379.179 
-7 -1.78251 -2.62609 53 20.7948 155.46 
-7 -0.29883 -1.326 55 150.044 318.402 
-7 -0.441068 2.32778 56 572.168 301.109 
-7 -1.05185 -1.49538 60 137.589 232.688 
-7 -0.184126 -2.39523 62 21.667 332.397 
-7 -1.45394 1.58819 66 478.756 190.538 
-7 -1.07602 2.04225 70 532.088 230.49 
-7 -1.87164 2.51938 75 573.487 148.624 
-7 0.577231 -1.47952 76 122.471 427.834 
-7 -1.86155 -2.22478 77 65.7767 147.642 
-7 -1.9255 2.82609 83 604.906 143.45 
-7 -0.166603 0.216342 87 330.714 333.766 
-7 0.312724 -0.335245 92 264.568 393.008 
-7 -1.0576 1.73598 99 498.552 232.438 
