-3.11304 -8.60806 -1.9166 254 0.0773763 -0.3174 
-3.48222 -7.96863 1.84681 255 0.0160584 0.413907 
-4.57399 -6.07762 1.59563 258 -0.501434 0.472988 
-2.75039 -9.23619 0.329719 263 0.21232 0.0809164 
-3.07463 -8.67459 -1.54793 266 0.0966932 -0.252656 
-2.57499 -9.53998 1.60069 268 0.269498 0.299917 
-2.72709 -9.27655 -1.48729 269 0.192455 -0.220749 
-4.57341 -6.07862 1.60241 272 -0.50388 0.47019 
-3.88769 -7.26632 -1.50954 277 -0.1727 -0.302808 
-4.24528 -6.64697 0.694015 279 -0.318617 0.190649 
-3.32874 -8.23445 -1.42324 285 0.0283937 -0.245621 
-3.49888 -7.93976 0.772929 286 -0.00391438 0.182001 
-3.44968 -8.02497 0.167007 293 0.00514397 0.0591766 
-3.04378 -8.72802 1.54345 294 0.149385 0.318015 
-3.22332 -8.41705 1.89644 304 0.10383 0.404562 
-3.93868 -7.178 -1.57121 306 -0.196946 -0.321669 
-3.32508 -8.2408 -1.51403 315 0.0251894 -0.265842 
-3.63057 -7.71167 -1.43695 316 -0.0741706 -0.268056 
-4.81248 -5.66455 -1.64507 319 -0.64877 -0.436948 
-3.09129 -8.64573 1.79249 320 0.13683 0.366095 
-4.10365 -6.89227 -1.45523 322 -0.26291 -0.310459 
-3.06428 -8.69251 -0.666718 324 0.114419 -0.0968851 
-4.30377 -6.54565 0.385968 326 -0.347261 0.11686 
-4.07384 -6.9439 0.0649336 330 -0.244741 0.0372807 
-4.85494 -5.591 -1.94807 331 -0.671959 -0.51645 
-3.49997 -7.93787 0.446165 333 -0.00919856 0.116185 
-3.35488 -8.18918 1.50964 334 0.0558022 0.333118 
-4.50583 -6.19567 0.376914 336 -0.46236 0.120295 
-4.09708 -6.90364 0.281542 338 -0.247264 0.0885341 
-3.77569 -7.46032 0.825581 340 -0.107779 0.20682 
-4.16753 -6.78163 0.981089 341 -0.277902 0.264519 
-4.78378 -5.71426 0.966713 344 -0.639032 0.305288 
-4.31667 -6.52331 1.57757 348 -0.354368 0.438499 
-3.62005 -7.72989 0.845456 350 -0.046683 0.201489 
-4.2793 -6.58803 -1.32765 353 -0.347374 -0.295075 
-2.64072 -9.42615 1.95256 355 0.263795 0.371214 
-3.10287 -8.62567 -0.357131 361 0.105098 -0.0435682 
-4.34584 -6.47278 1.58859 363 -0.370259 0.438472 
-3.98712 -7.09411 0.170839 364 -0.201216 0.0630184 
-4.44212 -6.30602 -1.20213 365 -0.429042 -0.282039 
-3.32955 -8.23305 -1.41411 368 0.0265424 -0.245561 
-2.62582 -9.45194 -1.96759 374 0.206696 -0.2972 
-3.72571 -7.54688 0.335972 382 -0.0946835 0.0965714 
-3.02092 -8.76762 -1.67324 386 0.110645 -0.268075 
-4.55591 -6.10892 1.47438 387 -0.492276 0.437147 
-3.14704 -8.54917 1.54174 390 0.120674 0.325063 
-4.85021 -5.5992 -1.40794 394 -0.677022 -0.374643 
-2.75281 -9.23199 0.225616 395 0.211387 0.0655889 
-3.18967 -8.47533 1.85927 400 0.108574 0.392963 
-3.33676 -8.22056 -0.399899 404 0.0357928 -0.0534538 
-3.20418 -8.4502 0.757211 405 0.0898396 0.171903 
-3.32846 -8.23494 1.89335 407 0.0666027 0.412648 
-4.67743 -5.89845 0.0191106 408 -0.562178 0.0231892 
-4.7162 -5.8313 -1.22464 411 -0.588268 -0.314449 
-3.05904 -8.70159 0.925619 412 0.136232 0.202576 
-2.74941 -9.23788 0.292754 416 0.214202 0.0779761 
-4.24744 -6.64321 -1.92173 418 -0.333364 -0.421403 
-4.59318 -6.04438 0.332137 419 -0.513442 0.106021 
-3.28794 -8.30512 -0.582867 425 0.0517264 -0.0885516 
-4.10084 -6.89714 -0.211774 427 -0.254118 -0.030004 
-2.88356 -9.00553 1.61269 428 0.194167 0.319734 
-3.57786 -7.80296 1.13653 429 -0.0281242 0.265716 
-4.2527 -6.63411 -0.951124 431 -0.328822 -0.204466 
-4.54469 -6.12836 -1.52013 432 -0.485954 -0.368833 
-3.71801 -7.56021 -1.73791 433 -0.111168 -0.332473 
-2.84073 -9.07972 -1.27039 435 0.165651 -0.192605 
-4.68557 -5.88436 -1.8811 438 -0.568949 -0.472695 
-4.8407 -5.61566 -0.0396453 440 -0.67781 0.00243795 
-4.21563 -6.69831 -0.927394 445 -0.310308 -0.202899 
-4.75369 -5.76637 0.970583 446 -0.624037 0.301278 
-4.02746 -7.02424 -1.63148 447 -0.231998 -0.337499 
-2.97704 -8.84361 -0.559065 449 0.136958 -0.071755 
-4.46089 -6.27351 1.45209 451 -0.434273 0.412801 
-3.13049 -8.57784 0.930095 453 0.113372 0.201263 
-2.83311 -9.09292 -0.904736 454 0.171386 -0.134379 
-3.07985 -8.66554 0.939564 456 0.129229 0.204058 
-2.82678 -9.10387 0.818773 460 0.193916 0.171371 
-4.41902 -6.34603 0.58457 470 -0.41072 0.169189 
-4.6459 -5.95307 0.77707 474 -0.545732 0.237014 
-2.94605 -8.89729 1.87197 478 0.181726 0.381966 
-3.62908 -7.71426 0.283949 480 -0.0580996 0.0847779 
-4.72984 -5.80768 1.01961 483 -0.603139 0.313369 
-3.75747 -7.49188 -0.114405 484 -0.110999 -0.00327536 
-4.07094 -6.94893 1.07534 490 -0.234072 0.280006 
-2.61113 -9.47739 -1.5069 492 0.215922 -0.218438 
-3.63585 -7.70252 0.600044 494 -0.058166 0.149744 
-3.6271 -7.71768 0.36592 497 -0.0564455 0.101164 
-3.46213 -8.00341 0.473249 499 0.00332336 0.119082 
-3.9326 -7.18855 1.52347 500 -0.164852 0.380131 
-0.751588 -8.51683 0.0534651 508 0.628287 -0.0193 
-0.577812 -8.4165 -1.88021 514 0.621767 -0.4723 
-1.33469 -8.85349 -0.250941 535 0.468429 -0.0588299 
-0.805849 -8.54816 -1.1322 539 0.577166 -0.285526 
-1.55768 -8.98223 1.00965 540 0.45005 0.202542 
-0.942173 -8.62687 -1.81306 542 0.523058 -0.409681 
-2.54087 -9.54988 -1.96382 546 0.225337 -0.292636 
-2.17518 -9.33875 -0.02102 551 0.30945 0.0109904 
-1.37853 -8.8788 -0.140968 554 0.462898 -0.0335331 
-1.35618 -8.8659 -1.86663 561 0.425747 -0.377108 
-0.751362 -8.5167 -0.54808 562 0.610358 -0.15724 
-2.39776 -9.46725 -1.50147 566 0.251073 -0.229831 
-1.19047 -8.77022 1.45663 578 0.54804 0.307655 
-1.13416 -8.73771 1.81808 584 0.575312 0.396818 
-2.13398 -9.31496 -0.61668 585 0.308658 -0.0979359 
-1.80668 -9.12599 1.44164 586 0.409093 0.28979 
-0.665112 -8.46691 -0.0591155 593 0.651776 -0.0542358 
-1.05884 -8.69422 -0.500411 598 0.531522 -0.129077 
-1.85453 -9.15362 1.00414 599 0.390659 0.20328 
-1.02236 -8.67316 1.83715 602 0.610142 0.406245 
-0.918376 -8.61313 -1.76208 603 0.530721 -0.401841 
-2.0658 -9.2756 0.128408 612 0.329673 0.0343306 
-2.28434 -9.40177 0.767727 616 0.309087 0.15418 
-1.43619 -8.91209 -1.99412 619 0.402669 -0.392872 
-0.478158 -8.35897 -0.638973 621 0.692299 -0.199771 
-1.39269 -8.88697 -0.919729 622 0.441053 -0.192589 
-1.85496 -9.15386 1.85126 623 0.411431 0.369761 
-2.10532 -9.29841 0.971801 625 0.34454 0.193618 
-0.802806 -8.5464 1.53266 628 0.662268 0.340598 
-1.41788 -8.90152 -1.16565 639 0.426416 -0.238335 
-0.795119 -8.54197 -0.566815 642 0.596843 -0.159279 
-1.37552 -8.87706 0.232198 643 0.470763 0.0386155 
-1.56414 -8.98596 -0.787846 645 0.409789 -0.152333 
-0.814491 -8.55315 0.400562 646 0.621308 0.0633498 
-0.574829 -8.41478 0.349602 657 0.691135 0.0464439 
-1.00763 -8.66466 -0.50403 660 0.539847 -0.129434 
-0.613939 -8.43736 -0.547652 664 0.650998 -0.170119 
-0.867771 -8.58391 0.768917 668 0.62033 0.151135 
-0.769826 -8.52736 1.76192 670 0.68018 0.400655 
-1.48552 -8.94057 0.517606 676 0.454619 0.101422 
-1.10245 -8.71941 -0.567007 677 0.517007 -0.134432 
-2.31293 -9.41827 1.81431 707 0.318815 0.345461 
-0.939569 -8.62536 -0.32294 718 0.567626 -0.0981939 
-1.908 -9.18449 1.52916 719 0.390167 0.305289 
-0.734402 -8.50691 1.2467 730 0.6788 0.26581 
-1.49578 -8.94649 0.981389 746 0.466911 0.196567 
