-7 0.46862 -2.98529 58 624.593 219.788 
-7 -1.03485 -3.75523 61 517.361 67.1825 
-7 0.0943094 -5.21035 64 392.649 201.52 
-7 1.11392 -6.02536 65 343.309 287.705 
-7 0.886694 -5.35798 67 387.238 269.761 
-7 1.34911 -4.82912 74 431.906 310.854 
-7 0.694743 -5.33965 78 387.239 253.553 
-7 1.12101 -6.65735 79 305.897 287.285 
-7 0.821262 -3.48263 80 562.777 261.819 
-7 -1.84392 -6.0007 85 324.464 52.5365 
-7 -0.295975 -5.19552 90 390.984 167.474 
-7 1.40697 -4.3308 91 476.644 318.819 
-7 0.592834 -6.66606 94 301.944 248.694 
-7 -1.20087 -3.87679 97 502.889 53.3157 
-7 -0.609874 -5.90804 100 338.974 150.502 
-5.46333 -1.29075 -7 102 175.509 97.2209 
-4.55559 -0.250499 -7 105 105.86 189.121 
-5.09885 0.316864 -7 107 160.986 241.668 
-6.22725 1.4028 -7 110 248.383 318.474 
-5.05591 -0.451909 -7 117 150.137 170.349 
-3.56835 0.827876 -7 121 1.75328 319.199 
-6.20015 -0.954561 -7 122 229.184 133.345 
-3.58737 1.4874 -7 135 13.3479 396.763 
-6.2831 -0.370457 -7 140 238.618 179.958 
-5.05277 -1.83336 -7 148 136.58 39.4055 
-6.46998 0.52855 -7 150 255.948 248.651 
