-7 -0.29883 -1.326 55 0.536607 -0.185631 
-7 0.46862 -2.98529 58 0.113599 0.00227051 
-7 -1.05185 -1.49538 60 0.494722 -0.39383 
-7 -1.03485 -3.75523 61 -0.0580446 -0.326643 
-7 -0.184126 -2.39523 62 0.245023 -0.146571 
-7 0.0943094 -5.21035 64 -0.286897 -0.0797512 
-7 1.11392 -6.02536 65 -0.379255 0.0928432 
-7 0.886694 -5.35798 67 -0.293129 0.0618824 
-7 1.34911 -4.82912 74 -0.206864 0.149669 
-7 0.577231 -1.47952 76 0.481008 0.0417642 
-7 0.694743 -5.33965 78 -0.294175 0.0284279 
-7 1.12101 -6.65735 79 -0.457387 0.0868164 
-7 0.821262 -3.48263 80 0.0162239 0.0708851 
-7 -1.84392 -6.0007 85 -0.443919 -0.443067 
-7 1.69039 -1.92004 89 0.357656 0.286649 
-7 -0.295975 -5.19552 90 -0.292406 -0.153352 
-7 1.40697 -4.3308 91 -0.127129 0.16891 
-7 0.592834 -6.66606 94 -0.470439 0.00248379 
-7 -1.56958 -3.12031 95 0.0688528 -0.474646 
-7 -1.20087 -3.87679 97 -0.0839355 -0.361823 
-7 1.52805 -2.92335 98 0.132654 0.223233 
-7 -0.609874 -5.90804 100 -0.401374 -0.206979 
-6.22725 1.4028 -7 110 -0.605989 0.168157 
-6.20015 -0.954561 -7 122 -0.686482 -0.262587 
-6.2831 -0.370457 -7 140 -0.650989 -0.149544 
-6.46998 0.52855 -7 150 -0.591142 0.00780023 
