9.29836 -2.71449 1.94602 503 115.392 433.502 
9.54954 -2.56948 1.62614 504 131.89 404.106 
9.1254 -2.81435 -0.972402 505 110.311 214.21 
8.36902 -3.25105 -1.59632 512 49.8997 150.825 
9.51565 -2.58904 1.12107 521 134.298 367.511 
8.29682 -3.29273 -0.961132 526 37.7786 203.688 
9.28962 -2.71954 -1.63781 531 125.394 166.635 
8.80092 -3.00169 1.19755 545 75.0927 383.562 
8.43181 -3.2148 -0.531218 590 50.4331 240.5 
8.52047 -3.16361 0.124086 605 53.5937 298.81 
8.58348 -3.12723 -1.98018 608 70.5668 126.042 
8.21821 -3.33812 0.87683 609 19.2778 366.462 
8.95105 -2.91501 -0.0284258 613 94.0378 283.601 
8.58134 -3.12847 1.5153 614 52.7702 416.245 
8.24406 -3.3232 1.57934 624 17.4805 430.475 
8.74387 -3.03463 -1.74637 631 81.0593 149.822 
8.37201 -3.24932 -1.42691 633 47.5424 165.194 
8.5643 -3.13831 0.571234 665 57.7656 335.751 
8.78782 -3.00925 1.27741 666 74.804 390.498 
8.98332 -2.89638 -0.0875092 671 96.6 279.446 
9.50215 -2.59683 -1.80067 679 139.222 161.437 
8.96859 -2.90489 1.45636 680 90.0593 403.371 
9.51544 -2.58916 0.00507541 681 135.294 287.494 
8.52145 -3.16304 1.28747 684 46.9468 396.926 
8.15199 -3.37635 -0.280505 689 19.0205 261.458 
8.26763 -3.30959 0.733282 692 26.7841 352.225 
8.16644 -3.36801 1.19775 712 11.3539 394.449 
8.51548 -3.16649 1.61138 714 47.61 426.071 
9.11375 -2.82108 -0.331225 726 107.448 261.482 
9.21579 -2.76217 -1.66979 736 119.801 163.914 
9.10626 -2.8254 1.29642 737 102.211 387.271 
8.61615 -3.10837 -1.12108 742 69.9574 195.899 
8.54451 -3.14973 -0.0560757 747 59.5169 281.253 
9.02166 -1.62597 0.310692 751 192.868 308.352 
8.84921 -1.32728 1.80752 757 210.998 435.016 
9.23701 -1.99898 0.725578 758 169.112 340.097 
8.51992 -0.756939 0.408137 759 255.999 320.418 
8.29274 -0.363451 -1.35134 761 290.473 171.26 
6.72499 2.35198 -0.698686 765 607.149 201.695 
6.84891 2.13734 -1.72634 766 564.401 87.8547 
7.18459 1.55593 0.710517 768 494.267 367.442 
7.75054 0.575679 1.75169 773 379.467 465.059 
8.11102 -0.0486967 -1.08378 774 316.788 190.004 
7.65875 0.734657 0.495993 779 396.424 336.938 
6.87834 2.08637 1.48366 780 576.48 469.452 
9.27207 -2.0597 -0.388348 784 170.342 257.055 
6.61901 2.53554 -1.90015 786 628.03 54.8024 
7.07393 1.74759 -1.06522 794 512.362 171.066 
7.7677 0.545948 0.346374 797 374.151 319.986 
6.99287 1.88799 0.446143 798 541.642 338.979 
8.5833 -0.866718 0.816146 801 248.366 354.86 
8.13241 -0.0857393 -1.69052 803 311.134 138.35 
8.79364 -1.23104 1.71911 805 218.463 427.573 
7.79816 0.49319 1.85753 808 368.395 472.477 
6.6228 2.52897 -1.96054 809 627.137 47.9798 
7.13747 1.63753 -1.91994 811 495.45 80.0027 
7.48096 1.04259 -1.87628 812 422.997 98.7936 
7.81192 0.469365 1.38832 814 366.679 424.671 
8.27608 -0.334586 -0.00492856 815 291.762 286.541 
7.72815 0.61446 -0.217688 816 380.36 264.786 
8.79838 -1.23924 -0.076131 817 222.087 279.998 
7.65524 0.740743 -1.67984 818 393.358 124.462 
8.9917 -1.57408 -0.263508 820 196.024 264.909 
8.44778 -0.631981 -1.44841 825 267.442 164.945 
7.71438 0.638309 -0.336083 827 381.521 253.921 
7.15574 1.60589 0.615543 828 502.098 356.052 
9.26539 -2.04812 -1.79237 829 173.016 157.688 
8.37839 -0.511796 0.804967 830 275.111 358.746 
7.85255 0.39899 0.707979 831 357.42 354.045 
7.0505 1.78818 -1.26688 833 519.772 143.157 
9.00086 -1.58994 1.58986 834 194.977 413.025 
6.68672 2.41826 0.33091 836 624.882 329.163 
8.05704 0.0447927 0.347131 837 322.863 318.034 
8.22434 -0.244979 -0.782358 838 299.277 218.294 
7.41493 1.15696 -1.61534 839 437.255 122.861 
8.81824 -1.27364 -0.967993 842 220.056 211.142 
9.4474 -2.36338 -1.09642 844 154.156 206.676 
8.71228 -1.09011 -0.848161 845 233.611 218.548 
8.83929 -1.31011 1.12568 849 213.848 376.201 
6.64876 2.484 -1.60616 850 621.15 90.3797 
8.421 -0.585604 -0.76008 856 270.613 221.798 
7.47605 1.05111 -1.34417 857 423.713 150.199 
8.71634 -1.09715 -1.05762 862 233.546 199.5 
7.07604 1.74394 0.502742 871 521.053 342.255 
6.81272 2.20003 1.31801 874 595.796 452.262 
8.05963 0.040311 0.283874 878 323.62 312.735 
8.79205 -1.22828 1.24024 880 219.479 385.548 
9.26617 -2.04948 1.18971 881 165.864 375.793 
6.67343 2.44128 -1.01357 882 618.73 161.192 
8.55161 -0.811824 0.960383 887 251.399 368.011 
8.75985 -1.1725 0.775444 893 224.056 347.623 
7.68639 0.686781 -1.10309 898 386.1 179.971 
7.3611 1.2502 0.0561545 900 450.248 291.82 
7.13224 1.6466 -0.977877 901 498.787 178.813 
8.49526 -0.714226 0.0445874 902 259.92 287.8 
6.93416 1.98968 -1.06451 904 547.164 162.123 
6.87866 2.08582 -0.0270921 907 568.343 281.902 
6.77251 2.26967 -0.747548 908 591.157 195.853 
9.19568 -1.92739 0.768329 913 174.819 343.703 
7.05959 1.77242 -1.7808 914 514.517 90.6986 
7.703 0.65802 -0.183774 927 386.403 267.373 
8.84897 -1.32687 1.20156 929 212.366 384.686 
8.21418 -0.227369 1.2496 933 299.14 400.409 
8.99498 -1.57975 1.82216 934 195.358 433.038 
6.67513 2.43834 -0.321965 935 623.076 245.417 
6.75528 2.29951 -0.729401 938 597.536 198.864 
8.51325 -0.745376 -0.600431 941 255.847 235.648 
8.81557 -1.26902 -1.19832 944 220.182 192.396 
8.73736 -1.13355 1.94259 946 227.193 450.437 
7.78699 0.51253 1.89064 949 371.105 475.665 
7.05329 1.78334 -1.18945 950 518.374 153.905 
8.23755 -0.267852 -0.0508432 959 296.24 283.023 
9.40671 -2.2929 1.01021 963 150.067 360.496 
6.68153 2.42724 -0.314303 968 621.259 246.423 
7.36792 1.23839 -0.614933 971 448.719 222.828 
8.33271 -0.432673 -0.868744 976 283.183 212.791 
7.61247 0.814808 -0.677047 978 399.61 218.691 
9.36968 -2.22876 1.49865 979 153.284 398.021 
9.47971 -2.41934 0.180696 982 147.252 300.074 
8.49831 -0.719498 -1.83038 985 261.004 136.995 
8.14802 -0.112783 1.12075 986 309.58 389.906 
8.42012 -0.584075 0.413676 987 267.35 323.62 
8.18073 -0.169436 -0.844467 988 304.417 211.601 
9.45187 -2.37112 -1.5872 989 151.837 173.606 
8.99905 -1.58682 1.73484 994 193.429 423.494 
8.82589 -1.28688 1.75285 1000 214.192 432.136 
