7.15996 -3.9491 0.231069 501 0.104207 0.0659801 
7.75999 -3.60267 0.808332 502 0.207234 0.165391 
9.29836 -2.71449 1.94602 503 0.415239 0.314016 
9.54954 -2.56948 1.62614 504 0.448075 0.25492 
9.1254 -2.81435 -0.972402 505 0.422664 -0.151016 
4.32541 -5.58563 0.848861 506 -0.68509 0.306746 
8.36902 -3.25105 -1.59632 512 0.318801 -0.27534 
5.15051 -5.10926 0.655281 515 -0.38512 0.211545 
7.62157 -3.68259 0.309022 516 0.190416 0.0772457 
5.54127 -4.88365 0.584966 517 -0.270605 0.179051 
7.24861 -3.89792 -1.1423 520 0.132693 -0.21045 
9.51565 -2.58904 1.12107 521 0.448213 0.182038 
6.5432 -4.30518 -1.86519 522 -0.0080695 -0.390963 
4.96491 -5.21641 -0.162781 524 -0.450361 -7.2615e-05 
5.3746 -4.97988 1.7937 525 -0.311167 0.480227 
8.29682 -3.29273 -0.961132 526 0.304925 -0.166456 
4.45282 -5.51207 0.330289 528 -0.637818 0.149689 
7.67594 -3.6512 1.18816 529 0.19349 0.237215 
9.28962 -2.71954 -1.63781 531 0.441737 -0.25882 
5.78814 -4.74112 0.731293 533 -0.201799 0.204856 
7.01301 -4.03394 -0.97463 534 0.0870352 -0.180993 
6.50511 -4.32718 -1.71048 538 -0.0210627 -0.356123 
7.77252 -3.59544 -0.54676 544 0.222905 -0.0870592 
8.80092 -3.00169 1.19755 545 0.359583 0.210809 
5.8167 -4.72463 -0.692834 547 -0.189345 -0.133923 
5.94865 -4.64845 -0.108768 552 -0.155729 0.00825226 
5.11501 -5.12975 -1.32998 563 -0.401753 -0.319754 
5.60572 -4.84644 -1.12497 564 -0.252223 -0.248626 
8.06725 -3.42528 1.6113 573 0.255623 0.300001 
4.78434 -5.32066 -1.81187 575 -0.527102 -0.481205 
7.62174 -3.68249 1.0201 577 0.186896 0.20973 
5.79079 -4.73959 0.326224 579 -0.19832 0.111887 
6.08574 -4.5693 -0.422393 587 -0.124994 -0.0699091 
5.95338 -4.64572 1.4698 588 -0.155611 0.366414 
6.59806 -4.27351 1.37278 589 -0.00698189 0.316844 
8.43181 -3.2148 -0.531218 590 0.321271 -0.0823496 
7.71485 -3.62873 -1.31027 594 0.213946 -0.232052 
5.81744 -4.72421 1.86454 597 -0.193086 0.460247 
8.52047 -3.16361 0.124086 605 0.330177 0.0289238 
4.89471 -5.25694 -0.199595 606 -0.470478 -0.00878372 
8.58348 -3.12723 -1.98018 608 0.352136 -0.341108 
8.21821 -3.33812 0.87683 609 0.278167 0.17052 
8.95105 -2.91501 -0.0284258 613 0.385416 0.00375137 
8.58134 -3.12847 1.5153 614 0.327445 0.271962 
5.91431 -4.66828 0.963849 617 -0.169148 0.254119 
7.88394 -3.53111 -1.51631 618 0.246026 -0.271175 
8.24406 -3.3232 1.57934 624 0.280366 0.289869 
5.34694 -4.99584 -0.371774 630 -0.326397 -0.0532815 
8.74387 -3.03463 -1.74637 631 0.370748 -0.290695 
8.37201 -3.24932 -1.42691 633 0.315349 -0.246626 
7.92744 -3.50599 0.853241 634 0.234135 0.170201 
7.04767 -4.01393 1.30024 635 0.078195 0.277607 
5.60109 -4.84911 1.5746 636 -0.255425 0.409729 
6.13888 -4.53862 1.31542 644 -0.111576 0.324774 
6.14497 -4.53511 -1.1835 648 -0.103947 -0.249205 
7.74644 -3.6105 0.0375105 649 0.211988 0.0216593 
7.0982 -3.98476 0.68195 653 0.0879152 0.160689 
7.02559 -4.02668 0.448994 659 0.0795095 0.112882 
4.82206 -5.29889 0.859675 662 -0.493584 0.275228 
4.88586 -5.26205 0.975449 663 -0.472219 0.305683 
8.5643 -3.13831 0.571234 665 0.330718 0.108393 
8.78782 -3.00925 1.27741 666 0.357735 0.220394 
6.55913 -4.29599 -1.18896 667 -0.00998934 -0.236509 
8.98332 -2.89638 -0.0875092 671 0.395324 -0.00850066 
4.78329 -5.32127 0.804293 674 -0.508928 0.268221 
6.39838 -4.3888 1.60708 675 -0.0542743 0.37409 
5.20039 -5.08046 -0.0857982 678 -0.374113 0.0122679 
9.50215 -2.59683 -1.80067 679 0.468849 -0.283677 
8.96859 -2.90489 1.45636 680 0.380605 0.248864 
9.51544 -2.58916 0.00507541 681 0.454003 0.00606628 
4.99407 -5.19958 0.559179 682 -0.435822 0.192696 
8.52145 -3.16304 1.28747 684 0.322707 0.229558 
5.70419 -4.78959 -0.684915 686 -0.221023 -0.129067 
6.4204 -4.37608 -1.66156 687 -0.0405978 -0.349863 
7.92479 -3.50752 1.32245 688 0.233074 0.253681 
8.15199 -3.37635 -0.280505 689 0.279115 -0.0376547 
8.26763 -3.30959 0.733282 692 0.293877 0.143746 
5.39876 -4.96593 1.88504 697 -0.307976 0.495886 
4.82073 -5.29965 -1.08631 698 -0.507582 -0.264182 
8.01947 -3.45286 0.702216 699 0.251469 0.139898 
5.29956 -5.0232 -0.579862 701 -0.339483 -0.112352 
7.30395 -3.86597 1.05537 703 0.132782 0.224942 
6.39348 -4.39163 0.914159 705 -0.0538531 0.226811 
7.22497 -3.91156 0.961317 706 0.117562 0.213475 
5.49777 -4.90876 0.072566 709 -0.277309 0.0555802 
7.66579 -3.65706 -1.9146 710 0.210143 -0.353512 
6.01108 -4.6124 1.08959 711 -0.142941 0.27626 
8.16644 -3.36801 1.19775 712 0.271618 0.22675 
8.51548 -3.16649 1.61138 714 0.317937 0.285626 
6.54292 -4.30535 -1.87458 720 -0.00977583 -0.392764 
4.48631 -5.49273 -1.46496 723 -0.638175 -0.391913 
5.45807 -4.93168 0.702726 724 -0.296936 0.210653 
6.58729 -4.27973 1.46929 725 -0.0102496 0.334928 
9.11375 -2.82108 -0.331225 726 0.41396 -0.0447085 
5.30402 -5.02063 -1.37929 729 -0.34275 -0.325783 
7.50171 -3.75179 -1.28329 731 0.177704 -0.234782 
7.13639 -3.96271 -0.718485 732 0.105401 -0.124879 
5.1391 -5.11584 0.224599 734 -0.38849 0.0980255 
6.09889 -4.56171 1.10908 735 -0.121994 0.281034 
9.21579 -2.76217 -1.66979 736 0.429794 -0.268348 
9.10626 -2.8254 1.29642 737 0.397554 0.218652 
7.25901 -3.89191 -1.70188 738 0.135466 -0.323573 
4.48121 -5.49568 0.424736 739 -0.626394 0.169318 
6.72719 -4.19896 0.433244 741 0.0228692 0.117043 
8.61615 -3.10837 -1.12108 742 0.351062 -0.184646 
5.33057 -5.0053 -0.178382 743 -0.330482 -0.00717493 
8.54451 -3.14973 -0.0560757 747 0.333797 0.000479405 
7.49302 -3.75681 0.49302 748 0.167264 0.111003 
9.02166 -1.62597 0.310692 751 0.640681 0.0787471 
8.84921 -1.32728 1.80752 757 0.691382 0.367104 
9.23701 -1.99898 0.725578 758 0.553434 0.142181 
9.27207 -2.0597 -0.388348 784 0.55498 -0.0545986 
8.9917 -1.57408 -0.263508 820 0.660333 -0.0280756 
9.26539 -2.04812 -1.79237 829 0.572458 -0.296341 
9.00086 -1.58994 1.58986 834 0.631172 0.307321 
9.4474 -2.36338 -1.09642 844 0.499192 -0.167538 
9.26617 -2.04948 1.18971 881 0.546481 0.211496 
9.19568 -1.92739 0.768329 913 0.573332 0.149913 
8.84897 -1.32687 1.20156 929 0.695247 0.25598 
8.99498 -1.57975 1.82216 934 0.632606 0.352916 
9.40671 -2.2929 1.01021 963 0.498802 0.17347 
9.36968 -2.22876 1.49865 979 0.508614 0.256004 
9.47971 -2.41934 0.180696 982 0.485537 0.0330629 
9.45187 -2.37112 -1.5872 989 0.508717 -0.253294 
8.99905 -1.58682 1.73484 994 0.631597 0.335588 
