7 -1.49784 0.349314 151 -0.402627 -0.470129 
7 -0.0623122 -3.31422 152 0.484015 -0.0633049 
7 0.36994 -1.65205 155 0.111291 0.0336874 
7 0.947338 -0.351981 158 -0.200577 0.170596 
7 0.343459 -2.54532 160 0.311184 0.0273037 
7 -0.647617 -0.188366 161 -0.246789 -0.224458 
7 1.08732 -1.94397 162 0.168131 0.193057 
7 0.863395 -4.44339 163 0.681962 0.134692 
7 -0.724268 -3.10497 165 0.456268 -0.218873 
7 0.725336 0.960833 171 -0.542171 0.123841 
7 1.97211 0.0439567 176 -0.293393 0.401779 
7 1.44234 0.716532 178 -0.46653 0.292146 
7 -0.518283 -3.0968 179 0.449328 -0.169796 
7 0.741437 -4.00824 180 0.60218 0.110988 
7 -0.443496 -0.586995 184 -0.14223 -0.167855 
7 -1.20096 -0.713027 185 -0.108286 -0.367766 
7 -0.746732 -0.782938 186 -0.0913945 -0.245058 
7 0.0865561 -4.29161 189 0.677364 -0.0283017 
7 -1.56385 -0.742436 193 -0.0995462 -0.468406 
7 -1.07027 0.309808 197 -0.386563 -0.346118 
7 1.83558 -1.14915 198 -0.0153478 0.358625 
