-3.17768 1.79522 -7 101 0.569366 0.211212 
0.794442 1.97164 -7 103 -0.618234 0.472602 
-2.11042 -0.0563179 -7 106 0.263451 -0.294187 
-0.235026 1.16667 -7 114 -0.287985 0.154599 
-0.0787955 1.33173 -7 116 -0.334817 0.215271 
-1.66978 1.93068 -7 118 0.179308 0.316923 
-3.56835 0.827876 -7 121 0.655812 -0.0655098 
0.474792 -0.485198 -7 124 -0.631891 -0.402512 
-2.10211 -0.684594 -7 129 0.248388 -0.496878 
-3.11373 -0.303232 -7 130 0.533621 -0.385108 
-1.59533 0.795126 -7 132 0.132032 -0.0158076 
-3.58737 1.4874 -7 135 0.664212 0.113344 
-0.615215 -0.161545 -7 146 -0.210075 -0.302331 
