1.50492 8.95177 -1.01173 5 -0.615661 -0.336277 
-2.36095 6.71981 0.0648834 6 0.492552 -0.309855 
-1.18389 7.39938 -0.935763 10 0.0158004 -0.519007 
-0.178643 7.97976 0.508014 11 -0.207587 -0.0515801 
0.882168 8.59222 -0.707979 12 -0.492374 -0.300239 
0.899845 8.60243 -1.45278 14 -0.53112 -0.475178 
0.308716 8.26114 -0.602419 18 -0.361493 -0.307341 
-0.834292 7.60122 -0.745649 20 -0.0791098 -0.431894 
-2.65363 6.55083 1.42287 22 0.668646 0.134688 
-2.57331 6.5972 -0.0115366 25 0.585921 -0.356196 
1.53151 8.96712 0.925447 27 -0.538773 0.083516 
-1.29918 7.33282 1.56526 29 0.1509 0.198869 
1.89409 9.17646 -0.898766 30 -0.681108 -0.290563 
-2.71663 6.51445 0.575812 32 0.670101 -0.161506 
1.20489 8.77855 1.35968 34 -0.464357 0.166839 
0.643979 8.45471 0.172026 37 -0.404379 -0.104136 
1.0009 8.66077 1.01151 39 -0.441213 0.0907407 
1.35417 8.86473 -1.19204 41 -0.602996 -0.383452 
-1.4565 7.24199 0.969849 43 0.180956 0.0237398 
-2.14768 6.84294 -0.101629 51 0.393511 -0.352217 
-0.421209 7.83972 -1.17149 54 -0.216341 -0.519029 
-1.24468 7.36429 0.57792 55 0.0995292 -0.07935 
-0.449959 7.82312 -0.349133 56 -0.17399 -0.29204 
1.11916 8.72905 0.11871 59 -0.499832 -0.100097 
2.502 9.52743 1.21213 60 -0.685369 0.150093 
0.976565 8.64672 0.659001 63 -0.450618 0.0168114 
-1.42581 7.25971 0.982136 67 0.174734 0.0318317 
1.84359 9.1473 -0.734752 70 -0.663249 -0.254958 
2.0992 9.29488 1.12901 72 -0.624875 0.132963 
-2.63329 6.56257 1.86537 75 0.671021 0.279322 
0.772201 8.52873 0.816256 76 -0.400549 0.0442228 
-2.18179 6.82325 0.0567123 84 0.41448 -0.294542 
-1.81168 7.03693 1.23812 85 0.318265 0.0945708 
-2.31638 6.74554 0.814643 87 0.498122 -0.0517316 
2.20527 9.35612 0.861552 89 -0.648356 0.081537 
0.17216 8.1823 0.981234 106 -0.268552 0.0716431 
-1.22592 7.37512 0.548265 107 0.0884216 -0.0885222 
-0.30588 7.9063 0.0837691 108 -0.187756 -0.173719 
-2.27819 6.76759 -0.186085 109 0.443764 -0.390293 
1.53832 8.97105 -0.336704 110 -0.5944 -0.180149 
-0.383025 7.86176 0.22409 112 -0.164325 -0.137174 
1.39446 8.888 1.03195 114 -0.514804 0.103496 
-1.79023 7.04931 1.8524 116 0.331511 0.272506 
-0.803108 7.61923 -0.814071 117 -0.0947818 -0.447118 
1.29458 8.83033 1.97538 118 -0.454073 0.295442 
-0.964105 7.52628 0.885878 120 0.0249516 0.0130345 
1.68572 9.05615 0.970133 121 -0.566203 0.0943746 
0.0926466 8.13639 -1.10015 128 -0.337129 -0.452559 
-1.20685 7.38613 1.22507 129 0.110745 0.103336 
-2.44383 6.67196 -0.385326 131 0.514866 -0.471402 
1.04442 8.6859 0.452906 133 -0.471547 -0.0321914 
-1.33285 7.31338 0.696058 135 0.131751 -0.0494678 
-0.621084 7.72432 1.104 141 -0.0643185 0.0857658 
2.40916 9.47383 1.43867 146 -0.661264 0.195979 
-0.582336 7.74669 0.181318 147 -0.110946 -0.158279 
-0.447254 7.82468 0.726916 148 -0.125295 -0.00981363 
-1.07075 7.46471 -0.23607 149 0.010064 -0.302132 
-0.106953 8.02115 -0.188349 150 -0.245651 -0.226501 
-2.15233 6.84026 -0.0957294 160 0.397273 -0.344333 
-2.43306 6.67818 0.0756168 161 0.523384 -0.311808 
1.66029 9.04147 -0.791988 162 -0.632394 -0.275603 
1.18573 8.76749 -1.30616 163 -0.575026 -0.423793 
-0.717429 7.6687 0.357392 164 -0.0654488 -0.115084 
-2.12399 6.85662 0.667081 166 0.415512 -0.0944164 
0.840218 8.568 1.74362 168 -0.381699 0.248496 
0.0695622 8.12307 1.38063 169 -0.230209 0.162022 
-1.10514 7.44485 1.99159 172 0.109576 0.310674 
0.827608 8.56072 -0.196826 177 -0.457332 -0.18309 
0.817645 8.55497 1.17423 181 -0.394866 0.124704 
1.11154 8.72465 -0.22035 188 -0.512967 -0.177889 
-1.12203 7.4351 -0.763709 191 0.00555583 -0.464771 
-0.560641 7.75922 -0.484044 192 -0.149665 -0.33942 
1.01143 8.66685 -1.03298 194 -0.526685 -0.370788 
-1.21876 7.37925 1.56713 198 0.12612 0.19622 
-2.46086 6.66212 1.43715 200 0.577832 0.143329 
1.63059 9.02433 -0.54542 202 -0.61855 -0.223949 
-2.60244 6.58039 -0.419929 205 0.584808 -0.502939 
0.530427 8.38915 0.212413 206 -0.376851 -0.103886 
-1.89242 6.99031 1.67854 209 0.357634 0.223179 
-0.0829147 8.03503 0.967789 213 -0.208583 0.0616261 
-1.32904 7.31558 0.826885 214 0.135492 -0.0130165 
-2.20564 6.80948 0.351964 217 0.436128 -0.20188 
0.498224 8.37055 -0.257251 218 -0.39387 -0.217197 
-1.18272 7.40006 -0.335728 222 0.0387896 -0.338826 
1.50761 8.95332 1.78202 225 -0.501677 0.256008 
0.843826 8.57009 1.93717 228 -0.366543 0.287876 
0.842776 8.56948 1.16326 230 -0.403515 0.122379 
1.20088 8.77623 0.396294 235 -0.506494 -0.0335247 
-0.477256 7.80736 0.692004 238 -0.117814 -0.0163184 
-2.63039 6.56425 -0.0067306 240 0.60983 -0.361501 
2.1672 9.33414 0.137181 241 -0.674682 -0.0608943 
0.34969 8.2848 -0.208161 246 -0.357868 -0.211755 
-2.65581 6.54957 -0.244999 247 0.615508 -0.448924 
2.29158 9.40595 0.467399 249 -0.681502 0.010401 
