-4.80195 0.41523 7 21 545.686 227.543 
-5.92999 -1.73451 7 23 467.43 31.5504 
-5.37012 0.037908 7 24 498.541 188.227 
-5.21106 1.44812 7 29 500.941 315.244 
-5.40598 0.152698 7 30 494.799 198.445 
-5.875 -0.508694 7 36 463.755 139.945 
-5.59816 -0.619665 7 42 485.125 128.777 
-6.33365 0.109205 7 44 430.026 190.99 
-6.25916 0.145289 7 48 434.46 194.11 
-7 -0.503339 4.01391 52 180.793 124.259 
-7 -0.64261 4.44771 54 221.628 114.352 
-7 1.81819 2.50338 57 12.0938 383.38 
-7 0.78654 5.75191 68 318.708 242.572 
-7 -0.100249 4.19611 69 198.744 166.171 
-7 -0.527577 4.46053 71 222.766 125.777 
-7 -0.14175 5.47309 72 302.041 166.654 
-7 1.61955 6.53315 73 362.763 299.036 
-7 1.51818 2.67054 81 32.849 346.377 
-7 0.883221 6.2108 82 346.704 247.741 
-7 -0.72299 3.2493 84 95.5008 90.9576 
-7 1.48523 2.57162 86 19.1947 344.939 
-7 1.20864 2.59145 88 20.0227 313.58 
-7 1.46933 5.82185 93 321.56 295.016 
-7 -0.576654 5.65743 96 315.664 130.492 
