-7 0.0943094 -5.21035 64 593.514 332.857 
-7 1.11392 -6.02536 65 514.815 417.528 
-7 0.886694 -5.35798 67 577.389 410.147 
-7 1.34911 -4.82912 74 637.671 475.939 
-7 0.694743 -5.33965 78 579.494 391.073 
-7 1.12101 -6.65735 79 466.401 405.752 
-7 -1.84392 -6.0007 85 524.617 165.759 
-7 -0.295975 -5.19552 90 595.309 294.672 
-7 0.592834 -6.66606 94 467.853 361.893 
-7 -0.609874 -5.90804 100 529.168 265.762 
-5.46333 -1.29075 -7 102 373.573 192.026 
-4.55559 -0.250499 -7 105 302.083 269.689 
-2.11042 -0.0563179 -7 106 17.0891 251.025 
-5.09885 0.316864 -7 107 337.423 328.801 
-6.22725 1.4028 -7 110 401.525 426.916 
-5.05591 -0.451909 -7 117 340.877 257.464 
-3.07632 -1.96878 -7 120 187.719 55.6411 
-3.56835 0.827876 -7 121 196.346 379.129 
-6.20015 -0.954561 -7 122 413.232 231.459 
-2.10211 -0.684594 -7 129 33.0595 164.667 
-3.11373 -0.303232 -7 130 163.84 240.681 
-3.58737 1.4874 -7 135 187.589 459.968 
-6.2831 -0.370457 -7 140 414.524 278.43 
-5.05277 -1.83336 -7 148 351.641 137.619 
-6.46998 0.52855 -7 150 419.682 352.135 
