-6.33365 0.109205 7 44 627.613 157.835 
-6.25916 0.145289 7 48 633.463 161.203 
-7 0.21307 2.3409 51 210.655 128.019 
-7 -0.503339 4.01391 52 381.324 72.0776 
-7 -0.64261 4.44771 54 418.683 64.3508 
-7 -0.441068 2.32778 56 212.024 50.3056 
-7 1.81819 2.50338 57 221.329 300.402 
-7 1.50288 1.91462 59 157.234 269.951 
-7 0.78654 5.75191 68 494.737 205.328 
-7 -0.100249 4.19611 69 392.511 115.251 
-7 -0.527577 4.46053 71 418.427 76.0658 
-7 -0.14175 5.47309 72 487.822 124.049 
-7 1.61955 6.53315 73 531.284 270.844 
-7 1.51818 2.67054 81 239.985 269.767 
-7 0.883221 6.2108 82 521.681 214.276 
-7 -0.72299 3.2493 84 312.988 35.1902 
-7 1.48523 2.57162 86 229.956 266.647 
-7 1.20864 2.59145 88 233.367 238.238 
-7 1.46933 5.82185 93 491.108 260.379 
-7 -0.576654 5.65743 96 505.559 86.8917 
