-7 0.21307 2.3409 51 576.933 382.27 
-7 -1.78251 -2.62609 53 13.4308 157.815 
-7 -0.29883 -1.326 55 143.494 321.877 
-7 -0.441068 2.32778 56 565.956 304.233 
-7 -1.05185 -1.49538 60 131.099 235.67 
-7 -0.184126 -2.39523 62 14.0288 336.084 
-7 -1.45394 1.58819 66 473.104 193.583 
-7 -1.07602 2.04225 70 526.191 233.605 
-7 -1.87164 2.51938 75 567.564 151.756 
-7 0.577231 -1.47952 76 115.549 431.984 
-7 -1.86155 -2.22478 77 58.8568 150.006 
-7 -1.9255 2.82609 83 598.823 146.63 
-7 -0.166603 0.216342 87 324.865 337.137 
-7 0.312724 -0.335245 92 258.454 396.686 
-7 -1.0576 1.73598 99 492.768 235.543 
