7.15996 -3.9491 0.231069 501 126.7 148.865 
7.75999 -3.60267 0.808332 502 192.89 200.709 
9.29836 -2.71449 1.94602 503 305.529 262.497 
9.54954 -2.56948 1.62614 504 320.349 238.527 
9.1254 -2.81435 -0.972402 505 285.124 52.6757 
7.62157 -3.68259 0.309022 516 177.017 155.901 
7.24861 -3.89792 -1.1423 520 120.641 8.78383 
9.51565 -2.58904 1.12107 521 314.986 205.887 
8.29682 -3.29273 -0.961132 526 224.704 43.1662 
7.67594 -3.6512 1.18816 529 190.377 231.799 
9.28962 -2.71954 -1.63781 531 290.475 1.39309 
7.01301 -4.03394 -0.97463 534 95.2344 20.6038 
7.77252 -3.59544 -0.54676 544 182.314 78.6175 
8.80092 -3.00169 1.19755 545 274.185 217.506 
8.06725 -3.42528 1.6113 573 226.107 260.735 
7.62174 -3.68249 1.0201 577 182.799 219.301 
6.59806 -4.27351 1.37278 589 78.0497 268.205 
8.43181 -3.2148 -0.531218 590 238.925 83.6522 
8.52047 -3.16361 0.124086 605 248.691 137.988 
8.21821 -3.33812 0.87683 609 231.257 198.432 
8.95105 -2.91501 -0.0284258 613 278.58 125.996 
8.58134 -3.12847 1.5153 614 258.995 243.684 
8.24406 -3.3232 1.57934 624 236.588 253.752 
8.37201 -3.24932 -1.42691 633 228.655 1.72386 
7.92744 -3.50599 0.853241 634 207.144 202.081 
7.04767 -4.01393 1.30024 635 127.867 253.019 
6.13888 -4.53862 1.31542 644 13.2307 277.889 
7.74644 -3.6105 0.0375105 649 184.684 129.217 
7.0982 -3.98476 0.68195 653 128.134 192.928 
7.02559 -4.02668 0.448994 659 114.42 172.301 
8.5643 -3.13831 0.571234 665 253.794 175.604 
8.78782 -3.00925 1.27741 666 274.054 224.128 
8.98332 -2.89638 -0.0875092 671 279.863 122.654 
6.39838 -4.3888 1.60708 675 55.9812 301.138 
8.96859 -2.90489 1.45636 680 286.818 234.51 
9.51544 -2.58916 0.00507541 681 310.246 128.417 
8.52145 -3.16304 1.28747 684 256.064 228.496 
7.92479 -3.50752 1.32245 688 211.738 238.143 
8.15199 -3.37635 -0.280505 689 217.785 102.141 
8.26763 -3.30959 0.733282 692 235.176 188.525 
8.01947 -3.45286 0.702216 699 213.395 187.675 
7.30395 -3.86597 1.05537 703 153.728 226.982 
6.39348 -4.39163 0.914159 705 44.3105 227.953 
7.22497 -3.91156 0.961317 706 143.61 218.214 
8.16644 -3.36801 1.19775 712 232.132 225.529 
8.51548 -3.16649 1.61138 714 257.792 253.264 
6.58729 -4.27973 1.46929 725 77.8272 280.58 
9.11375 -2.82108 -0.331225 726 287.547 101.592 
7.13639 -3.96271 -0.718485 732 115.01 51.0072 
6.09889 -4.56171 1.10908 735 3.68211 255.339 
9.10626 -2.8254 1.29642 737 294.452 221.952 
6.72719 -4.19896 0.433244 741 79.3426 173.013 
8.61615 -3.10837 -1.12108 742 247.946 34.3462 
8.54451 -3.14973 -0.0560757 747 251.07 123.14 
7.49302 -3.75681 0.49302 748 168.062 174.179 
9.02166 -1.62597 0.310692 751 375.785 146.641 
8.84921 -1.32728 1.80752 757 400.581 262.444 
9.23701 -1.99898 0.725578 758 352.29 179.349 
8.51992 -0.756939 0.408137 759 445.69 152.111 
7.75054 0.575679 1.75169 773 588.109 286.004 
7.65875 0.734657 0.495993 779 621.395 154.932 
9.27207 -2.0597 -0.388348 784 342.248 96.9256 
7.7677 0.545948 0.346374 797 592.968 138.881 
8.5833 -0.866718 0.816146 801 437.193 186.708 
8.79364 -1.23104 1.71911 805 406.252 256.933 
7.79816 0.49319 1.85753 808 577.771 292.512 
7.81192 0.469365 1.38832 814 574.508 248.95 
8.27608 -0.334586 -0.00492856 815 488.209 111.961 
7.72815 0.61446 -0.217688 816 608.576 75.2013 
8.79838 -1.23924 -0.076131 817 404.198 112.729 
8.9917 -1.57408 -0.263508 820 379.016 102.465 
7.71438 0.638309 -0.336083 827 612.85 61.7594 
8.37839 -0.511796 0.804967 830 468.931 185.742 
7.85255 0.39899 0.707979 831 569.831 176.516 
9.00086 -1.58994 1.58986 834 381.996 242.837 
8.05704 0.0447927 0.347131 837 528.439 140.877 
8.22434 -0.244979 -0.782358 838 499.408 29.5647 
8.81824 -1.27364 -0.967993 842 400.354 37.7732 
9.4474 -2.36338 -1.09642 844 323.228 43.8242 
8.71228 -1.09011 -0.848161 845 416.025 42.3865 
8.83929 -1.31011 1.12568 849 400.011 209.972 
8.421 -0.585604 -0.76008 856 461.844 41.3024 
8.71634 -1.09715 -1.05762 862 415.417 25.3663 
8.05963 0.040311 0.283874 878 530.857 136.022 
8.79205 -1.22828 1.24024 880 408.206 219.644 
9.26617 -2.04948 1.18971 881 347.243 211.4 
8.55161 -0.811824 0.960383 887 441.901 199.613 
8.75985 -1.1725 0.775444 893 410.749 181.739 
8.49526 -0.714226 0.0445874 902 451.073 119.967 
9.19568 -1.92739 0.768329 913 355.719 184.237 
7.703 0.65802 -0.183774 927 615.38 78.1968 
8.84897 -1.32687 1.20156 929 398.158 215.65 
8.21418 -0.227369 1.2496 933 496.727 226.604 
8.99498 -1.57975 1.82216 934 379.461 259.385 
8.51325 -0.745376 -0.600431 941 448.102 58.574 
8.81557 -1.26902 -1.19832 944 400.008 15.5027 
8.73736 -1.13355 1.94259 946 414.129 274.91 
7.78699 0.51253 1.89064 949 579.992 298.135 
8.23755 -0.267852 -0.0508432 959 494.651 106.379 
9.40671 -2.2929 1.01021 963 332.484 200.49 
8.33271 -0.432673 -0.868744 976 478.848 27.4407 
9.36968 -2.22876 1.49865 979 338.644 232.565 
9.47971 -2.41934 0.180696 982 322.716 140.982 
8.14802 -0.112783 1.12075 986 507.215 216.054 
8.42012 -0.584075 0.413676 987 461.374 151.826 
8.18073 -0.169436 -0.844467 988 507.114 23.1936 
9.45187 -2.37112 -1.5872 989 320.066 6.86314 
8.99905 -1.58682 1.73484 994 381.014 255.678 
8.82589 -1.28688 1.75285 1000 400.335 258.049 
