4.24209 -0.169362 7 2 0.553668 -0.254818 
4.21586 0.44696 7 6 0.569832 -0.0998804 
3.83317 -1.18305 7 7 0.431184 -0.510581 
1.43468 0.247817 7 14 -0.114804 -0.0126946 
1.15492 0.329495 7 16 -0.196498 0.0303421 
3.85259 1.05777 7 18 0.519349 0.0686479 
3.59484 -1.08373 7 19 0.382501 -0.479576 
1.72001 0.911917 7 20 0.00653366 0.165631 
2.29586 0.474308 7 27 0.139176 0.00278171 
1.36705 1.3428 7 37 -0.0703904 0.319207 
1.32504 1.59645 7 41 -0.068041 0.396551 
1.79943 -0.524923 7 46 -0.0515479 -0.268287 
3.75278 1.55867 7 49 0.517202 0.197293 
