-1.97014 0.361326 7 3 0.144559 0.101373 
-2.93389 0.906698 7 9 -0.113394 0.246177 
-2.14837 -1.21575 7 10 0.0966946 -0.344082 
-0.578608 0.00250695 7 11 0.622258 -0.0161756 
-0.39693 -1.00404 7 12 0.680859 -0.365194 
-4.80195 0.41523 7 21 -0.483113 0.102177 
-3.28746 -0.347612 7 22 -0.184518 -0.0865382 
-5.92999 -1.73451 7 23 -0.622893 -0.329837 
-5.37012 0.037908 7 24 -0.568393 0.0187863 
-5.21106 1.44812 7 29 -0.564863 0.332233 
-5.40598 0.152698 7 30 -0.575521 0.0433803 
-2.84657 -0.836733 7 31 -0.0809295 -0.220026 
-3.76175 1.7333 7 32 -0.306044 0.446394 
-2.21352 -0.0799941 7 33 0.0764413 -0.0271648 
-5.875 -0.508694 7 36 -0.63361 -0.0907649 
-4.02466 -0.174699 7 39 -0.336645 -0.0362682 
-3.22548 0.288125 7 40 -0.176189 0.0763338 
-5.59816 -0.619665 7 42 -0.592566 -0.116658 
-3.26615 1.27581 7 43 -0.193973 0.339771 
-2.70348 -0.732172 7 47 -0.0472909 -0.196692 
