-7 1.12101 -6.65735 79 530 458.635 
-7 -1.84392 -6.0007 85 608.837 208.931 
-7 0.592834 -6.66606 94 533.686 412.134 
-7 -0.609874 -5.90804 100 609.361 318.395 
-5.46333 -1.29075 -7 102 442.951 231.065 
-4.55559 -0.250499 -7 105 367.499 313.215 
-2.11042 -0.0563179 -7 106 98.7324 298.612 
-5.09885 0.316864 -7 107 399.898 373.94 
-6.22725 1.4028 -7 110 459.897 476.078 
-5.05591 -0.451909 -7 117 406.759 299.988 
-3.07632 -1.96878 -7 120 265.701 97.3384 
-3.56835 0.827876 -7 121 259.795 425.264 
-6.20015 -0.954561 -7 122 481.577 271.465 
-2.10211 -0.684594 -7 129 116.63 212.966 
-3.11373 -0.303232 -7 130 234.894 285.844 
-1.30535 -1.94469 -7 131 32.5605 4.63473 
-6.2831 -0.370457 -7 140 480.563 320.808 
-5.05277 -1.83336 -7 148 423.359 174.882 
-6.46998 0.52855 -7 150 482.19 398.089 
