-7 -0.29883 -1.326 55 0.435235 -0.181548 
-7 0.46862 -2.98529 58 0.0294637 0.00215457 
-7 -1.05185 -1.49538 60 0.394636 -0.384255 
-7 -1.03485 -3.75523 61 -0.136668 -0.327958 
-7 -0.184126 -2.39523 62 0.157748 -0.145715 
-7 0.0943094 -5.21035 64 -0.368706 -0.0822378 
-7 1.11392 -6.02536 65 -0.466208 0.0946249 
-7 0.886694 -5.35798 67 -0.377539 0.0625817 
-7 1.34911 -4.82912 74 -0.291377 0.152563 
-7 0.577231 -1.47952 76 0.384085 0.0418721 
-7 0.694743 -5.33965 78 -0.378006 0.0282523 
-7 1.12101 -6.65735 79 -0.546599 0.0885698 
-7 0.821262 -3.48263 80 -0.0669561 0.071399 
-7 -1.84392 -6.0007 85 -0.520796 -0.451443 
-7 1.69039 -1.92004 89 0.266688 0.287787 
-7 -0.295975 -5.19552 90 -0.37299 -0.157045 
-7 1.40697 -4.3308 91 -0.211128 0.171898 
-7 0.592834 -6.66606 94 -0.558114 0.00137081 
-7 -1.56958 -3.12031 95 -0.0113933 -0.471416 
-7 -1.20087 -3.87679 97 -0.161818 -0.363308 
-7 1.52805 -2.92335 98 0.0470872 0.225587 
-7 -0.609874 -5.90804 100 -0.48259 -0.212544 
-6.46998 0.52855 -7 150 -0.687682 0.00341458 
