-8.26463 0.314754 1.16404 251 42.198 338.147 
-7.46287 -1.07392 -1.59589 252 186.625 64.7954 
-8.41737 0.579321 1.27562 256 17.6537 345.75 
-7.4714 -1.05915 0.355818 260 181.131 272.176 
-6.64917 -2.4833 -0.440182 261 352.428 192.375 
-7.14741 -1.62032 1.76556 264 238.285 424.796 
-5.66157 -4.19387 -0.652214 270 609.037 169.136 
-6.94006 -1.97946 1.55981 271 280.214 409.167 
-5.67473 -4.17108 -1.85136 273 613.569 8.17094 
-6.17442 -3.3056 1.44019 275 457.799 420.724 
-6.35803 -2.98756 0.146678 278 418.696 262.449 
-6.14897 -3.34967 0.179673 281 470.794 270.159 
-6.80803 -2.20814 1.05615 282 311.616 358.185 
-6.90676 -2.03715 -0.996423 283 297.946 127.507 
-8.12164 0.0670859 0.804812 290 65.5723 309.35 
-6.95343 -1.95631 1.29159 291 278.945 382.588 
-6.93825 -1.9826 -0.53082 295 290.589 178.39 
-6.74023 -2.32557 -0.914689 296 332.379 136.835 
-8.26682 0.318554 -1.13985 297 44.6386 117.738 
-7.01036 -1.8577 1.45833 300 268.29 396.524 
-7.95776 -0.216756 -0.267516 301 94.5257 204.957 
-8.24121 0.274194 1.30161 302 46.2814 352.793 
-6.1528 -3.34303 -1.89329 303 480.629 12.4707 
-7.19832 -1.53215 -0.65154 305 235.831 167.079 
-7.50388 -1.00291 -1.74177 307 177.386 50.5336 
-7.75587 -0.566441 -1.28568 308 132.417 100.373 
-6.04128 -3.53619 -1.20014 309 504.982 99.8113 
-6.64642 -2.48807 1.41126 310 345.403 402.952 
-6.53509 -2.68089 -1.87527 314 383.568 20.8878 
-7.11395 -1.67828 -0.473701 317 252.079 185.533 
-6.44508 -2.83679 -1.6951 321 406.629 40.7949 
-7.51344 -0.986333 -0.814325 323 176.702 148.442 
-7.53876 -0.942491 0.491179 328 167.302 284.996 
-5.70343 -4.12137 0.704539 329 586.047 342.043 
-7.72464 -0.62053 -0.0248013 332 134.552 230.037 
-7.68847 -0.683171 1.35649 337 135.775 370.993 
-7.95987 -0.213096 0.306596 339 93.2371 260.552 
-8.52917 0.772963 -1.76171 342 4.21938 60.4005 
-6.83154 -2.16742 0.486301 345 308.05 294.988 
-7.96405 -0.205854 1.31542 346 90.077 362.222 
-8.12381 0.0708475 -1.49958 347 68.9722 81.443 
-8.00123 -0.141456 -0.325795 349 86.6283 197.577 
-7.28977 -1.37375 -1.87683 352 219.892 33.0558 
-7.45408 -1.08915 -1.1234 354 184.811 114.141 
-5.82827 -3.90515 1.73075 357 545.25 466.64 
-7.13206 -1.6469 0.386525 358 244.432 280.416 
-7.24008 -1.45982 0.239176 360 223.745 262.747 
-8.26227 0.31067 0.618929 366 42.5953 286.678 
-6.57086 -2.61894 0.112404 367 365.72 255.79 
-6.73207 -2.33972 -0.455992 369 332.983 188.772 
-6.90193 -2.0455 0.150108 371 295.441 256.501 
-7.92892 -0.2667 1.10434 372 95.8244 339.104 
-6.32726 -3.04087 -1.31425 373 432.299 85.0923 
-8.43087 0.60269 -0.733047 375 19.226 158.248 
-8.19099 0.187209 -1.2445 378 56.1515 105.987 
-7.6338 -0.777869 -0.0587155 380 152.569 225.934 
-6.69448 -2.40482 0.483031 384 336.537 296.134 
-5.96156 -3.67428 1.39164 385 511.498 420.139 
-8.12127 0.0664484 1.25361 388 65.728 349.221 
-6.74479 -2.31769 0.740399 393 328.575 324.055 
-7.37732 -1.22211 -1.65372 397 202.467 57.0983 
-5.6307 -4.24734 -0.845678 398 619.309 143.619 
-8.52092 0.758672 -1.7528 399 4.32051 60.133 
-6.97577 -1.91761 -0.4901 401 282.297 184.023 
-7.81782 -0.459131 0.076778 403 118.407 237.899 
-7.52277 -0.970174 1.1088 406 169.921 348.321 
-6.46686 -2.79907 -0.256321 409 393.693 212.715 
-7.63883 -0.769162 -0.119058 410 150.937 221.57 
-6.97717 -1.91519 1.81959 414 272.454 437.26 
-7.3798 -1.21781 -1.93698 415 202.517 28.5559 
-8.21371 0.226557 -0.790225 417 52.0049 149.473 
-7.84199 -0.417283 -1.30465 420 116.899 98.3612 
-5.68549 -4.15243 -1.43883 421 608.602 63.7885 
-7.91669 -0.287895 -0.0147918 423 100.457 230.887 
-6.09064 -3.4507 -1.01841 424 494.639 120.342 
-6.00176 -3.60464 0.426871 430 506.749 301.187 
-5.71018 -4.10968 -1.61545 434 600.705 41.055 
-6.84225 -2.14887 1.74644 436 301.17 433.864 
-8.05966 -0.0402563 -0.2345 439 77.1478 207.619 
-6.44049 -2.84475 -0.804824 441 403.172 151.023 
-6.48803 -2.7624 0.108587 442 386.466 255.14 
-5.69392 -4.13784 -0.92901 443 601.714 130.44 
-6.23335 -3.20352 -1.64394 444 457.711 44.3838 
-7.28007 -1.39054 -0.1606 450 217.072 218.798 
-6.50928 -2.7256 -0.0902829 452 383.903 232.944 
-8.18295 0.173293 -0.148578 455 57.9552 216.106 
-8.15687 0.12812 0.541817 457 60.2701 281.721 
-6.03331 -3.55 -0.591601 458 504.237 173.851 
-7.48055 -1.0433 0.202815 459 179.411 256.156 
-8.06618 -0.0289635 1.04644 461 75.2018 331.608 
-6.65278 -2.47704 -0.576839 463 352.42 174.495 
-5.60301 -4.2953 -1.17858 464 630.796 96.9963 
-5.68074 -4.16068 0.111245 466 596.561 266.317 
-7.42117 -1.14615 0.204588 467 190.461 254.874 
-5.94183 -3.70845 -0.699449 468 531.194 161.671 
-6.23302 -3.2041 1.90527 471 439.945 472.56 
-5.88723 -3.80302 -0.421933 473 541.052 196.2 
-7.72533 -0.619337 0.904189 476 132.409 325.261 
-7.83655 -0.426699 0.919261 479 114.2 322.798 
-7.18002 -1.56384 -1.73226 481 242.803 47.7891 
-7.03065 -1.82256 -1.92608 482 273.706 23.3142 
-6.7498 -2.309 -0.746357 485 329.729 156.111 
-8.11594 0.0572182 0.887934 486 66.5436 316.684 
-5.72951 -4.0762 -0.498216 489 586.853 188.419 
