-7 -0.29883 -1.326 55 463.363 157.605 
-7 0.46862 -2.98529 58 283.802 241.049 
-7 -1.05185 -1.49538 60 445.148 67.823 
-7 -1.03485 -3.75523 61 210.882 88.8425 
-7 -0.184126 -2.39523 62 342.084 172.985 
-7 1.26508 -0.184774 63 604.9 349.841 
-7 0.0943094 -5.21035 64 99.9307 201.574 
-7 1.11392 -6.02536 65 49.9443 286.425 
-7 0.886694 -5.35798 67 93.2361 270.615 
-7 1.34911 -4.82912 74 132.905 313.63 
-7 0.577231 -1.47952 76 442.051 258.739 
-7 0.694743 -5.33965 78 93.6117 254.14 
-7 1.12101 -6.65735 79 10.9523 283.811 
-7 0.821262 -3.48263 80 239.114 273.797 
-7 -1.84392 -6.0007 85 34.9915 29.3131 
-7 1.69039 -1.92004 89 390.389 374.353 
-7 -0.295975 -5.19552 90 99.1698 166.378 
-7 1.40697 -4.3308 91 170.704 322.491 
-7 0.312724 -0.335245 92 590.927 232.203 
-7 0.592834 -6.66606 94 7.31878 241.559 
-7 -1.56958 -3.12031 95 268.37 25.7246 
-7 -1.20087 -3.87679 97 199.812 72.6618 
-7 1.52805 -2.92335 98 290.598 346.505 
-7 -0.609874 -5.90804 100 48.2504 139.997 
