-1.97014 0.361326 7 3 0.64111 0.129495 
-2.93389 0.906698 7 9 0.367992 0.315467 
-2.14837 -1.21575 7 10 0.469765 -0.31846 
-4.80195 0.41523 7 21 -0.0518361 0.220775 
-3.28746 -0.347612 7 22 0.212973 -0.00379299 
-5.92999 -1.73451 7 23 -0.263649 -0.146437 
-5.37012 0.037908 7 24 -0.149081 0.155318 
-5.21106 1.44812 7 29 -0.0848698 0.443728 
-5.40598 0.152698 7 30 -0.151002 0.178633 
-2.84657 -0.836733 7 31 0.295865 -0.154063 
-2.21352 -0.0799941 7 33 0.524184 0.00757035 
-5.875 -0.508694 7 36 -0.229351 0.0661879 
-4.02466 -0.174699 7 39 0.0650103 0.0700756 
-3.22548 0.288125 7 40 0.258548 0.154019 
-5.59816 -0.619665 7 42 -0.19701 0.0367592 
-3.26615 1.27581 7 43 0.299098 0.418494 
-6.33365 0.109205 7 44 -0.270058 0.188323 
-2.70348 -0.732172 7 47 0.338863 -0.13832 
-6.25916 0.145289 7 48 -0.260607 0.193471 
-7 0.78654 5.75191 68 -0.544939 0.375547 
-7 -0.14175 5.47309 72 -0.621073 0.193098 
-7 1.61955 6.53315 73 -0.384429 0.491926 
-7 0.883221 6.2108 82 -0.45411 0.369239 
-7 1.46933 5.82185 93 -0.518173 0.515844 
-7 -0.576654 5.65743 96 -0.587668 0.100586 
