-7 0.46862 -2.98529 58 0.499062 -0.0430756 
-7 -1.03485 -3.75523 61 0.289453 -0.374378 
-7 -0.184126 -2.39523 62 0.66593 -0.224038 
-7 0.0943094 -5.21035 64 0.038129 -0.0940403 
-7 1.11392 -6.02536 65 -0.0590169 0.0865934 
-7 0.886694 -5.35798 67 0.0305284 0.0503323 
-7 1.34911 -4.82912 74 0.122917 0.136799 
-7 0.694743 -5.33965 78 0.0296802 0.0162581 
-7 1.12101 -6.65735 79 -0.137209 0.0846216 
-7 0.821262 -3.48263 80 0.379808 0.0401068 
-7 -1.84392 -6.0007 85 -0.116369 -0.429638 
-7 -0.295975 -5.19552 90 0.0328941 -0.167514 
-7 1.40697 -4.3308 91 0.212116 0.153874 
-7 0.592834 -6.66606 94 -0.148719 0.0023067 
-7 -1.20087 -3.87679 97 0.259839 -0.406485 
-7 1.52805 -2.92335 98 0.527144 0.20465 
-7 -0.609874 -5.90804 100 -0.0776857 -0.208637 
-5.46333 -1.29075 -7 102 -0.456243 -0.318797 
-4.55559 -0.250499 -7 105 -0.611096 -0.0954788 
-5.09885 0.316864 -7 107 -0.472294 0.0110914 
-6.22725 1.4028 -7 110 -0.26201 0.159155 
-5.05591 -0.451909 -7 117 -0.50746 -0.146485 
-6.20015 -0.954561 -7 122 -0.324193 -0.244807 
-6.2831 -0.370457 -7 140 -0.297395 -0.141285 
-5.05277 -1.83336 -7 148 -0.559013 -0.448641 
-6.46998 0.52855 -7 150 -0.250953 0.00707549 
