-5.21737 5.07065 -0.784054 2 404.607 131.213 
-6.30704 4.44153 1.88748 3 549.284 446.48 
-4.28285 5.6102 -0.35009 4 275.659 173.76 
-3.05032 6.3218 1.27862 8 63.8136 405.292 
-4.55705 5.45189 0.173982 17 317.182 243.651 
-2.78176 6.47686 1.65747 19 5.32714 468.759 
-7.27042 3.88532 -0.762006 28 630.908 150.954 
-2.71663 6.51445 0.575812 32 3.63581 296.797 
-5.58769 4.85685 -0.0889875 33 453.673 214.626 
-4.90516 5.25091 0.957061 35 367.03 342.045 
-3.74583 5.92025 -0.779907 36 194.437 114.023 
-3.03012 6.33346 -0.976834 38 74.5563 75.9859 
-4.01906 5.7625 0.688089 42 233.65 311.148 
-6.52013 4.31851 -0.668232 44 557.577 155.766 
-5.48126 4.9183 1.10702 45 444.62 358.852 
-5.01404 5.18805 -1.36312 47 379.801 60.6882 
-5.40315 4.96339 -0.284863 49 429.448 189.654 
-3.33545 6.15718 -0.435976 52 126.94 154.56 
-6.99514 4.04426 0.162238 53 611.489 245.111 
-7.12929 3.9668 -0.413303 57 622.343 187.925 
-4.59121 5.43217 1.87801 62 324.636 470.539 
-6.35552 4.41354 0.367926 65 546.805 268.317 
-3.74961 5.91807 1.32639 66 190.344 405.242 
-3.617 5.99463 -1.57595 71 179.107 10.9541 
-6.73615 4.19379 -0.772225 73 580.072 145.861 
-4.04408 5.74805 -1.06717 77 240.625 81.7997 
-4.14277 5.69108 0.84443 78 256.259 331.215 
-7.01524 4.03265 0.767731 80 619.102 312.4 
-6.84889 4.1287 -1.69131 81 586.523 55.571 
-3.86191 5.85323 -1.48589 82 213.755 25.7643 
-4.32489 5.58593 1.53801 86 282.515 424.772 
-4.13014 5.69837 -1.41351 88 255.807 38.9981 
-3.16889 6.25334 -1.4501 90 101.818 17.5021 
-4.96883 5.21415 -1.7676 92 371.793 13.2416 
-6.07518 4.57539 0.411442 94 514.258 272.698 
-6.7471 4.18746 0.728183 95 590.241 308.848 
-6.83682 4.13566 0.932129 96 598.601 332.709 
-5.96131 4.64114 0.2828 99 500.175 258.5 
-5.72779 4.77596 -0.0479517 100 470.467 219.936 
-3.51194 6.05528 0.00121058 101 152.028 214.353 
-4.97487 5.21066 0.882942 102 376.403 332.672 
-6.83515 4.13663 0.928504 104 602.011 329.14 
-5.91646 4.66703 -1.82728 105 485.39 23.8211 
-6.45698 4.35497 0.0373591 113 553.278 231.033 
-5.86459 4.69698 1.11578 115 492.758 356.992 
-3.7582 5.9131 1.64694 119 189.199 450.073 
-4.62783 5.41102 -0.263344 122 325.105 188.082 
-5.82616 4.71917 1.05356 123 487.192 350.362 
-4.37657 5.55609 0.727218 125 291.167 315.776 
-4.73475 5.34929 -1.6572 126 341.711 21.3649 
-6.48824 4.33692 0.602459 130 561.414 294.472 
-6.25679 4.47054 0.905937 144 536.512 330.092 
-5.45173 4.93535 -0.474326 153 435.843 169.115 
-2.79823 6.46735 0.492322 157 21.3332 284.793 
-3.75274 5.91626 -1.57757 159 198.19 12.7606 
-5.18032 5.09204 -1.54133 165 399.78 44.62 
-5.69185 4.79671 -0.755463 167 462.25 137.327 
-6.08649 4.56887 1.43535 170 521.19 393.311 
-6.68884 4.2211 0.597207 171 583.479 295.137 
-5.13805 5.11645 1.50194 175 400.972 410.659 
-6.73975 4.1917 -1.74479 178 572.981 46.9645 
-5.92197 4.66385 1.33939 179 500.259 384.264 
-5.55644 4.87489 1.22347 180 453.946 373.754 
-5.92731 4.66077 1.73781 182 503.035 432.492 
-5.70558 4.78878 -0.80519 184 465.358 132.762 
-4.00147 5.77265 1.17768 189 232.704 378.52 
-6.79289 4.16102 0.492295 190 593.17 282.491 
-3.97857 5.78587 -1.48671 197 231.895 28.1719 
-3.48498 6.07085 0.402763 199 148.282 273.969 
-4.54546 5.45858 1.2223 207 315.332 380.852 
-2.75916 6.4899 1.6333 210 3.24177 464.377 
-6.12407 4.54717 1.70161 211 525.594 426.296 
-2.88473 6.41741 -0.980824 212 50.7572 74.1786 
-4.20889 5.6529 1.89089 215 264.269 478.901 
-6.59885 4.27306 -1.66716 216 560.609 52.4102 
-5.75689 4.75916 -1.40167 219 466.483 68.7985 
-4.56488 5.44737 -0.00874334 220 317.536 219.519 
-3.28265 6.18767 0.466932 221 113.07 280.16 
-2.92339 6.39508 1.13342 229 38.1938 384.625 
-6.86074 4.12186 0.00652214 233 597.65 229.344 
-5.83224 4.71566 -1.67191 237 477.058 41.3034 
-7.02658 4.02611 -1.06432 239 605.579 119.857 
-4.83444 5.29174 -0.69456 244 353.427 137.669 
-2.65581 6.54957 -0.244999 247 0.636959 175.679 
-6.54441 4.30449 1.25315 248 572.011 369.886 
-3.8183 5.87841 -0.432496 250 205.725 160.695 
