5.64257 -0.481715 -7 109 446.232 250.523 
6.30632 -1.54879 -7 115 392.755 176.517 
4.50714 -1.04124 -7 119 532.589 179.377 
4.46367 -0.542201 -7 125 545.196 228.149 
6.6867 0.183154 -7 127 388.68 310.429 
6.46481 -1.88245 -7 128 380.841 155.366 
3.77354 -0.887468 -7 133 617.728 175.152 
6.08103 -0.977971 -7 134 411.835 216.097 
4.29646 -0.0380129 -7 139 571.812 278.224 
6.59087 -1.1778 -7 141 380.814 208.795 
4.8725 1.3091 -7 142 535.09 417.3 
6.26277 1.2623 -7 143 424.898 396.869 
6.4687 -1.97232 -7 149 379.783 148.975 
7 -0.0623122 -3.31422 152 74.9182 333.527 
7 -1.59791 -6.35011 157 320.951 183.395 
7 1.75895 -5.06184 159 263.609 478.147 
7 0.863395 -4.44339 163 202.956 408.033 
7 -0.724268 -3.10497 165 44.0118 261.159 
7 -0.863938 -6.09367 166 311.881 237.993 
7 1.33843 -4.95324 172 251.077 441.172 
7 0.759759 -5.08223 173 256.12 384.022 
7 -0.518283 -3.0968 179 44.1448 284.619 
7 0.741437 -4.00824 180 159.591 406.437 
7 -0.563655 -4.89557 181 229.862 266.879 
7 0.831841 -5.58946 182 294.06 380.819 
7 1.69172 -5.79597 183 316.058 450.837 
7 0.0865561 -4.29161 189 182.342 333.763 
7 -1.97934 -4.46413 190 182.008 140.352 
7 0.781169 -6.98961 200 377.151 355.069 
