4.32541 -5.58563 0.848861 506 -0.075641 0.268784 
3.31453 -6.16926 -0.82277 507 -0.338518 -0.260444 
2.55081 -6.61019 -1.05696 510 -0.605366 -0.387638 
5.15051 -5.10926 0.655281 515 0.193551 0.246746 
5.54127 -4.88365 0.584966 517 0.304392 0.242121 
6.5432 -4.30518 -1.86519 522 0.586989 -0.296021 
3.60364 -6.00234 1.48237 523 -0.366739 0.45295 
4.96491 -5.21641 -0.162781 524 0.161943 0.0159246 
3.18104 -6.24633 1.49572 527 -0.536098 0.448307 
4.45282 -5.51207 0.330289 528 -0.0137199 0.123346 
3.62183 -5.99184 -0.708902 530 -0.240138 -0.209414 
5.78814 -4.74112 0.731293 533 0.370893 0.285948 
7.01301 -4.03394 -0.97463 534 0.680922 -0.0807201 
3.84209 -5.86467 0.762035 537 -0.233479 0.22695 
6.50511 -4.32718 -1.71048 538 0.578545 -0.269045 
4.08321 -5.72546 -0.0501395 541 -0.114896 0.00427289 
3.27776 -6.19049 1.48571 543 -0.49357 0.445679 
5.8167 -4.72463 -0.692834 547 0.403608 -0.074301 
5.94865 -4.64845 -0.108768 552 0.425095 0.0744364 
4.14699 -5.68864 -0.0739802 553 -0.092589 -0.000475006 
2.76135 -6.48864 -0.835611 556 -0.539703 -0.308089 
5.11501 -5.12975 -1.32998 563 0.232693 -0.267656 
5.60572 -4.84644 -1.12497 564 0.356976 -0.190392 
4.17332 -5.67344 0.684667 567 -0.114359 0.221566 
4.23148 -5.63986 1.46124 569 -0.13446 0.456405 
4.08949 -5.72184 0.309736 570 -0.12762 0.102429 
4.78434 -5.32066 -1.81187 575 0.154691 -0.399595 
5.79079 -4.73959 0.326224 579 0.376479 0.183855 
2.61049 -6.57574 0.28437 581 -0.675458 0.0165049 
6.08574 -4.5693 -0.422393 587 0.469342 0.00497579 
5.95338 -4.64572 1.4698 588 0.400527 0.495703 
6.59806 -4.27351 1.37278 589 0.57342 0.484568 
3.5218 -6.04959 -1.73721 596 -0.223886 -0.485367 
4.89471 -5.25694 -0.199595 606 0.142456 -0.0028621 
2.61487 -6.57321 0.0112596 607 -0.656321 -0.0731105 
2.89706 -6.41029 -1.2274 611 -0.46396 -0.40472 
5.91431 -4.66828 0.963849 617 0.399697 0.350512 
2.90013 -6.40851 0.80747 626 -0.59753 0.204102 
5.34694 -4.99584 -0.371774 630 0.270437 -0.0187422 
3.2896 -6.18365 -0.831285 632 -0.344421 -0.263538 
7.04767 -4.01393 1.30024 635 0.682313 0.473202 
5.60109 -4.84911 1.5746 636 0.300007 0.520989 
3.83992 -5.86592 -0.579006 640 -0.173035 -0.156703 
6.13888 -4.53862 1.31542 644 0.456288 0.458991 
6.14497 -4.53511 -1.1835 648 0.484197 -0.171525 
3.74064 -5.92325 -1.9671 654 -0.147085 -0.521457 
7.02559 -4.02668 0.448994 659 0.680896 0.252723 
4.82206 -5.29889 0.859675 662 0.0869103 0.295034 
4.88586 -5.26205 0.975449 663 0.101719 0.32741 
6.55913 -4.29599 -1.18896 667 0.5841 -0.152231 
4.05549 -5.74146 -0.254187 669 -0.115412 -0.0594956 
4.78329 -5.32127 0.804293 674 0.0783977 0.276748 
5.20039 -5.08046 -0.0857982 678 0.228202 0.0440936 
4.99407 -5.19958 0.559179 682 0.145388 0.210858 
3.62073 -5.99248 0.99023 683 -0.331289 0.290574 
5.70419 -4.78959 -0.684915 686 0.370984 -0.0810785 
6.4204 -4.37608 -1.66156 687 0.556317 -0.264158 
4.226 -5.64302 0.28797 691 -0.0858074 0.102256 
3.83179 -5.87062 1.26855 694 -0.266075 0.389555 
2.99296 -6.35491 0.665465 696 -0.549179 0.159945 
4.82073 -5.29965 -1.08631 698 0.145273 -0.229271 
5.29956 -5.0232 -0.579862 701 0.265987 -0.0745053 
6.39348 -4.39163 0.914159 705 0.526566 0.355606 
4.30182 -5.59925 -1.21577 708 -0.000312143 -0.29487 
5.49777 -4.90876 0.072566 709 0.303841 0.102057 
6.01108 -4.6124 1.08959 711 0.421899 0.39198 
6.54292 -4.30535 -1.87458 720 0.584522 -0.30136 
4.48631 -5.49273 -1.46496 723 0.0572417 -0.342945 
5.45807 -4.93168 0.702726 724 0.281296 0.269154 
6.58729 -4.27973 1.46929 725 0.568139 0.512344 
3.52361 -6.04855 -0.447866 727 -0.282558 -0.142102 
3.97273 -5.78925 1.60711 728 -0.229035 0.502624 
5.30402 -5.02063 -1.37929 729 0.281881 -0.266001 
5.1391 -5.11584 0.224599 734 0.204559 0.132859 
6.09889 -4.56171 1.10908 735 0.446433 0.396402 
4.48121 -5.49568 0.424736 739 -0.0052232 0.158365 
6.72719 -4.19896 0.433244 741 0.611099 0.241655 
5.33057 -5.0053 -0.178382 743 0.264144 0.027576 
3.90444 -5.82868 0.777906 744 -0.209594 0.231547 
2.78119 -6.47718 -1.18276 749 -0.510709 -0.404432 
