-2.93389 0.906698 7 9 575.921 407.941 
-4.80195 0.41523 7 21 367.731 348.075 
-3.28746 -0.347612 7 22 500.613 253.707 
-5.92999 -1.73451 7 23 266.569 174.837 
-5.37012 0.037908 7 24 321.307 315.228 
-5.21106 1.44812 7 29 351.385 445.498 
-5.40598 0.152698 7 30 320.384 325.614 
-2.84657 -0.836733 7 31 545.306 184.325 
-5.875 -0.508694 7 36 283.243 272.554 
-4.02466 -0.174699 7 39 425.532 283.529 
-3.22548 0.288125 7 40 522.054 329.003 
-5.59816 -0.619665 7 42 298.511 260.226 
-3.26615 1.27581 7 43 539.326 451.784 
-6.33365 0.109205 7 44 264.444 325.797 
-2.70348 -0.732172 7 47 567.643 192.997 
-6.25916 0.145289 7 48 268.857 328.406 
-7 -0.64261 4.44771 54 6.0681 294.419 
-7 0.78654 5.75191 68 151.214 407.267 
-7 -0.527577 4.46053 71 8.6671 306.449 
-7 -0.14175 5.47309 72 118.429 329.059 
-7 1.61955 6.53315 73 216.82 456.543 
-7 0.883221 6.2108 82 187.38 403.928 
-7 1.46933 5.82185 93 163.676 467.071 
-7 -0.576654 5.65743 96 130.278 288.017 
