4.31342 6.52894 -1.60055 753 457.05 105.913 
3.95041 7.15768 -0.115486 754 540.501 263.712 
5.20903 4.97769 -0.50044 755 268.664 243.802 
4.31954 6.51834 0.440036 760 473.387 332.567 
3.65369 7.67162 -0.409443 763 590.646 228.829 
6.15778 3.33441 -0.551726 764 4.22525 257.878 
3.63308 7.70731 -0.253667 767 594.375 243.823 
4.46197 6.27165 0.273057 769 440.37 316.299 
4.61126 6.01306 1.59096 770 423.407 475.812 
3.94821 7.16151 -0.305332 771 538.033 245.371 
5.03444 5.28009 -1.71136 772 297.112 96.9157 
5.86576 3.8402 -1.56683 775 81.994 115.785 
4.57465 6.07647 -0.980151 777 407.999 178.107 
5.7277 4.07932 -1.90892 781 118.782 71.4974 
5.84347 3.87882 -1.54309 787 89.432 119.838 
4.09862 6.90098 -0.651429 789 507.918 208.565 
3.94393 7.16891 1.20445 790 554.304 404.365 
5.18216 5.02423 -0.915456 795 271.624 193.143 
5.95878 3.67909 -1.91848 799 50.8612 69.1259 
4.59582 6.03981 -1.8766 800 394.382 75.4683 
4.05686 6.97332 -1.81735 802 502.422 83.5897 
3.73411 7.53233 -1.49404 804 563.978 117.683 
4.51996 6.17121 -1.82406 806 410.892 83.8141 
3.68413 7.6189 -0.207288 807 585.213 249.874 
5.10188 5.16328 -1.16456 819 288.125 162.029 
5.52148 4.43652 -0.0547931 822 193.625 307.038 
3.75485 7.49641 -1.09591 823 565.597 158.232 
5.5405 4.40357 -1.44396 835 173.458 131.291 
3.57856 7.80176 -0.875216 840 599.961 179.066 
4.15625 6.80116 -0.0422045 847 500.199 276.774 
4.99376 5.35056 -0.727822 848 316.89 213.31 
3.4808 7.97107 -1.62753 851 608.284 101.082 
3.61746 7.73437 -1.94874 852 582.844 70.0375 
3.59494 7.77338 0.739111 854 611.022 344.401 
5.62913 4.25005 -0.845981 855 155.01 210.067 
3.63106 7.71081 -1.67758 859 582.382 96.5292 
4.56207 6.09827 -1.67131 861 403.99 99.6782 
5.34442 4.7432 -0.804129 863 230.799 211.671 
4.3546 6.4576 0.374594 864 467.628 325.03 
4.06751 6.95487 -1.6458 865 503.67 99.8365 
3.50474 7.92962 1.97827 867 636.265 467.963 
4.94977 5.42675 -0.328941 868 330.451 260.191 
3.62176 7.72692 0.659348 870 603.236 338.544 
5.87176 3.82982 -1.86513 873 76.8012 76.6772 
4.41808 6.34766 -1.43643 876 436.901 125.591 
5.30638 4.80908 -0.846641 879 239.315 201.622 
4.56699 6.08973 -1.84141 883 402.07 81.1268 
4.79043 5.70272 0.841803 884 377.374 393.433 
5.48992 4.49117 1.01765 885 213.151 444.731 
6.14997 3.34793 -0.772956 886 5.5948 228.747 
3.47475 7.98155 1.30736 888 635.354 399.243 
3.96207 7.13749 -0.131759 891 537.897 262.903 
4.38822 6.39938 -1.26668 892 442.862 142.567 
5.33186 4.76494 0.690372 894 249.554 396.778 
5.88934 3.79937 -0.91473 896 81.3791 205.359 
5.07479 5.21021 -0.592079 897 299.894 230.059 
3.79506 7.42677 -1.15471 899 557.963 153.153 
4.24153 6.65346 -1.08896 903 475.26 163.082 
4.97651 5.38043 -1.78963 905 311.662 86.5429 
5.14042 5.09654 0.266927 906 292.834 336.04 
4.61439 6.00765 -1.15812 909 397.017 159.402 
4.70431 5.85189 0.465414 910 394.469 347.258 
6.05282 3.51621 -1.75001 911 25.0591 92.1722 
4.24347 6.65009 0.760465 912 491.499 365.982 
3.62319 7.72445 -0.430218 916 594.87 224.896 
3.37491 8.15449 -1.18787 917 630.103 146.397 
3.88292 7.27458 0.732852 918 559.234 354.41 
4.81756 5.65573 0.693441 919 371.301 376.516 
3.5513 7.84897 1.93783 920 627.18 467.832 
4.74735 5.77734 -1.4318 921 366.052 128.904 
3.89561 7.2526 -0.984565 922 541.949 171.735 
3.45706 8.01219 0.602811 925 634.988 327.978 
5.93483 3.72057 -1.99581 926 57.2729 58.5954 
4.92972 5.46147 0.685045 928 346.109 379.798 
4.89688 5.51835 -1.08993 939 334.589 169.611 
4.93218 5.45722 -0.369873 940 334.368 254.789 
3.59191 7.77864 1.36064 942 617.8 410.812 
5.5287 4.42402 0.271974 943 192.261 351.076 
5.34394 4.74403 -0.45553 947 234.65 251.944 
5.85587 3.85734 -1.13495 948 89.9343 174.824 
5.80798 3.94029 0.203205 953 117.455 350.074 
3.89811 7.24827 1.30532 954 560.175 415.304 
4.95506 5.41758 -0.74361 957 324.831 212.433 
6.10007 3.43436 0.816237 960 37.8288 446.622 
5.615 4.27453 -0.380425 961 163.617 269.818 
5.29086 4.83597 -1.98418 962 233.512 62.6006 
5.54904 4.38878 0.419383 964 190.934 370.949 
6.0817 3.46619 -1.62949 965 17.4065 110.368 
4.28105 6.58501 -0.348295 969 475.649 245.269 
5.19076 5.00935 -1.7233 970 260.188 96.877 
4.4012 6.3769 -1.37641 973 441.458 130.609 
4.12313 6.85854 -0.122495 977 506.994 267.764 
4.93575 5.45104 -0.7803 984 330.23 206.547 
5.51818 4.44223 -1.47775 990 178.999 128.291 
5.75493 4.03217 1.14041 991 142.412 473.504 
4.40456 6.37107 0.274064 992 452.523 315.561 
5.53617 4.41107 -1.97751 993 170.461 64.8533 
5.97808 3.64567 0.0489525 995 66.8401 335.415 
4.26624 6.61065 0.689474 996 485.749 358.746 
4.40907 6.36327 1.15293 997 463.588 414.069 
4.63799 5.96676 0.669191 998 411.595 370.016 
