-7 0.46862 -2.98529 58 0.588739 -0.0484578 
-7 -1.03485 -3.75523 61 0.366659 -0.379828 
-7 0.0943094 -5.21035 64 0.104902 -0.0917643 
-7 1.11392 -6.02536 65 0.00251255 0.0930195 
-7 0.886694 -5.35798 67 0.0951366 0.0549271 
-7 1.34911 -4.82912 74 0.19001 0.14269 
-7 0.694743 -5.33965 78 0.0947291 0.0201981 
-7 1.12101 -6.65735 79 -0.0772637 0.0918951 
-7 0.821262 -3.48263 80 0.461456 0.0396675 
-7 -1.84392 -6.0007 85 -0.0460878 -0.420595 
-7 -0.295975 -5.19552 90 0.100515 -0.165587 
-7 1.40697 -4.3308 91 0.283452 0.159599 
-7 0.592834 -6.66606 94 -0.0872335 0.0087201 
-7 -1.20087 -3.87679 97 0.336057 -0.410802 
-7 1.52805 -2.92335 98 0.620914 0.210588 
-7 -0.609874 -5.90804 100 -0.0112862 -0.204009 
-5.46333 -1.29075 -7 102 -0.376318 -0.316984 
-4.55559 -0.250499 -7 105 -0.528905 -0.106821 
-5.09885 0.316864 -7 107 -0.400817 0.0041966 
-6.22725 1.4028 -7 110 -0.201913 0.162835 
-5.05591 -0.451909 -7 117 -0.429579 -0.152081 
-6.20015 -0.954561 -7 122 -0.253032 -0.240356 
-6.2831 -0.370457 -7 140 -0.2297 -0.138016 
-5.05277 -1.83336 -7 148 -0.46874 -0.444612 
-6.46998 0.52855 -7 150 -0.188057 0.0109205 
