-1.69835 7.10236 -1.49702 1 149.099 102.722 
-4.28285 5.6102 -0.35009 4 537.677 333.637 
-2.36095 6.71981 0.0648834 6 212.486 336.819 
-1.18389 7.39938 -0.935763 10 54.5674 166.423 
-0.882633 7.57332 -1.15265 15 15.5502 129.979 
-4.55705 5.45189 0.173982 17 574.712 418.845 
-3.41844 6.10927 -1.82689 21 428.111 103.962 
-3.01817 6.34036 -1.63356 23 360.003 118.213 
-2.57331 6.5972 -0.0115366 25 248.15 330.842 
-2.71663 6.51445 0.575812 32 255.088 420.138 
-3.74583 5.92025 -0.779907 36 457.755 256.18 
-3.03012 6.33346 -0.976834 38 345.24 208.701 
-1.4565 7.24199 0.969849 43 39.4001 437.536 
-2.14768 6.84294 -0.101629 51 182.925 305.386 
-3.33545 6.15718 -0.435976 52 382.046 294.946 
-1.24468 7.36429 0.57792 55 19.4582 375.138 
-1.42581 7.25971 0.982136 67 35.2219 440.105 
-3.617 5.99463 -1.57595 71 455.475 140.848 
-4.04408 5.74805 -1.06717 77 511.55 223.547 
-3.86191 5.85323 -1.48589 82 491.159 159.152 
-2.18179 6.82325 0.0567123 84 183.508 329.172 
-2.31638 6.74554 0.814643 87 183.471 444.973 
-4.13014 5.69837 -1.41351 88 532.344 178.744 
-3.16889 6.25334 -1.4501 90 380.524 146.787 
-3.51194 6.05528 0.00121058 101 400.363 360.872 
-1.22592 7.37512 0.548265 107 15.6165 370.553 
-2.27819 6.76759 -0.186085 109 204.415 298.134 
-4.62783 5.41102 -0.263344 122 595.438 357.912 
-4.73475 5.34929 -1.6572 126 639.335 161.316 
-2.44383 6.67196 -0.385326 131 236.804 276.872 
-1.33285 7.31338 0.696058 135 28.7903 394.905 
-2.20806 6.80808 -1.59639 140 231.324 102.416 
-1.07075 7.46471 -0.23607 149 18.1282 256.773 
-1.34908 7.30401 -1.57982 156 100.971 84.803 
-2.79823 6.46735 0.492322 157 270.291 412.867 
-3.75274 5.91626 -1.57757 159 476.881 144.625 
-2.15233 6.84026 -0.0957294 160 183.19 308.754 
-2.43306 6.67818 0.0756168 161 222.437 339.694 
-2.12399 6.85662 0.667081 166 156.812 416.592 
-1.43641 7.25359 -1.07042 183 98.0621 154.824 
-1.12203 7.4351 -0.763709 191 40.3993 186.98 
-1.58921 7.16537 -1.2695 193 126.909 132.709 
-2.76342 6.48744 -1.86079 195 323.377 82.8536 
-1.18082 7.40116 -1.11678 196 60.4935 140.156 
-3.97857 5.78587 -1.48671 197 512.318 165.759 
-3.48498 6.07085 0.402763 199 388.587 419.272 
-2.50658 6.63573 -0.864936 203 259.226 208.862 
-1.65507 7.12735 -1.39271 204 141.805 117.102 
-2.60244 6.58039 -0.419929 205 264.437 274.701 
-2.88473 6.41741 -0.980824 212 324.129 203.649 
-1.32904 7.31558 0.826885 214 24.7824 415.253 
-2.20564 6.80948 0.351964 217 179.243 372.33 
-4.56488 5.44737 -0.00874334 220 580.627 393.751 
-3.28265 6.18767 0.466932 221 352.63 423.383 
-1.18272 7.40006 -0.335728 222 36.5027 247.193 
-1.831 7.02577 -0.964452 224 155.289 178.705 
-1.58155 7.1698 -0.998108 227 119.385 168.09 
-2.63039 6.56425 -0.0067306 240 256.993 333.896 
-4.83444 5.29174 -0.69456 244 638.596 301.775 
-2.65581 6.54957 -0.244999 247 269.913 301.36 
-3.8183 5.87841 -0.432496 250 461.701 306.923 
