5.64257 -0.481715 -7 109 0.176256 0.00814646 
6.30632 -1.54879 -7 115 0.0699904 -0.16102 
4.50714 -1.04124 -7 119 0.35984 -0.133151 
4.46367 -0.542201 -7 125 0.380369 -0.0263128 
6.6867 0.183154 -7 127 0.053049 0.129053 
6.46481 -1.88245 -7 128 0.0461194 -0.209855 
3.77354 -0.887468 -7 133 0.532344 -0.129442 
6.08103 -0.977971 -7 134 0.107394 -0.0712359 
4.29646 -0.0380129 -7 139 0.428438 0.0832978 
6.59087 -1.1778 -7 141 0.0427984 -0.0917756 
4.8725 1.3091 -7 142 0.341052 0.366962 
6.26277 1.2623 -7 143 0.121782 0.314689 
6.4687 -1.97232 -7 149 0.044267 -0.224272 
7 -0.0623122 -3.31422 152 -0.666854 0.190541 
7 -1.59791 -6.35011 157 -0.0877528 -0.151646 
7 1.75895 -5.06184 159 -0.231472 0.490306 
7 0.863395 -4.44339 163 -0.366443 0.346352 
7 -0.863938 -6.09367 166 -0.111533 -0.0297199 
7 1.33843 -4.95324 172 -0.258162 0.413499 
7 0.759759 -5.08223 173 -0.244697 0.291208 
7 0.741437 -4.00824 180 -0.466417 0.345965 
7 -0.563655 -4.89557 181 -0.300798 0.0360953 
7 0.831841 -5.58946 182 -0.159175 0.282026 
7 1.69172 -5.79597 183 -0.113916 0.428657 
7 0.0865561 -4.29161 189 -0.412682 0.185911 
7 -1.97934 -4.46413 190 -0.410423 -0.251478 
7 0.781169 -6.98961 200 0.0264626 0.222453 
