-5.46333 -1.29075 -7 102 603.906 165.971 
-4.55559 -0.250499 -7 105 522.987 259.953 
-2.11042 -0.0563179 -7 106 272.556 257.616 
-5.09885 0.316864 -7 107 556.539 321.265 
-6.22725 1.4028 -7 110 617.972 423.078 
-0.689565 -1.47331 -7 112 79.7069 10.6511 
-5.05591 -0.451909 -7 117 563.884 244.051 
-3.07632 -1.96878 -7 120 414.253 34.9593 
-3.56835 0.827876 -7 121 421.188 373.088 
-1.05355 -1.5594 -7 126 143.842 13.6657 
-2.10211 -0.684594 -7 129 281.534 173.387 
-3.11373 -0.303232 -7 130 392.552 238.641 
-1.59533 0.795126 -7 132 188.429 370.625 
-3.58737 1.4874 -7 135 413.44 447.28 
-0.615215 -0.161545 -7 146 43.5856 219.663 
-5.05277 -1.83336 -7 148 582.74 103.777 
