-1.97014 0.361326 7 3 0.393581 0.0678186 
-2.93389 0.906698 7 9 0.143749 0.250023 
-2.14837 -1.21575 7 10 0.268026 -0.359958 
-4.80195 0.41523 7 21 -0.244929 0.16146 
-3.28746 -0.347612 7 22 0.0204125 -0.06292 
-5.92999 -1.73451 7 23 -0.429585 -0.214571 
-5.37012 0.037908 7 24 -0.336257 0.0953428 
-5.21106 1.44812 7 29 -0.292402 0.390577 
-5.40598 0.152698 7 30 -0.339779 0.119248 
-2.84657 -0.836733 7 31 0.104746 -0.208005 
-3.76175 1.7333 7 32 -0.0228412 0.472299 
-2.21352 -0.0799941 7 33 0.298728 -0.048759 
-5.875 -0.508694 7 36 -0.410248 0.00385208 
-4.02466 -0.174699 7 39 -0.122618 0.00913667 
-3.22548 0.288125 7 40 0.0531697 0.0924683 
-5.59816 -0.619665 7 42 -0.375742 -0.0261287 
-3.26615 1.27581 7 43 0.0751557 0.353334 
-6.33365 0.109205 7 44 -0.460249 0.130077 
-2.70348 -0.732172 7 47 0.14261 -0.191774 
-6.25916 0.145289 7 48 -0.45101 0.135345 
-7 1.61955 6.53315 73 -0.610603 0.44347 
-7 0.883221 6.2108 82 -0.681545 0.308586 
