5.98522 3.63329 1.2144 752 -0.164203 0.495832 
4.31342 6.52894 -1.60055 753 0.58078 -0.328002 
5.20903 4.97769 -0.50044 755 0.205534 -0.0308607 
4.31954 6.51834 0.440036 760 0.6948 0.16402 
6.15778 3.33441 -0.551726 764 -0.294519 0.00518074 
6.72499 2.35198 -0.698686 765 -0.606317 -0.00144217 
6.84891 2.13734 -1.72634 766 -0.669794 -0.255983 
4.46197 6.27165 0.273057 769 0.616486 0.129608 
4.61126 6.01306 1.59096 770 0.617947 0.504512 
5.03444 5.28009 -1.71136 772 0.246871 -0.326252 
5.86576 3.8402 -1.56683 775 -0.158466 -0.262154 
4.57465 6.07647 -0.980151 777 0.498378 -0.17735 
5.7277 4.07932 -1.90892 781 -0.0977254 -0.345097 
6.61901 2.53554 -1.90015 786 -0.549386 -0.312802 
5.84347 3.87882 -1.54309 787 -0.144506 -0.258222 
6.3358 3.02608 -0.89504 793 -0.393324 -0.0751015 
5.18216 5.02423 -0.915456 795 0.205538 -0.135485 
5.95878 3.67909 -1.91848 799 -0.21526 -0.33699 
4.59582 6.03981 -1.8766 800 0.443207 -0.377911 
4.05686 6.97332 -1.81735 802 0.688037 -0.37981 
4.51996 6.17121 -1.82406 806 0.481757 -0.36702 
6.6228 2.52897 -1.96054 809 -0.551906 -0.324056 
5.10188 5.16328 -1.16456 819 0.231801 -0.195911 
5.52148 4.43652 -0.0547931 822 0.0596732 0.105765 
5.84215 3.8811 1.25316 824 -0.0788122 0.497667 
5.5405 4.40357 -1.44396 835 0.00997321 -0.244623 
6.68672 2.41826 0.33091 836 -0.584945 0.27914 
4.99376 5.35056 -0.727822 848 0.304122 -0.0979278 
6.64876 2.484 -1.60616 850 -0.567418 -0.237412 
5.62913 4.25005 -0.845981 855 -0.0217644 -0.102265 
4.56207 6.09827 -1.67131 861 0.471356 -0.331148 
5.34442 4.7432 -0.804129 863 0.12496 -0.101261 
4.3546 6.4576 0.374594 864 0.676997 0.150848 
6.53997 2.67244 -0.861665 866 -0.504353 -0.0561494 
4.94977 5.42675 -0.328941 868 0.34012 0.00159692 
6.4243 2.87279 -0.337461 872 -0.43423 0.0742556 
5.87176 3.82982 -1.86513 873 -0.166188 -0.33315 
4.41808 6.34766 -1.43643 876 0.547961 -0.289018 
5.30638 4.80908 -0.846641 879 0.142296 -0.111867 
6.67343 2.44128 -1.01357 882 -0.57672 -0.0872257 
4.56699 6.08973 -1.84141 883 0.461399 -0.37033 
4.79043 5.70272 0.841803 884 0.479473 0.303868 
5.48992 4.49117 1.01765 885 0.111395 0.396009 
6.14997 3.34793 -0.772956 886 -0.292714 -0.0534344 
6.38369 2.94312 -0.846468 889 -0.414102 -0.0559636 
4.38822 6.39938 -1.26668 892 0.568832 -0.250775 
5.33186 4.76494 0.690372 894 0.186254 0.297093 
5.88934 3.79937 -0.91473 896 -0.156153 -0.10039 
5.07479 5.21021 -0.592079 897 0.270357 -0.0602276 
4.24153 6.65346 -1.08896 903 0.646625 -0.214651 
4.97651 5.38043 -1.78963 905 0.26759 -0.344641 
5.14042 5.09654 0.266927 906 0.269221 0.164463 
6.87866 2.08582 -0.0270921 907 -0.694542 0.185171 
6.77251 2.26967 -0.747548 908 -0.63421 -0.0125976 
4.61439 6.00765 -1.15812 909 0.468022 -0.216501 
4.70431 5.85189 0.465414 910 0.502416 0.193863 
6.05282 3.51621 -1.75001 911 -0.255014 -0.297276 
4.81756 5.65573 0.693441 919 0.456766 0.260143 
4.74735 5.77734 -1.4318 921 0.395497 -0.27369 
5.93483 3.72057 -1.99581 926 -0.200335 -0.355776 
4.92972 5.46147 0.685045 928 0.399161 0.265498 
6.12516 3.3909 1.11897 932 -0.24564 0.475117 
6.67513 2.43834 -0.321965 935 -0.577181 0.0920012 
6.75528 2.29951 -0.729401 938 -0.624533 -0.0111342 
4.89688 5.51835 -1.08993 939 0.338035 -0.188343 
4.93218 5.45722 -0.369873 940 0.352599 -0.012329 
5.5287 4.42402 0.271974 943 0.0659611 0.188748 
5.34394 4.74403 -0.45553 947 0.140279 -0.0128834 
5.85587 3.85734 -1.13495 948 -0.146461 -0.158731 
6.22795 3.21288 -0.545567 952 -0.331021 0.00718057 
5.80798 3.94029 0.203205 953 -0.0902815 0.187489 
4.95506 5.41758 -0.74361 957 0.325954 -0.100563 
6.10007 3.43436 0.816237 960 -0.236541 0.380016 
5.615 4.27453 -0.380425 961 0.000209473 0.0183169 
5.29086 4.83597 -1.98418 962 0.115309 -0.378271 
5.54904 4.38878 0.419383 964 0.0573128 0.231256 
6.0817 3.46619 -1.62949 965 -0.267099 -0.268962 
6.53207 2.68613 -0.981663 967 -0.501532 -0.0841837 
6.68153 2.42724 -0.314303 968 -0.58385 0.0982655 
4.28105 6.58501 -0.348295 969 0.670186 -0.0402075 
5.19076 5.00935 -1.7233 970 0.169782 -0.325609 
5.51039 4.45573 1.34352 972 0.111339 0.502474 
4.4012 6.3769 -1.37641 973 0.556534 -0.272643 
6.2372 3.19685 0.871776 983 -0.319969 0.409486 
4.93575 5.45104 -0.7803 984 0.328836 -0.114754 
5.51818 4.44223 -1.47775 990 0.0150563 -0.253364 
5.75493 4.03217 1.14041 991 -0.0343618 0.456618 
4.40456 6.37107 0.274064 992 0.649928 0.123066 
5.53617 4.41107 -1.97751 993 -0.00167418 -0.365136 
5.97808 3.64567 0.0489525 995 -0.184884 0.155087 
4.63799 5.96676 0.669191 998 0.547102 0.242438 
6.58202 2.59961 -0.970701 999 -0.528076 -0.081504 
