-2.75039 -9.23619 0.329719 263 113.843 222.69 
-3.07463 -8.67459 -1.54793 266 76.8136 36.038 
-2.57499 -9.53998 1.60069 268 127.623 327.539 
-2.72709 -9.27655 -1.48729 269 134.785 66.7667 
-3.32874 -8.23445 -1.42324 285 21.8019 28.6628 
-3.04378 -8.72802 1.54345 294 48.1518 335.245 
-3.22332 -8.41705 1.89644 304 10.666 371.637 
-3.32508 -8.2408 -1.51403 315 23.1745 20.3034 
-3.09129 -8.64573 1.79249 320 38.2721 356.642 
-3.06428 -8.69251 -0.666718 324 68.8919 125.687 
-2.64072 -9.42615 1.95256 355 111.981 355.207 
-3.10287 -8.62567 -0.357131 361 57.7215 154.441 
-3.32955 -8.23305 -1.41411 368 21.1901 29.5555 
-2.62582 -9.45194 -1.96759 374 156.457 32.0313 
-3.02092 -8.76762 -1.67324 386 87.6035 29.3817 
-3.14704 -8.54917 1.54174 390 31.2264 334.624 
-2.75281 -9.23199 0.225616 395 114.687 212.008 
-3.18967 -8.47533 1.85927 400 16.0131 366.749 
-3.33676 -8.22056 -0.399899 404 6.97332 140.981 
-3.20418 -8.4502 0.757211 405 24.9193 260.229 
-3.05904 -8.70159 0.925619 412 52.8797 276.737 
-2.74941 -9.23788 0.292754 416 115.062 218.004 
-3.28794 -8.30512 -0.582867 425 21.968 122.738 
-2.88356 -9.00553 1.61269 428 77.3796 333.272 
-2.84073 -9.07972 -1.27039 435 114.91 79.1145 
-2.97704 -8.84361 -0.559065 449 84.5606 138.629 
-3.13049 -8.57784 0.930095 453 39.4547 278.11 
-2.83311 -9.09292 -0.904736 454 113.731 114.709 
-3.07985 -8.66554 0.939564 456 48.1766 277.088 
-2.82678 -9.10387 0.818773 460 96.2671 263.612 
-2.94605 -8.89729 1.87197 478 64.9872 359.087 
-2.61113 -9.47739 -1.5069 492 154.405 72.0683 
-0.751588 -8.51683 0.0534651 508 274.842 230.338 
-0.489466 -8.3655 1.99316 509 272.72 429.755 
0.697982 -7.67992 -1.90184 511 481.434 11.1536 
-0.577812 -8.4165 -1.88021 514 323.927 26.3136 
1.01972 -7.49417 -0.323822 518 497.203 221.819 
1.55304 -7.18626 -0.142317 519 585.46 262.69 
0.57886 -7.7487 0.424617 532 414.734 302.816 
-1.33469 -8.85349 -0.250941 535 231.645 191.901 
-0.805849 -8.54816 -1.1322 539 289.718 108.222 
-1.55768 -8.98223 1.00965 540 198.475 301.977 
-0.942173 -8.62687 -1.81306 542 288.327 39.6112 
-2.54087 -9.54988 -1.96382 546 166.508 36.901 
-0.435565 -8.33438 0.0499532 548 305.536 234.276 
1.31384 -7.32436 1.35338 549 503.35 452.964 
0.488173 -7.80106 0.703509 550 400.014 331.128 
-2.17518 -9.33875 -0.02102 551 169.294 201.864 
-1.37853 -8.8788 -0.140968 554 224.2 202.135 
-0.337383 -8.27769 -1.23289 555 337.116 100.581 
0.766945 -7.64011 0.115194 558 447.58 270.194 
0.990941 -7.51078 -1.55331 559 522.93 54.4114 
-1.35618 -8.8659 -1.86663 561 250.393 36.7392 
-0.751362 -8.5167 -0.54808 562 286.503 168.395 
0.285019 -7.91835 -1.67271 565 419.327 44.9556 
-2.39776 -9.46725 -1.50147 566 170.488 75.6184 
-0.453946 -8.34499 1.0501 568 288.663 337.187 
1.27527 -7.34662 -0.861902 571 555.002 154.026 
-0.48463 -8.36271 0.158388 572 301.387 245.563 
-1.19047 -8.77022 1.45663 578 219.031 352.627 
-0.0029851 -8.08463 -0.961949 580 372.142 130.481 
1.33215 -7.31379 -0.490916 582 553.983 205.132 
-0.413276 -8.32151 0.783569 583 298.356 312.056 
-1.13416 -8.73771 1.81808 584 220.565 387.857 
-2.13398 -9.31496 -0.61668 585 178.298 151.749 
-1.80668 -9.12599 1.44164 586 175.949 331.548 
0.848258 -7.59316 -0.946016 591 485.222 137.018 
1.26618 -7.35187 -0.159086 592 534.689 249.641 
-0.665112 -8.46691 -0.0591155 593 285.582 220.067 
0.587659 -7.74362 -1.86164 595 466.461 16.5624 
-1.05884 -8.69422 -0.500411 598 258.874 170.067 
-1.85453 -9.15362 1.00414 599 178.286 294.199 
-0.29479 -8.2531 -0.936867 601 336.093 130.17 
-1.02236 -8.67316 1.83715 602 230.992 391.301 
-0.918376 -8.61313 -1.76208 603 290.121 45.0831 
-0.41102 -8.32021 0.556759 610 299.976 287.35 
-2.0658 -9.2756 0.128408 612 173.917 215.465 
-2.28434 -9.40177 0.767727 616 153.707 265.166 
-1.43619 -8.91209 -1.99412 619 245.636 24.2874 
0.337754 -7.8879 -1.59112 620 427.555 56.2675 
-0.478158 -8.35897 -0.638973 621 313.393 161.53 
-1.39269 -8.88697 -0.919729 622 235.815 128.141 
-1.85496 -9.15386 1.85126 623 167.045 364.836 
-2.10532 -9.29841 0.971801 625 160.127 286.263 
-0.802806 -8.5464 1.53266 628 250.878 370.985 
-0.197251 -8.19679 0.70261 629 321.491 306.14 
0.695133 -7.68157 0.336635 637 432.458 296.781 
-1.41788 -8.90152 -1.16565 639 235.636 104.358 
-0.795119 -8.54197 -0.566815 642 281.727 168.141 
-1.37552 -8.87706 0.232198 643 221.864 235.989 
-1.56414 -8.98596 -0.787846 645 219.054 138.114 
-0.814491 -8.55315 0.400562 646 264.122 263.035 
-0.0537926 -8.11396 -0.334741 647 351.513 201.806 
0.479792 -7.8059 1.79524 652 375.791 455.853 
1.77898 -7.05581 0.424263 655 614.484 354.225 
0.279953 -7.92127 1.12217 656 364.571 371.751 
-0.574829 -8.41478 0.349602 657 287.894 261.871 
0.172776 -7.98315 1.03516 658 353.639 357.77 
-1.00763 -8.66466 -0.50403 660 262.65 169.118 
1.12851 -7.43136 0.338853 661 498.874 313.374 
-0.613939 -8.43736 -0.547652 664 296.968 169.357 
-0.867771 -8.58391 0.768917 668 256.153 297.886 
-0.769826 -8.52736 1.76192 670 250.533 391.848 
-0.250485 -8.22752 -1.46169 672 351.159 73.4661 
-1.48552 -8.94057 0.517606 676 207.815 258.337 
-1.10245 -8.71941 -0.567007 677 254.784 163.745 
0.0842166 -8.03428 0.452304 685 354.526 291.523 
1.43203 -7.25612 -1.20582 693 594.142 103.579 
0.676712 -7.6922 0.794688 695 422.583 351.161 
0.242541 -7.94287 -1.30659 700 406.556 90.2687 
0.735422 -7.65831 -0.141939 702 449.76 238.168 
-0.0286901 -8.09947 1.01989 704 333.326 349.485 
-2.31293 -9.41827 1.81431 707 139.414 346.685 
1.12928 -7.43091 0.660268 716 491.303 353.3 
0.300349 -7.9095 -1.99348 717 429.081 4.06683 
-0.939569 -8.62536 -0.32294 718 264.949 189.252 
-1.908 -9.18449 1.52916 719 165.91 336.515 
1.34298 -7.30754 -1.15975 722 575.07 109.261 
-0.734402 -8.50691 1.2467 730 260.158 347.919 
-0.562661 -8.40776 1.95132 740 267.062 422.238 
-0.329699 -8.27326 1.956 745 286.856 431.135 
-1.49578 -8.94649 0.981389 746 202.538 299.938 
-0.0589625 -8.11695 -0.531896 750 356.783 178.447 
