7 0.36994 -1.65205 155 0.344223 -0.0925804 
7 0.947338 -0.351981 158 0.023237 0.0455014 
7 0.343459 -2.54532 160 0.560877 -0.0987449 
7 -0.647617 -0.188366 161 -0.0154146 -0.360188 
7 1.08732 -1.94397 162 0.398602 0.0762909 
7 0.725336 0.960833 171 -0.299075 -0.0062873 
7 1.97211 0.0439567 176 -0.0698236 0.272343 
7 1.44234 0.716532 178 -0.230462 0.159284 
7 -0.443496 -0.586995 184 0.0879947 -0.303267 
7 -1.20096 -0.713027 185 0.127169 -0.517108 
7 -0.746732 -0.782938 186 0.141515 -0.386251 
7 0.475489 2.44893 191 -0.682134 -0.0673983 
7 -1.07027 0.309808 197 -0.150407 -0.48252 
7 1.83558 -1.14915 198 0.203183 0.241009 
