1.69792 -0.977731 -7 104 -0.65241 -0.219261 
-2.11042 -0.0563179 -7 106 0.65041 -0.16659 
-0.235026 1.16667 -7 114 0.124912 0.355471 
-0.0787955 1.33173 -7 116 0.0848196 0.420183 
-1.66978 1.93068 -7 118 0.641109 0.507792 
0.474792 -0.485198 -7 124 -0.216495 -0.137895 
-2.10211 -0.684594 -7 129 0.606045 -0.368985 
-1.59533 0.795126 -7 132 0.541442 0.14312 
1.03314 -1.58354 -7 136 -0.47219 -0.460735 
0.97797 0.750031 -7 138 -0.300735 0.300839 
1.9715 1.13953 -7 144 -0.604501 0.497401 
1.45576 0.553777 -7 145 -0.471664 0.268575 
-0.615215 -0.161545 -7 146 0.160817 -0.103583 
0.206379 -1.0164 -7 147 -0.163462 -0.32876 
