-7 1.12101 -6.65735 79 0.501589 0.492733 
-7 -1.84392 -6.0007 85 0.68733 -0.0556009 
-7 0.592834 -6.66606 94 0.51091 0.390745 
-7 -0.609874 -5.90804 100 0.685665 0.188827 
-5.46333 -1.29075 -7 102 0.314169 -0.00848513 
-4.55559 -0.250499 -7 105 0.147808 0.173336 
-2.11042 -0.0563179 -7 106 -0.427863 0.145547 
-5.09885 0.316864 -7 107 0.217188 0.30565 
-5.05591 -0.451909 -7 117 0.233539 0.143795 
-3.07632 -1.96878 -7 120 -0.0699209 -0.297557 
-3.56835 0.827876 -7 121 -0.0859725 0.417632 
-6.20015 -0.954561 -7 122 0.39818 0.0797805 
-1.05355 -1.5594 -7 126 -0.694877 -0.40855 
-2.10211 -0.684594 -7 129 -0.389904 -0.0400903 
-3.11373 -0.303232 -7 130 -0.138039 0.115706 
-1.30535 -1.94469 -7 131 -0.568236 -0.490605 
-1.59533 0.795126 -7 132 -0.674941 0.409983 
-6.2831 -0.370457 -7 140 0.394771 0.188446 
-5.05277 -1.83336 -7 148 0.272339 -0.132002 
-6.46998 0.52855 -7 150 0.396503 0.357984 
