-7 0.21307 2.3409 51 0.348238 0.338305 
-7 -0.29883 -1.326 55 -0.605646 0.222222 
-7 -0.441068 2.32778 56 0.334417 0.173868 
-7 -1.05185 -1.49538 60 -0.634383 0.0206089 
-7 -1.45394 1.58819 66 0.151819 -0.067311 
-7 -1.07602 2.04225 70 0.259904 0.0218517 
-7 -1.87164 2.51938 75 0.354428 -0.155633 
-7 0.577231 -1.47952 76 -0.675086 0.476545 
-7 -1.9255 2.82609 83 0.419128 -0.165256 
-7 -0.72299 3.2493 84 0.53462 0.105311 
-7 -0.166603 0.216342 87 -0.1836 0.251291 
-7 0.312724 -0.335245 92 -0.337234 0.386831 
-7 -1.0576 1.73598 99 0.189614 0.0256161 
