-3.17768 1.79522 -7 101 0.327493 0.357527 
-4.55559 -0.250499 -7 105 0.648615 -0.164002 
-2.11042 -0.0563179 -7 106 0.0845072 -0.138823 
-0.235026 1.16667 -7 114 -0.525481 0.256809 
-0.0787955 1.33173 -7 116 -0.583873 0.316139 
-1.66978 1.93068 -7 118 -0.0550852 0.442069 
-3.56835 0.827876 -7 121 0.428503 0.106083 
-2.10211 -0.684594 -7 129 0.0885001 -0.330519 
-3.11373 -0.303232 -7 130 0.344379 -0.19676 
-1.59533 0.795126 -7 132 -0.0699694 0.115754 
-3.58737 1.4874 -7 135 0.421678 0.271216 
-0.615215 -0.161545 -7 146 -0.391364 -0.1947 
