-7 0.46862 -2.98529 58 565.133 218.706 
-7 -1.03485 -3.75523 61 466.608 66.2799 
-7 0.0943094 -5.21035 64 349.248 196.733 
-7 1.11392 -6.02536 65 303.701 280.591 
-7 0.886694 -5.35798 67 345.397 263.561 
-7 1.34911 -4.82912 74 388.314 303.53 
-7 0.694743 -5.33965 78 345.079 247.772 
-7 1.12101 -6.65735 79 267.478 279.859 
-7 0.821262 -3.48263 80 508.922 257.87 
-7 -1.84392 -6.0007 85 278.779 43.5441 
-7 -0.295975 -5.19552 90 346.98 162.866 
-7 1.40697 -4.3308 91 430.055 311.325 
-7 0.592834 -6.66606 94 262.438 241.848 
-7 -1.20087 -3.87679 97 452.816 51.7084 
-7 1.52805 -2.92335 98 578.717 334.611 
-7 -0.609874 -5.90804 100 295.917 144.456 
-5.46333 -1.29075 -7 102 124.221 93.3544 
-4.55559 -0.250499 -7 105 53.4565 193.81 
-5.09885 0.316864 -7 107 115.414 243.614 
-6.22725 1.4028 -7 110 210.142 313.545 
-5.05591 -0.451909 -7 117 100.34 171.343 
-6.20015 -0.954561 -7 122 183.407 127.85 
-6.2831 -0.370457 -7 140 195.139 175.27 
-5.05277 -1.83336 -7 148 78.7801 34.0041 
-6.46998 0.52855 -7 150 215.682 243.617 
