1.69792 -0.977731 -7 104 0.319214 -0.399917 
5.64257 -0.481715 -7 109 -0.551021 -0.30204 
2.26927 0.767181 -7 111 0.0635909 0.0970459 
2.74139 -0.240151 -7 113 -0.0108041 -0.200388 
6.30632 -1.54879 -7 115 -0.610758 -0.520104 
4.50714 -1.04124 -7 119 -0.349448 -0.419099 
2.98659 0.138239 -7 123 -0.0863709 -0.105999 
4.46367 -0.542201 -7 125 -0.359719 -0.303666 
3.77354 -0.887468 -7 133 -0.215252 -0.381174 
6.08103 -0.977971 -7 134 -0.597425 -0.406126 
3.34213 1.4046 -7 137 -0.217953 0.201859 
0.97797 0.750031 -7 138 0.466993 0.17806 
4.29646 -0.0380129 -7 139 -0.348044 -0.184252 
6.59087 -1.1778 -7 141 -0.658669 -0.445465 
4.8725 1.3091 -7 142 -0.492727 0.0994359 
6.26277 1.2623 -7 143 -0.687618 0.0350015 
1.9715 1.13953 -7 144 0.127126 0.222813 
1.45576 0.553777 -7 145 0.313911 0.0823119 
