-5.37012 0.037908 7 24 608.512 132.248 
-5.21106 1.44812 7 29 596.657 267.803 
-5.40598 0.152698 7 30 602.756 143.426 
-5.875 -0.508694 7 36 571.868 80.9444 
-5.59816 -0.619665 7 42 599.117 67.7644 
-6.33365 0.109205 7 44 526.132 137.151 
-6.25916 0.145289 7 48 531.026 140.357 
-7 0.21307 2.3409 51 96.2839 101.82 
-7 -0.503339 4.01391 52 283.399 47.0706 
-7 -0.64261 4.44771 54 322.532 40.331 
-7 -0.441068 2.32778 56 93.2793 17.4214 
-7 1.81819 2.50338 57 118.409 284.545 
-7 1.50288 1.91462 59 42.5065 254.146 
-7 0.78654 5.75191 68 404.45 183.742 
-7 -0.100249 4.19611 69 296.942 92.0556 
-7 -0.527577 4.46053 71 322.686 52.3955 
-7 -0.14175 5.47309 72 395.252 102.843 
-7 1.61955 6.53315 73 441.957 247.345 
-7 1.51818 2.67054 81 137.812 252.125 
-7 0.883221 6.2108 82 431.217 192.428 
-7 -0.72299 3.2493 84 207.507 5.53806 
-7 1.48523 2.57162 86 126.315 249.079 
-7 1.20864 2.59145 88 128.618 219.238 
-7 1.46933 5.82185 93 402.389 237.876 
-7 -0.576654 5.65743 96 411.946 65.955 
