-7 -1.78251 -2.62609 53 131.427 95.6939 
-7 -0.29883 -1.326 55 254.733 244.539 
-7 0.46862 -2.98529 58 70.5018 327.818 
-7 -1.05185 -1.49538 60 240.392 164.997 
-7 -1.03485 -3.75523 61 13.6785 169.752 
-7 -0.184126 -2.39523 62 139.602 256.588 
-7 1.26508 -0.184774 63 383.762 433.514 
-7 -1.45394 1.58819 66 582.938 117.143 
-7 0.577231 -1.47952 76 233.007 343.793 
-7 -1.86155 -2.22478 77 171.444 87.1015 
-7 0.821262 -3.48263 80 13.6405 366.686 
-7 -0.166603 0.216342 87 429.364 260.022 
-7 1.69039 -1.92004 89 174.433 479.234 
-7 0.312724 -0.335245 92 365.271 315.12 
-7 -1.56958 -3.12031 95 81.3864 117.082 
-7 -1.20087 -3.87679 97 4.46598 153.811 
-7 1.52805 -2.92335 98 63.1156 453.237 
-7 -1.0576 1.73598 99 604.615 159.393 
