-7 1.12101 -6.65735 79 0.554813 0.497791 
-7 0.592834 -6.66606 94 0.565389 0.395312 
-5.46333 -1.29075 -7 102 0.367946 -0.00875309 
-4.55559 -0.250499 -7 105 0.19942 0.176464 
-2.11042 -0.0563179 -7 106 -0.367036 0.152982 
-5.09885 0.316864 -7 107 0.268132 0.308731 
-5.05591 -0.451909 -7 117 0.285519 0.146114 
-3.07632 -1.96878 -7 120 -0.016699 -0.296093 
-3.56835 0.827876 -7 121 -0.0327924 0.420602 
-6.20015 -0.954561 -7 122 0.452391 0.0799268 
-1.05355 -1.5594 -7 126 -0.629829 -0.394537 
-2.10211 -0.684594 -7 129 -0.331255 -0.0317049 
-3.11373 -0.303232 -7 130 -0.0840992 0.121004 
-1.30535 -1.94469 -7 131 -0.508037 -0.4801 
-1.59533 0.795126 -7 132 -0.601906 0.413239 
-6.2831 -0.370457 -7 140 0.447902 0.189988 
-5.05277 -1.83336 -7 148 0.326508 -0.133849 
-6.46998 0.52855 -7 150 0.448061 0.360729 
