-1.69835 7.10236 -1.49702 1 -0.118714 -0.479811 
-2.36095 6.71981 0.0648834 6 0.0716443 0.0127438 
-0.0798114 8.03682 -1.36918 7 -0.614841 -0.449169 
-3.05032 6.3218 1.27862 8 0.288811 0.417223 
-1.18389 7.39938 -0.935763 10 -0.296168 -0.314108 
-0.178643 7.97976 0.508014 11 -0.614623 0.0634707 
-0.882633 7.57332 -1.15265 15 -0.381903 -0.379326 
-2.78176 6.47686 1.65747 19 0.177113 0.516046 
-0.834292 7.60122 -0.745649 20 -0.405872 -0.264031 
-2.65363 6.55083 1.42287 22 0.136844 0.440792 
-3.01817 6.34036 -1.63356 23 0.37114 -0.520554 
-2.57331 6.5972 -0.0115366 25 0.15213 -0.000115023 
-1.29918 7.33282 1.56526 29 -0.307087 0.401333 
-2.71663 6.51445 0.575812 32 0.184193 0.189097 
-3.74583 5.92025 -0.779907 36 0.641771 -0.214003 
-3.03012 6.33346 -0.976834 38 0.355856 -0.300394 
-1.4565 7.24199 0.969849 43 -0.245448 0.246172 
-2.14768 6.84294 -0.101629 51 0.00214927 -0.0405051 
-3.33545 6.15718 -0.435976 52 0.458914 -0.112035 
-0.421209 7.83972 -1.17149 54 -0.522628 -0.391545 
-1.24468 7.36429 0.57792 55 -0.303848 0.127167 
-0.449959 7.82312 -0.349133 56 -0.524753 -0.158739 
-3.74961 5.91807 1.32639 66 0.55852 0.478359 
-1.42581 7.25971 0.982136 67 -0.261617 0.245883 
-3.617 5.99463 -1.57595 71 0.622456 -0.496412 
-2.18179 6.82325 0.0567123 84 0.0126051 0.00811776 
-1.81168 7.03693 1.23812 85 -0.141429 0.33706 
-2.31638 6.74554 0.814643 87 0.0374488 0.243681 
-3.16889 6.25334 -1.4501 90 0.422483 -0.458486 
-3.51194 6.05528 0.00121058 101 0.516326 0.0404778 
-1.22592 7.37512 0.548265 107 -0.3114 0.116112 
-0.30588 7.9063 0.0837691 108 -0.569438 -0.0402872 
-2.27819 6.76759 -0.186085 109 0.0543828 -0.063054 
-0.383025 7.86176 0.22409 112 -0.556691 -0.000761108 
-1.79023 7.04931 1.8524 116 -0.164429 0.509442 
-0.803108 7.61923 -0.814071 117 -0.413035 -0.282285 
-0.964105 7.52628 0.885878 120 -0.39578 0.199575 
0.0926466 8.13639 -1.10015 128 -0.664245 -0.37669 
-1.20685 7.38613 1.22507 129 -0.3309 0.301804 
-2.44383 6.67196 -0.385326 131 0.115611 -0.120492 
-1.33285 7.31338 0.696058 135 -0.283262 0.162509 
-2.20806 6.80808 -1.59639 140 0.0647425 -0.510198 
-0.621084 7.72432 1.104 141 -0.499166 0.243982 
-0.582336 7.74669 0.181318 147 -0.4965 -0.00779365 
-0.447254 7.82468 0.726916 148 -0.538375 0.136623 
-1.07075 7.46471 -0.23607 149 -0.345219 -0.110621 
-0.106953 8.02115 -0.188349 150 -0.623226 -0.121096 
-1.34908 7.30401 -1.57982 156 -0.226263 -0.507074 
-2.79823 6.46735 0.492322 157 0.218241 0.163961 
-3.75274 5.91626 -1.57757 159 0.682685 -0.500809 
-2.15233 6.84026 -0.0957294 160 0.00185878 -0.0429745 
-2.43306 6.67818 0.0756168 161 0.100947 0.0244564 
-0.717429 7.6687 0.357392 164 -0.458918 0.0440503 
-2.12399 6.85662 0.667081 166 -0.021368 0.189065 
0.0695622 8.12307 1.38063 169 -0.689712 0.289241 
-1.10514 7.44485 1.99159 172 -0.371282 0.504593 
-1.43641 7.25359 -1.07042 183 -0.214199 -0.350453 
-4.00147 5.77265 1.17768 189 0.671017 0.446821 
-1.12203 7.4351 -0.763709 191 -0.317414 -0.263907 
-0.560641 7.75922 -0.484044 192 -0.491744 -0.186589 
-1.58921 7.16537 -1.2695 193 -0.15444 -0.410238 
-1.18082 7.40116 -1.11678 196 -0.294149 -0.369368 
-1.21876 7.37925 1.56713 198 -0.331398 0.402266 
-3.48498 6.07085 0.402763 199 0.486138 0.165779 
-2.46086 6.66212 1.43715 200 0.0734969 0.430524 
-2.50658 6.63573 -0.864936 203 0.15422 -0.271464 
-1.65507 7.12735 -1.39271 204 -0.133574 -0.443631 
-2.60244 6.58039 -0.419929 205 0.178016 -0.127362 
-1.89242 6.99031 1.67854 209 -0.126742 0.468136 
-2.75916 6.4899 1.6333 210 0.171788 0.509971 
-2.88473 6.41741 -0.980824 212 0.297061 -0.30042 
-0.0829147 8.03503 0.967789 213 -0.646877 0.188115 
-1.32904 7.31558 0.826885 214 -0.2839 0.204528 
-2.20564 6.80948 0.351964 217 0.0114075 0.0975884 
-3.28265 6.18767 0.466932 221 0.405533 0.18073 
-1.18272 7.40006 -0.335728 222 -0.310157 -0.139962 
-1.831 7.02577 -0.964452 224 -0.0830409 -0.311087 
-1.58155 7.1698 -0.998108 227 -0.160406 -0.327422 
-2.92339 6.39508 1.13342 229 0.2458 0.369347 
-0.477256 7.80736 0.692004 238 -0.532488 0.129673 
-2.63039 6.56425 -0.0067306 240 0.172197 0.00178041 
-2.65581 6.54957 -0.244999 247 0.19162 -0.0707001 
-3.8183 5.87841 -0.432496 250 0.658376 -0.0956631 
