-0.751588 -8.51683 0.0534651 508 68.8986 183.791 
-0.489466 -8.3655 1.99316 509 130.552 387.149 
2.60042 -6.58155 1.54168 513 547.824 328.312 
1.01972 -7.49417 -0.323822 518 263.683 99.2543 
1.55304 -7.18626 -0.142317 519 344.919 106.654 
0.57886 -7.7487 0.424617 532 218.906 204.535 
-1.33469 -8.85349 -0.250941 535 6.85883 160.198 
1.74656 -7.07452 -0.649775 536 367.183 25.3644 
-0.805849 -8.54816 -1.1322 539 38.2638 51.2628 
-1.55768 -8.98223 1.00965 540 14.5387 291.522 
-0.435565 -8.33438 0.0499532 548 98.0902 178.47 
1.31384 -7.32436 1.35338 549 333.991 308.938 
0.488173 -7.80106 0.703509 550 215.316 236.919 
-1.37853 -8.8788 -0.140968 554 5.85996 171.954 
-0.337383 -8.27769 -1.23289 555 81.7843 24.9862 
0.766945 -7.64011 0.115194 558 239.25 162.259 
-0.751362 -8.5167 -0.54808 562 53.5967 114.441 
-0.453946 -8.34499 1.0501 568 116.434 286.073 
1.27527 -7.34662 -0.861902 571 290.897 14.3526 
-0.48463 -8.36271 0.158388 572 96.6331 189.497 
2.47927 -6.6515 1.93554 574 532.451 383.75 
-1.19047 -8.77022 1.45663 578 53.1314 332.816 
-0.0029851 -8.08463 -0.961949 580 126.981 46.222 
2.61049 -6.57574 0.28437 581 533.368 139.214 
1.33215 -7.31379 -0.490916 582 304.578 63.8007 
-0.413276 -8.32151 0.783569 583 114.202 258.574 
-1.13416 -8.73771 1.81808 584 66.0465 367.651 
-1.80668 -9.12599 1.44164 586 3.27804 333.526 
0.848258 -7.59316 -0.946016 591 228.459 18.8929 
1.26618 -7.35187 -0.159086 592 302.654 111.374 
-0.665112 -8.46691 -0.0591155 593 73.1131 169.485 
-1.05884 -8.69422 -0.500411 598 26.4483 125.925 
-0.29479 -8.2531 -0.936867 601 94.0569 60.1471 
-1.02236 -8.67316 1.83715 602 76.2828 372.428 
2.48133 -6.65031 0.492331 604 515.139 174.074 
2.61487 -6.57321 0.0112596 607 532.149 94.9409 
-0.41102 -8.32021 0.556759 610 112.367 232.302 
2.4848 -6.64831 0.119285 615 508.809 114.633 
-0.478158 -8.35897 -0.638973 621 79.6233 99.7315 
-1.85496 -9.15386 1.85126 623 4.66457 369.644 
2.90013 -6.40851 0.80747 626 598.92 214.949 
-0.802806 -8.5464 1.53266 628 91.2431 337.555 
-0.197251 -8.19679 0.70261 629 134.339 246.387 
0.695133 -7.68157 0.336635 637 234.579 190.382 
1.97066 -6.94514 1.58752 638 438.669 335.25 
-0.795119 -8.54197 -0.566815 642 51.9608 116.123 
-1.37552 -8.87706 0.232198 643 13.3153 210.924 
-0.814491 -8.55315 0.400562 646 69.3338 221.463 
-0.0537926 -8.11396 -0.334741 647 130.366 124.916 
2.18105 -6.82367 0.572736 650 458.227 193.104 
2.35902 -6.72093 0.562621 651 489.43 188.306 
0.479792 -7.8059 1.79524 652 234.547 364.693 
1.77898 -7.05581 0.424263 655 389.86 180.001 
0.279953 -7.92127 1.12217 656 196.437 289.066 
-0.574829 -8.41478 0.349602 657 88.9799 210.955 
0.172776 -7.98315 1.03516 658 182.522 281.495 
-1.00763 -8.66466 -0.50403 660 32.4997 125.945 
1.12851 -7.43136 0.338853 661 291.887 180.836 
-0.613939 -8.43736 -0.547652 664 68.4809 114.838 
-0.867771 -8.58391 0.768917 668 69.1898 260.859 
-0.769826 -8.52736 1.76192 670 99.9919 363.487 
2.3244 -6.74091 -0.546464 673 468.846 19.2709 
-1.48552 -8.94057 0.517606 676 8.57778 240.508 
-1.10245 -8.71941 -0.567007 677 21.4142 122.705 
0.0842166 -8.03428 0.452304 685 164.876 212.305 
0.676712 -7.6922 0.794688 695 238.912 246.635 
2.99296 -6.35491 0.665465 696 617.589 189.162 
0.735422 -7.65831 -0.141939 702 228.444 130.607 
-0.0286901 -8.09947 1.01989 704 162.02 280.766 
2.02484 -6.91386 0.215523 713 425.781 145.196 
2.26921 -6.77278 -0.294944 715 462.555 60.8818 
1.12928 -7.43091 0.660268 716 296.678 224.611 
-0.939569 -8.62536 -0.32294 718 40.3215 144.408 
-0.734402 -8.50691 1.2467 730 90.4332 308.261 
1.28778 -7.33941 1.94479 733 340.51 383.385 
-0.562661 -8.40776 1.95132 740 122.239 380.483 
-0.329699 -8.27326 1.956 745 146.187 382.326 
-1.49578 -8.94649 0.981389 746 20.073 288.55 
-0.0589625 -8.11695 -0.531896 750 126.353 99.7129 
