5.64257 -0.481715 -7 109 271.998 151.826 
2.26927 0.767181 -7 111 595.554 323.965 
2.74139 -0.240151 -7 113 541.52 183.762 
6.30632 -1.54879 -7 115 235.305 62.0558 
4.50714 -1.04124 -7 119 356.92 94.0619 
2.98659 0.138239 -7 123 504.026 229.214 
4.46367 -0.542201 -7 125 357.723 145.673 
6.6867 0.183154 -7 127 212.914 203.44 
6.46481 -1.88245 -7 128 227.181 35.1001 
3.77354 -0.887468 -7 133 424.533 105.6 
6.08103 -0.977971 -7 134 246.919 109.598 
3.34213 1.4046 -7 137 449.457 365.194 
4.29646 -0.0380129 -7 139 368.977 197.681 
6.59087 -1.1778 -7 141 219.468 95.5079 
4.8725 1.3091 -7 142 317.159 317.378 
6.26277 1.2623 -7 143 232.813 289.963 
1.9715 1.13953 -7 144 637.285 384.365 
6.4687 -1.97232 -7 149 227.114 27.403 
7 -1.59791 -6.35011 157 154.424 52.2628 
7 1.75895 -5.06184 159 45.8238 351.812 
7 -0.863938 -6.09367 166 134.673 112.656 
7 1.33843 -4.95324 172 33.1101 315.638 
7 0.759759 -5.08223 173 44.8382 259.216 
7 -0.563655 -4.89557 181 19.4651 126.984 
7 0.831841 -5.58946 182 93.94 260.675 
7 1.69172 -5.79597 183 112.749 330.028 
7 0.781169 -6.98961 200 196.914 245.733 
