-7 0.21307 2.3409 51 314.411 251.731 
-7 -0.503339 4.01391 52 472.659 184.931 
-7 -0.64261 4.44771 54 508.709 174.024 
-7 -0.441068 2.32778 56 315.648 181.455 
-7 1.81819 2.50338 57 324.487 418.106 
-7 1.50288 1.91462 59 264.878 390.357 
-7 1.26508 -0.184774 63 2.00753 379.933 
-7 -1.45394 1.58819 66 238.42 59.7352 
-7 0.78654 5.75191 68 596.424 305.51 
-7 -0.100249 4.19611 69 485.581 224.507 
-7 -1.07602 2.04225 70 287.899 109.034 
-7 -0.527577 4.46053 71 509.101 185.004 
-7 -0.14175 5.47309 72 582.515 224.395 
-7 -1.87164 2.51938 75 341.258 27.3226 
-7 1.51818 2.67054 81 342.106 386.294 
-7 0.883221 6.2108 82 626.288 312.86 
-7 -1.9255 2.82609 83 372.185 26.5215 
-7 -0.72299 3.2493 84 406.764 158.117 
-7 1.48523 2.57162 86 332.557 383.648 
-7 -0.166603 0.216342 87 60.6778 200.52 
-7 1.20864 2.59145 88 335.628 355.256 
-7 1.46933 5.82185 93 597.22 363.404 
-7 -0.576654 5.65743 96 597.915 186.586 
-7 -1.0576 1.73598 99 253.98 107.556 
