-7 0.46862 -2.98529 58 447.374 235.643 
-7 -1.03485 -3.75523 61 362.593 84.4173 
-7 -0.184126 -2.39523 62 513.012 163.353 
-7 0.0943094 -5.21035 64 255.813 202.249 
-7 1.11392 -6.02536 65 214.55 280.969 
-7 0.886694 -5.35798 67 253.648 266.501 
-7 1.34911 -4.82912 74 293.975 305.864 
-7 0.577231 -1.47952 76 635.574 251.085 
-7 0.694743 -5.33965 78 253.001 251.375 
-7 1.12101 -6.65735 79 179.417 278.709 
-7 0.821262 -3.48263 80 399.814 268.528 
-7 -1.84392 -6.0007 85 182.311 40.6066 
-7 1.69039 -1.92004 89 571.092 369.339 
-7 -0.295975 -5.19552 90 252.909 168.866 
-7 1.40697 -4.3308 91 331.474 314.405 
-7 0.592834 -6.66606 94 173.094 241.222 
-7 -1.56958 -3.12031 95 424.055 11.2926 
-7 -1.20087 -3.87679 97 350.018 68.6254 
-7 1.52805 -2.92335 98 457.302 339.155 
-7 -0.609874 -5.90804 100 202.878 146.358 
-5.46333 -1.29075 -7 102 9.1793 93.6853 
-5.09885 0.316864 -7 107 6.82221 254.919 
-6.22725 1.4028 -7 110 118.85 315.7 
-6.20015 -0.954561 -7 122 81.5319 126.929 
-6.2831 -0.370457 -7 140 97.033 176.199 
-6.46998 0.52855 -7 150 122.863 244.875 
