-3.17768 1.79522 -7 101 467.075 407.229 
-4.55559 -0.250499 -7 105 614.962 168.164 
-2.11042 -0.0563179 -7 106 356.055 179.046 
-0.235026 1.16667 -7 114 74.3133 360.471 
-0.0787955 1.33173 -7 116 47.2258 387.775 
-1.66978 1.93068 -7 118 290.977 445.97 
-3.56835 0.827876 -7 121 513.753 291.817 
-2.10211 -0.684594 -7 129 358.158 91.0559 
-3.11373 -0.303232 -7 130 475.506 152.771 
-1.59533 0.795126 -7 132 284.612 295.865 
-3.58737 1.4874 -7 135 510.429 367.626 
-0.615215 -0.161545 -7 146 137.016 152.795 
