-7 -1.78251 -2.62609 53 -0.143156 -0.490953 
-7 -0.29883 -1.326 55 0.149458 -0.155658 
-7 0.46862 -2.98529 58 -0.229631 0.022586 
-7 -1.05185 -1.49538 60 0.11181 -0.338735 
-7 -1.03485 -3.75523 61 -0.375296 -0.306393 
-7 -0.184126 -2.39523 62 -0.100832 -0.125179 
-7 1.26508 -0.184774 63 0.443603 0.252063 
-7 0.0943094 -5.21035 64 -0.638448 -0.0644354 
-7 0.886694 -5.35798 67 -0.665949 0.0935276 
-7 1.34911 -4.82912 74 -0.579728 0.192806 
-7 0.577231 -1.47952 76 0.107109 0.058788 
-7 -1.86155 -2.22478 77 -0.0546007 -0.518361 
-7 0.694743 -5.33965 78 -0.662167 0.0553488 
-7 0.821262 -3.48263 80 -0.331165 0.0968927 
-7 -0.166603 0.216342 87 0.568853 -0.126404 
-7 1.69039 -1.92004 89 -0.00313469 0.320041 
-7 -0.295975 -5.19552 90 -0.634358 -0.142923 
-7 1.40697 -4.3308 91 -0.492714 0.21188 
-7 0.312724 -0.335245 92 0.406717 0.00011292 
-7 -1.56958 -3.12031 95 -0.247621 -0.432985 
-7 -1.20087 -3.87679 97 -0.397587 -0.340694 
-7 1.52805 -2.92335 98 -0.221894 0.261666 
