-7 0.21307 2.3409 51 0.474675 0.338507 
-7 -0.29883 -1.326 55 -0.470834 0.213211 
-7 -0.441068 2.32778 56 0.454239 0.1699 
-7 -1.05185 -1.49538 60 -0.497518 0.0195144 
-7 -1.45394 1.58819 66 0.259927 -0.0714389 
-7 -1.07602 2.04225 70 0.372264 0.0164762 
-7 -1.87164 2.51938 75 0.462978 -0.161494 
-7 0.577231 -1.47952 76 -0.536053 0.460485 
-7 -1.86155 -2.22478 77 -0.661706 -0.175261 
-7 -1.9255 2.82609 83 0.529243 -0.172065 
-7 -0.72299 3.2493 84 0.661327 0.100284 
-7 -0.166603 0.216342 87 -0.0664015 0.244679 
-7 0.312724 -0.335245 92 -0.214487 0.377685 
-7 -1.0576 1.73598 99 0.300801 0.0205792 
