-7 -1.78251 -2.62609 53 116.767 105.788 
-7 -0.29883 -1.326 55 240.081 255.848 
-7 0.46862 -2.98529 58 52.7406 340.337 
-7 -1.05185 -1.49538 60 226.074 175.836 
-7 -0.184126 -2.39523 62 123.711 267.956 
-7 1.26508 -0.184774 63 369.043 446.478 
-7 -1.45394 1.58819 66 566.117 129.576 
-7 -1.07602 2.04225 70 623.842 169.122 
-7 0.577231 -1.47952 76 217.654 356.174 
-7 -1.86155 -2.22478 77 157.202 97.4108 
-7 -0.166603 0.216342 87 414.717 271.484 
-7 0.312724 -0.335245 92 350.726 326.905 
-7 -1.56958 -3.12031 95 65.9197 127.008 
-7 1.52805 -2.92335 98 43.8884 468.564 
-7 -1.0576 1.73598 99 587.547 171.509 
