-2.93389 0.906698 7 9 593.581 409.879 
-4.80195 0.41523 7 21 382.358 345.727 
-3.28746 -0.347612 7 22 518.898 253.989 
-5.92999 -1.73451 7 23 281.525 171.166 
-5.37012 0.037908 7 24 335.757 312.164 
-5.21106 1.44812 7 29 364.917 441.723 
-5.40598 0.152698 7 30 334.739 322.462 
-2.84657 -0.836733 7 31 565.998 184.732 
-5.875 -0.508694 7 36 297.698 269.015 
-4.02466 -0.174699 7 39 441.748 282.542 
-3.22548 0.288125 7 40 539.702 329.891 
-5.59816 -0.619665 7 42 313.185 257.003 
-3.26615 1.27581 7 43 555.374 452.58 
-6.33365 0.109205 7 44 278.436 321.535 
-2.70348 -0.732172 7 47 588.914 193.843 
-6.25916 0.145289 7 48 282.851 324.206 
-7 -0.64261 4.44771 54 26.5255 289.391 
-7 0.78654 5.75191 68 167.101 400.935 
-7 -0.100249 4.19611 69 0.0569081 352.245 
-7 -0.527577 4.46053 71 29.0968 301.238 
-7 -0.14175 5.47309 72 135.201 323.782 
-7 1.61955 6.53315 73 230.809 449.786 
-7 0.883221 6.2108 82 202.223 397.868 
-7 1.46933 5.82185 93 179.21 459.668 
-7 -0.576654 5.65743 96 146.635 283.234 
