-4.80195 0.41523 7 21 0.305537 0.13309 
-3.28746 -0.347612 7 22 0.664886 -0.0385456 
-5.92999 -1.73451 7 23 0.106511 -0.265012 
-5.37012 0.037908 7 24 0.204695 0.0525588 
-5.21106 1.44812 7 29 0.243715 0.325344 
-5.40598 0.152698 7 30 0.200174 0.0741041 
-3.76175 1.7333 7 32 0.548609 0.4735 
-5.875 -0.508694 7 36 0.125465 -0.0468231 
-4.02466 -0.174699 7 39 0.46383 0.00990988 
-3.22548 0.288125 7 40 0.690895 0.134157 
-5.59816 -0.619665 7 42 0.163725 -0.0699897 
-3.26615 1.27581 7 43 0.687381 0.397066 
-6.33365 0.109205 7 44 0.0719102 0.0607547 
-6.25916 0.145289 7 48 0.0814059 0.0672141 
-7 -0.503339 4.01391 52 -0.510425 -0.012614 
-7 -0.64261 4.44771 54 -0.412966 -0.0470116 
-7 0.78654 5.75191 68 -0.160394 0.199852 
-7 -0.100249 4.19611 69 -0.460911 0.0736033 
-7 -0.527577 4.46053 71 -0.408547 -0.0227415 
-7 -0.14175 5.47309 72 -0.214353 0.0398188 
-7 1.61955 6.53315 73 -0.0453127 0.30885 
-7 0.883221 6.2108 82 -0.0940968 0.200876 
-7 1.46933 5.82185 93 -0.142732 0.316373 
-7 -0.576654 5.65743 96 -0.189841 -0.0415927 
