-1.69835 7.10236 -1.49702 1 -0.580428 -0.34614 
-5.21737 5.07065 -0.784054 2 0.567417 0.0493951 
-4.28285 5.6102 -0.35009 4 0.253735 0.126988 
-2.36095 6.71981 0.0648834 6 -0.445669 0.15711 
-4.55705 5.45189 0.173982 17 0.32659 0.297338 
-3.41844 6.10927 -1.82689 21 0.0213688 -0.335587 
-3.01817 6.34036 -1.63356 23 -0.12187 -0.311455 
-2.57331 6.5972 -0.0115366 25 -0.361569 0.140051 
-2.71663 6.51445 0.575812 32 -0.347008 0.338904 
-5.58769 4.85685 -0.0889875 33 0.677085 0.267372 
-3.74583 5.92025 -0.779907 36 0.0879035 -0.0336293 
-3.03012 6.33346 -0.976834 38 -0.145301 -0.12501 
-4.01906 5.7625 0.688089 42 0.123245 0.438109 
-5.01404 5.18805 -1.36312 47 0.517282 -0.125968 
-5.40315 4.96339 -0.284863 49 0.623276 0.201693 
-2.14768 6.84294 -0.101629 51 -0.510419 0.091132 
-3.33545 6.15718 -0.435976 52 -0.0670997 0.0521352 
-3.617 5.99463 -1.57595 71 0.077925 -0.255222 
-4.04408 5.74805 -1.06717 77 0.200004 -0.0939025 
-4.14277 5.69108 0.84443 78 0.163708 0.495624 
-3.86191 5.85323 -1.48589 82 0.15665 -0.216243 
-2.18179 6.82325 0.0567123 84 -0.5099 0.138035 
-2.31638 6.74554 0.814643 87 -0.512654 0.403696 
-4.13014 5.69837 -1.41351 88 0.237211 -0.187887 
-3.16889 6.25334 -1.4501 90 -0.0741176 -0.24589 
-4.96883 5.21415 -1.7676 92 0.509877 -0.234895 
-3.51194 6.05528 0.00121058 101 -0.0232356 0.192843 
-2.27819 6.76759 -0.186085 109 -0.457175 0.0728393 
-4.62783 5.41102 -0.263344 122 0.363713 0.168517 
-4.37657 5.55609 0.727218 125 0.251098 0.465514 
-4.73475 5.34929 -1.6572 126 0.435505 -0.218017 
-2.44383 6.67196 -0.385326 131 -0.383986 0.0213292 
-2.20806 6.80808 -1.59639 140 -0.389563 -0.343239 
-5.45173 4.93535 -0.474326 153 0.63504 0.145489 
-1.34908 7.30401 -1.57982 156 -0.695371 -0.393243 
-2.79823 6.46735 0.492322 157 -0.307405 0.311506 
-3.75274 5.91626 -1.57757 159 0.118524 -0.248063 
-2.15233 6.84026 -0.0957294 160 -0.504281 0.0920172 
-2.43306 6.67818 0.0756168 161 -0.415007 0.159259 
-5.18032 5.09204 -1.54133 165 0.567603 -0.159918 
-2.12399 6.85662 0.667081 166 -0.575043 0.3413 
-1.58921 7.16537 -1.2695 193 -0.633016 -0.295277 
-2.76342 6.48744 -1.86079 195 -0.194006 -0.385056 
-3.97857 5.78587 -1.48671 197 0.189082 -0.212877 
-3.48498 6.07085 0.402763 199 -0.0492765 0.318431 
-2.50658 6.63573 -0.864936 203 -0.331696 -0.119728 
-1.65507 7.12735 -1.39271 204 -0.598317 -0.320949 
-2.60244 6.58039 -0.419929 205 -0.324212 0.0148481 
-2.88473 6.41741 -0.980824 212 -0.196581 -0.132716 
-2.20564 6.80948 0.351964 217 -0.522909 0.236797 
-4.56488 5.44737 -0.00874334 220 0.340255 0.240637 
-3.28265 6.18767 0.466932 221 -0.137494 0.328099 
-1.831 7.02577 -0.964452 224 -0.56354 -0.185527 
-1.58155 7.1698 -0.998108 227 -0.655313 -0.213211 
-2.63039 6.56425 -0.0067306 240 -0.341261 0.149502 
-4.83444 5.29174 -0.69456 244 0.445265 0.0559914 
-2.65581 6.54957 -0.244999 247 -0.321247 0.0739951 
-3.8183 5.87841 -0.432496 250 0.101822 0.0775539 
