-7 -1.78251 -2.62609 53 261.676 10.8399 
-7 -0.29883 -1.326 55 397.481 166.106 
-7 0.46862 -2.98529 58 222.771 248.305 
-7 -1.05185 -1.49538 60 380.023 81.2212 
-7 -1.03485 -3.75523 61 155.004 96.839 
-7 -0.184126 -2.39523 62 281.776 180.305 
-7 1.26508 -0.184774 63 533.439 354.187 
-7 0.0943094 -5.21035 64 35.432 208.367 
-7 0.886694 -5.35798 67 23.6386 280.58 
-7 1.34911 -4.82912 74 63.3006 325.899 
-7 0.577231 -1.47952 76 377.878 265.06 
-7 0.694743 -5.33965 78 25.1803 263.156 
-7 0.821262 -3.48263 80 176.405 282.315 
-7 -0.166603 0.216342 87 592.625 179.473 
-7 1.69039 -1.92004 89 327.21 384.66 
-7 -0.295975 -5.19552 90 36.9411 172.367 
-7 1.40697 -4.3308 91 102.994 334.679 
-7 0.312724 -0.335245 92 516.773 238.098 
-7 -1.56958 -3.12031 95 213.492 37.9941 
-7 -1.20087 -3.87679 97 144.65 81.0059 
-7 1.52805 -2.92335 98 226.818 357.704 
