6.30632 -1.54879 -7 115 619.682 139.662 
6.6867 0.183154 -7 127 604.43 284.163 
6.46481 -1.88245 -7 128 604.496 118.344 
6.59087 -1.1778 -7 141 600.677 175.438 
6.4687 -1.97232 -7 149 603.478 111.652 
7 -0.0623122 -3.31422 152 319.747 260.696 
7 0.36994 -1.65205 155 139.939 307.452 
7 -1.59791 -6.35011 157 533.337 147.701 
7 1.75895 -5.06184 159 470.211 430.138 
7 0.343459 -2.54532 160 243.717 302.751 
7 1.08732 -1.94397 162 173.583 391.891 
7 0.863395 -4.44339 163 418.838 349.285 
7 -0.724268 -3.10497 165 299.392 194.499 
7 -0.863938 -6.09367 166 522.836 201.608 
7 1.33843 -4.95324 172 459.943 391.147 
7 0.759759 -5.08223 173 466.181 336.803 
7 -0.518283 -3.0968 179 298.841 214.636 
7 0.741437 -4.00824 180 382.952 339.48 
7 -0.563655 -4.89557 181 446.194 219.957 
7 0.831841 -5.58946 182 501.454 341.234 
7 1.69172 -5.79597 183 520.517 416.354 
7 -1.20096 -0.713027 185 23.8277 115.454 
7 -0.746732 -0.782938 186 29.9077 170.135 
7 0.0865561 -4.29161 189 403.671 276.303 
7 -1.97934 -4.46413 190 408.953 97.1429 
7 -1.56385 -0.742436 193 31.0958 74.3247 
7 0.781169 -6.98961 200 585.404 332.081 
