1.69792 -0.977731 -7 104 0.474492 -0.485725 
5.64257 -0.481715 -7 109 -0.427851 -0.368458 
2.26927 0.767181 -7 111 0.188255 0.0272886 
2.74139 -0.240151 -7 113 0.116783 -0.272617 
4.50714 -1.04124 -7 119 -0.228048 -0.490233 
2.98659 0.138239 -7 123 0.0372111 -0.176484 
4.46367 -0.542201 -7 125 -0.238485 -0.373 
6.6867 0.183154 -7 127 -0.579445 -0.250198 
3.77354 -0.887468 -7 133 -0.0919022 -0.454384 
6.08103 -0.977971 -7 134 -0.47418 -0.471649 
3.34213 1.4046 -7 137 -0.0989712 0.126929 
0.97797 0.750031 -7 138 0.613128 0.113537 
4.29646 -0.0380129 -7 139 -0.226939 -0.253385 
6.59087 -1.1778 -7 141 -0.534335 -0.509725 
4.8725 1.3091 -7 142 -0.368492 0.0246619 
6.26277 1.2623 -7 143 -0.555741 -0.0385604 
1.9715 1.13953 -7 144 0.251271 0.152946 
1.45576 0.553777 -7 145 0.451955 0.0146969 
7 0.781169 -6.98961 200 -0.630341 -0.14769 
