-2.11042 -0.0563179 -7 106 0.601276 -0.202908 
-0.235026 1.16667 -7 114 0.0810542 0.315207 
-0.0787955 1.33173 -7 116 0.0411983 0.37951 
-1.66978 1.93068 -7 118 0.587478 0.461218 
0.474792 -0.485198 -7 124 -0.261578 -0.177207 
-2.10211 -0.684594 -7 129 0.559132 -0.404613 
-1.59533 0.795126 -7 132 0.492537 0.103594 
1.03314 -1.58354 -7 136 -0.523525 -0.506415 
0.97797 0.750031 -7 138 -0.345075 0.263236 
1.9715 1.13953 -7 144 -0.651881 0.461859 
1.45576 0.553777 -7 145 -0.518356 0.231752 
-0.615215 -0.161545 -7 146 0.117297 -0.141656 
0.206379 -1.0164 -7 147 -0.208478 -0.369721 
