-7 1.12101 -6.65735 79 0.511926 0.494998 
-7 0.592834 -6.66606 94 0.521516 0.392874 
-5.46333 -1.29075 -7 102 0.32475 -0.00743343 
-4.55559 -0.250499 -7 105 0.15792 0.175081 
-2.11042 -0.0563179 -7 106 -0.415879 0.148169 
-5.09885 0.316864 -7 107 0.227123 0.307413 
-5.05591 -0.451909 -7 117 0.243729 0.145373 
-3.07632 -1.96878 -7 120 -0.0592908 -0.296147 
-3.56835 0.827876 -7 121 -0.0756416 0.419419 
-6.20015 -0.954561 -7 122 0.408814 0.0809187 
-1.05355 -1.5594 -7 126 -0.681712 -0.40461 
-2.10211 -0.684594 -7 129 -0.378266 -0.037305 
-3.11373 -0.303232 -7 130 -0.127431 0.117883 
-1.30535 -1.94469 -7 131 -0.556023 -0.487357 
-1.59533 0.795126 -7 132 -0.660631 0.411849 
-6.2831 -0.370457 -7 140 0.405166 0.189874 
-5.05277 -1.83336 -7 148 0.283038 -0.13126 
-6.46998 0.52855 -7 150 0.406545 0.359688 
