-2.11042 -0.0563179 -7 106 0.475361 -0.283266 
-0.235026 1.16667 -7 114 -0.0423345 0.219566 
-0.0787955 1.33173 -7 116 -0.0827619 0.282758 
-1.66978 1.93068 -7 118 0.443932 0.360076 
0.474792 -0.485198 -7 124 -0.38862 -0.28294 
-2.10211 -0.684594 -7 129 0.440527 -0.48564 
-1.59533 0.795126 -7 132 0.363175 0.0154656 
0.97797 0.750031 -7 138 -0.475964 0.166043 
1.45576 0.553777 -7 145 -0.658653 0.132924 
-0.615215 -0.161545 -7 146 -0.000108542 -0.235656 
0.206379 -1.0164 -7 147 -0.332474 -0.481262 
