4.32541 -5.58563 0.848861 506 0.272081 0.426807 
3.31453 -6.16926 -0.82277 507 -0.0755422 -0.0925794 
2.55081 -6.61019 -1.05696 510 -0.343647 -0.168523 
5.15051 -5.10926 0.655281 515 0.553904 0.359034 
5.54127 -4.88365 0.584966 517 0.681991 0.34493 
4.96491 -5.21641 -0.162781 524 0.483249 0.116639 
4.45282 -5.51207 0.330289 528 0.314928 0.260012 
3.62183 -5.99184 -0.708902 530 0.0313105 -0.0560337 
1.74656 -7.07452 -0.649775 536 -0.642639 -0.0564032 
3.84209 -5.86467 0.762035 537 0.104183 0.398824 
4.08321 -5.72546 -0.0501395 541 0.187933 0.144131 
4.14699 -5.68864 -0.0739802 553 0.209062 0.139288 
2.76135 -6.48864 -0.835611 556 -0.268427 -0.10261 
2.50813 -6.63483 -1.62398 557 -0.350923 -0.335239 
1.77128 -7.06025 -1.32111 560 -0.622275 -0.260506 
5.11501 -5.12975 -1.32998 563 0.514456 -0.218673 
5.60572 -4.84644 -1.12497 564 0.67704 -0.154265 
4.17332 -5.67344 0.684667 567 0.22365 0.372556 
4.08949 -5.72184 0.309736 570 0.191562 0.254455 
4.78434 -5.32066 -1.81187 575 0.407506 -0.351882 
2.35211 -6.72491 -1.73362 576 -0.401797 -0.370861 
2.61049 -6.57574 0.28437 581 -0.339988 0.238244 
3.5218 -6.04959 -1.73721 596 0.000572085 -0.355155 
2.00616 -6.92464 -1.64027 600 -0.527039 -0.349508 
2.48133 -6.65031 0.492331 604 -0.392295 0.311476 
4.89471 -5.25694 -0.199595 606 0.460804 0.103152 
2.61487 -6.57321 0.0112596 607 -0.333417 0.155075 
2.89706 -6.41029 -1.2274 611 -0.221356 -0.216903 
2.4848 -6.64831 0.119285 615 -0.388731 0.190482 
2.90013 -6.40851 0.80747 626 -0.242508 0.413721 
2.77919 -6.47834 -1.67587 627 -0.252434 -0.343974 
5.34694 -4.99584 -0.371774 630 0.60216 0.0513196 
3.2896 -6.18365 -0.831285 632 -0.0839642 -0.0995027 
3.83992 -5.86592 -0.579006 640 0.10541 -0.0146899 
2.18105 -6.82367 0.572736 650 -0.513367 0.337829 
2.35902 -6.72093 0.562621 651 -0.439033 0.334199 
3.74064 -5.92325 -1.9671 654 0.0706378 -0.410048 
1.77898 -7.05581 0.424263 655 -0.658532 0.288899 
4.82206 -5.29889 0.859675 662 0.451524 0.431326 
4.88586 -5.26205 0.975449 663 0.472019 0.463687 
4.05549 -5.74146 -0.254187 669 0.181453 0.0857925 
2.3244 -6.74091 -0.546464 673 -0.4338 -0.0182934 
4.78329 -5.32127 0.804293 674 0.430028 0.409131 
5.20039 -5.08046 -0.0857982 678 0.559065 0.135633 
4.99407 -5.19958 0.559179 682 0.501041 0.335267 
3.62073 -5.99248 0.99023 683 0.0258949 0.474769 
4.226 -5.64302 0.28797 691 0.233848 0.245653 
2.99296 -6.35491 0.665465 696 -0.20612 0.366559 
4.82073 -5.29965 -1.08631 698 0.427981 -0.154452 
5.29956 -5.0232 -0.579862 701 0.586125 -0.00669254 
4.30182 -5.59925 -1.21577 708 0.253289 -0.196067 
5.49777 -4.90876 0.072566 709 0.655268 0.181891 
2.02484 -6.91386 0.215523 713 -0.56391 0.219456 
2.26921 -6.77278 -0.294944 715 -0.456524 0.0586427 
4.48631 -5.49273 -1.46496 723 0.318747 -0.260809 
5.45807 -4.93168 0.702726 724 0.65205 0.37657 
3.52361 -6.04855 -0.447866 727 -0.00371474 0.018823 
5.30402 -5.02063 -1.37929 729 0.577079 -0.225939 
5.1391 -5.11584 0.224599 734 0.546923 0.230095 
4.48121 -5.49568 0.424736 739 0.324175 0.286959 
5.33057 -5.0053 -0.178382 743 0.599377 0.108911 
3.90444 -5.82868 0.777906 744 0.129075 0.403189 
2.78119 -6.47718 -1.18276 749 -0.257815 -0.202201 
