-7 -1.78251 -2.62609 53 -0.202984 -0.459137 
-7 -0.29883 -1.326 55 0.0807461 -0.131289 
-7 0.46862 -2.98529 58 -0.297463 0.045415 
-7 -1.05185 -1.49538 60 0.0443863 -0.309447 
-7 -1.03485 -3.75523 61 -0.437022 -0.282971 
-7 -0.184126 -2.39523 62 -0.166009 -0.102264 
-7 1.26508 -0.184774 63 0.370109 0.272953 
-7 1.34911 -4.82912 74 -0.662186 0.221549 
-7 0.577231 -1.47952 76 0.0388122 0.081007 
-7 -1.86155 -2.22478 77 -0.11618 -0.483892 
-7 0.821262 -3.48263 80 -0.40227 0.121164 
-7 -0.166603 0.216342 87 0.484567 -0.101163 
-7 1.69039 -1.92004 89 -0.0726944 0.347227 
-7 1.40697 -4.3308 91 -0.572103 0.240622 
-7 0.312724 -0.335245 92 0.331257 0.0221633 
-7 -1.56958 -3.12031 95 -0.306849 -0.40489 
-7 -1.20087 -3.87679 97 -0.458542 -0.31689 
-7 1.52805 -2.92335 98 -0.294117 0.289538 
