5.64257 -0.481715 -7 109 0.412316 0.00424087 
6.30632 -1.54879 -7 115 0.283963 -0.145811 
4.50714 -1.04124 -7 119 0.611186 -0.168813 
4.46367 -0.542201 -7 125 0.646252 -0.0642226 
6.6867 0.183154 -7 127 0.280908 0.146799 
6.46481 -1.88245 -7 128 0.255799 -0.188408 
6.08103 -0.977971 -7 134 0.329934 -0.0643866 
6.59087 -1.1778 -7 141 0.25806 -0.0741262 
4.8725 1.3091 -7 142 0.640916 0.368031 
6.26277 1.2623 -7 143 0.371149 0.336129 
6.4687 -1.97232 -7 149 0.253119 -0.201738 
7 -0.0623122 -3.31422 152 -0.361889 0.159359 
7 -1.59791 -6.35011 157 0.127103 -0.126308 
7 1.75895 -5.06184 159 0.0183841 0.500094 
7 0.343459 -2.54532 160 -0.565052 0.282603 
7 0.863395 -4.44339 163 -0.109079 0.335145 
7 -0.724268 -3.10497 165 -0.418872 0.00900774 
7 -0.863938 -6.09367 166 0.110641 -0.0126649 
7 1.33843 -4.95324 172 -0.00905127 0.415874 
7 0.759759 -5.08223 173 -0.000169266 0.292142 
7 -0.518283 -3.0968 179 -0.419214 0.0561907 
7 0.741437 -4.00824 180 -0.196694 0.324428 
7 -0.563655 -4.89557 181 -0.0569334 0.0395755 
7 0.831841 -5.58946 182 0.07919 0.291367 
7 1.69172 -5.79597 183 0.129123 0.449958 
7 0.0865561 -4.29161 189 -0.151573 0.17397 
7 -1.97934 -4.46413 190 -0.153857 -0.222724 
7 0.781169 -6.98961 200 0.256108 0.24816 
