-7 0.0943094 -5.21035 64 0.490705 0.109338 
-7 1.11392 -6.02536 65 0.339144 0.297598 
-7 0.886694 -5.35798 67 0.462596 0.270825 
-7 1.34911 -4.82912 74 0.582731 0.393217 
-7 0.694743 -5.33965 78 0.465843 0.231353 
-7 1.12101 -6.65735 79 0.241318 0.282306 
-7 -1.84392 -6.0007 85 0.345495 -0.229037 
-7 -0.295975 -5.19552 90 0.4925 0.0303128 
-7 0.592834 -6.66606 94 0.241723 0.190766 
-7 -0.609874 -5.90804 100 0.359881 -0.0197668 
-3.17768 1.79522 -7 101 -0.484378 0.517988 
-5.46333 -1.29075 -7 102 0.0281245 -0.165046 
-4.55559 -0.250499 -7 105 -0.123584 0.0018888 
-5.09885 0.316864 -7 107 -0.0408251 0.127602 
-6.22725 1.4028 -7 110 0.106069 0.332643 
-5.05591 -0.451909 -7 117 -0.0387918 -0.0246965 
-3.07632 -1.96878 -7 120 -0.400799 -0.466211 
-3.56835 0.827876 -7 121 -0.350362 0.239219 
-6.20015 -0.954561 -7 122 0.117679 -0.0806521 
-3.11373 -0.303232 -7 130 -0.437354 -0.0597664 
-3.58737 1.4874 -7 135 -0.362507 0.412555 
-6.2831 -0.370457 -7 140 0.123785 0.0192097 
-5.05277 -1.83336 -7 148 -0.024372 -0.282525 
-6.46998 0.52855 -7 150 0.14007 0.174908 
