6.6867 0.183154 -7 127 0.670534 0.0932144 
6.46481 -1.88245 -7 128 0.680493 -0.275495 
6.59087 -1.1778 -7 141 0.668326 -0.147892 
6.4687 -1.97232 -7 149 0.678546 -0.290571 
7 -0.0623122 -3.31422 152 0.0465384 0.0388988 
7 0.36994 -1.65205 155 -0.337066 0.1387 
7 -1.59791 -6.35011 157 0.517728 -0.210946 
7 1.75895 -5.06184 159 0.367907 0.40792 
7 0.343459 -2.54532 160 -0.116989 0.129557 
7 1.08732 -1.94397 162 -0.265761 0.319528 
7 0.863395 -4.44339 163 0.258941 0.232283 
7 -0.724268 -3.10497 165 0.0035473 -0.10574 
7 -0.863938 -6.09367 166 0.492085 -0.0908713 
7 1.33843 -4.95324 172 0.346921 0.323594 
7 0.759759 -5.08223 173 0.362344 0.205852 
7 -0.518283 -3.0968 179 0.00209533 -0.0616457 
7 0.741437 -4.00824 180 0.181481 0.210532 
7 -0.563655 -4.89557 181 0.322499 -0.0501437 
7 0.831841 -5.58946 182 0.439307 0.215987 
7 1.69172 -5.79597 183 0.478012 0.379389 
7 -0.443496 -0.586995 184 -0.636204 -0.0814656 
7 -1.20096 -0.713027 185 -0.584383 -0.276084 
7 -0.746732 -0.782938 186 -0.570448 -0.157366 
7 0.0865561 -4.29161 189 0.227982 0.0733601 
7 -1.97934 -4.46413 190 0.244369 -0.322191 
7 -1.56385 -0.742436 193 -0.569932 -0.36605 
7 0.781169 -6.98961 200 0.624541 0.197126 
