-4.80195 0.41523 7 21 636.691 179.805 
-5.37012 0.037908 7 24 585.235 138.676 
-5.21106 1.44812 7 29 575.665 272.295 
-5.40598 0.152698 7 30 579.866 149.656 
-5.875 -0.508694 7 36 549.391 87.9396 
-5.59816 -0.619665 7 42 575.373 75.1682 
-6.33365 0.109205 7 44 506.051 143.127 
-6.25916 0.145289 7 48 510.816 146.317 
-7 0.21307 2.3409 51 72.4492 112.365 
-7 -0.503339 4.01391 52 262.761 55.7454 
-7 -0.64261 4.44771 54 302.191 48.713 
-7 -0.441068 2.32778 56 68.3115 27.6535 
-7 1.81819 2.50338 57 97.5229 295.852 
-7 1.50288 1.91462 59 18.7245 266.65 
-7 0.78654 5.75191 68 386.653 190.117 
-7 -0.100249 4.19611 69 277.098 100.381 
-7 -0.527577 4.46053 71 302.521 60.6945 
-7 -0.14175 5.47309 72 376.208 110.021 
-7 1.61955 6.53315 73 425.159 252.593 
-7 1.51818 2.67054 81 117.069 262.848 
-7 0.883221 6.2108 82 413.573 198.328 
-7 -0.72299 3.2493 84 185.14 14.9504 
-7 1.48523 2.57162 86 105.211 259.994 
-7 1.20864 2.59145 88 107.199 229.936 
-7 1.46933 5.82185 93 385.413 243.887 
-7 -0.576654 5.65743 96 392.359 73.3204 
