-2.93389 0.906698 7 9 0.509603 0.356225 
-2.14837 -1.21575 7 10 0.634579 -0.29298 
-4.80195 0.41523 7 21 0.0652277 0.236707 
-3.28746 -0.347612 7 22 0.345912 0.0252879 
-5.92999 -1.73451 7 23 -0.15432 -0.136742 
-5.37012 0.037908 7 24 -0.0350201 0.167093 
-5.21106 1.44812 7 29 0.0316733 0.451899 
-5.40598 0.152698 7 30 -0.0368704 0.189888 
-2.84657 -0.836733 7 31 0.437907 -0.125732 
-2.21352 -0.0799941 7 33 0.688422 0.0510436 
-5.875 -0.508694 7 36 -0.117506 0.0754917 
-4.02466 -0.174699 7 39 0.187488 0.0931204 
-3.22548 0.288125 7 40 0.393365 0.187391 
-5.59816 -0.619665 7 42 -0.0847501 0.0479032 
-3.26615 1.27581 7 43 0.433669 0.454148 
-6.33365 0.109205 7 44 -0.157625 0.193057 
-2.70348 -0.732172 7 47 0.484986 -0.107905 
-6.25916 0.145289 7 48 -0.148054 0.198568 
-7 0.78654 5.75191 68 -0.409601 0.374485 
-7 -0.14175 5.47309 72 -0.482749 0.201553 
-7 1.61955 6.53315 73 -0.262211 0.483218 
-7 0.883221 6.2108 82 -0.328123 0.366896 
-7 1.46933 5.82185 93 -0.381982 0.507227 
-7 -0.576654 5.65743 96 -0.455576 0.111224 
