-5.37012 0.037908 7 24 591.855 136.53 
-5.21106 1.44812 7 29 581.588 270.703 
-5.40598 0.152698 7 30 586.373 147.568 
-5.875 -0.508694 7 36 555.807 85.6279 
-5.59816 -0.619665 7 42 582.15 72.736 
-6.33365 0.109205 7 44 511.773 141.117 
-6.25916 0.145289 7 48 516.573 144.312 
-7 0.21307 2.3409 51 79.2858 108.84 
-7 -0.503339 4.01391 52 268.678 52.8421 
-7 -0.64261 4.44771 54 308.024 45.9119 
-7 -0.441068 2.32778 56 75.4731 24.1881 
-7 1.81819 2.50338 57 103.508 292.146 
-7 1.50288 1.91462 59 25.5568 262.555 
-7 0.78654 5.75191 68 391.725 187.967 
-7 -0.100249 4.19611 69 282.781 97.5995 
-7 -0.527577 4.46053 71 308.301 57.9214 
-7 -0.14175 5.47309 72 381.656 107.621 
-7 1.61955 6.53315 73 429.926 250.788 
-7 1.51818 2.67054 81 123.01 259.32 
-7 0.883221 6.2108 82 418.596 196.328 
-7 -0.72299 3.2493 84 191.556 11.7787 
-7 1.48523 2.57162 86 111.258 256.404 
-7 1.20864 2.59145 88 113.337 226.407 
-7 1.46933 5.82185 93 390.239 241.845 
-7 -0.576654 5.65743 96 397.969 70.8648 
