-7 0.21307 2.3409 51 0.107771 0.175163 
-7 -0.503339 4.01391 52 0.448903 0.0146974 
-7 -0.64261 4.44771 54 0.527987 -0.0127702 
-7 -0.441068 2.32778 56 0.106388 0.0220137 
-7 1.50288 1.91462 59 0.00666217 0.491048 
-7 1.26508 -0.184774 63 -0.549633 0.476333 
-7 -1.45394 1.58819 66 -0.0599261 -0.224292 
-7 -0.100249 4.19611 69 0.482881 0.101079 
-7 -1.07602 2.04225 70 0.0441029 -0.128457 
-7 -0.527577 4.46053 71 0.530402 0.0113364 
-7 -1.87164 2.51938 75 0.151124 -0.303286 
-7 1.51818 2.67054 81 0.177516 0.478934 
-7 -1.9255 2.82609 83 0.215852 -0.309017 
-7 -0.72299 3.2493 84 0.300984 -0.0370732 
-7 1.48523 2.57162 86 0.155994 0.473112 
-7 -0.166603 0.216342 87 -0.421255 0.0849051 
-7 1.20864 2.59145 88 0.160859 0.407258 
-7 0.312724 -0.335245 92 -0.58601 0.215676 
-7 -1.0576 1.73598 99 -0.0265457 -0.127786 
