7 -0.0623122 -3.31422 152 403.597 251.55 
7 0.36994 -1.65205 155 233.588 296.57 
7 -1.59791 -6.35011 157 635.635 127.939 
7 0.947338 -0.351981 158 67.9573 370.096 
7 1.75895 -5.06184 159 543.822 420.367 
7 0.343459 -2.54532 160 329.265 292.913 
7 -0.647617 -0.188366 161 51.5685 170.508 
7 1.08732 -1.94397 162 264.172 375.833 
7 0.863395 -4.44339 163 497.73 340.704 
7 -0.724268 -3.10497 165 385.734 183.865 
7 -0.863938 -6.09367 166 618.474 187.973 
7 1.33843 -4.95324 172 536.302 382.55 
7 0.759759 -5.08223 173 546.629 329.144 
7 -0.518283 -3.0968 179 384.546 204.718 
7 0.741437 -4.00824 180 462.527 330.449 
7 -0.563655 -4.89557 181 534.554 208.703 
7 0.831841 -5.58946 182 582.763 334.18 
7 1.69172 -5.79597 183 595.998 408.842 
7 -0.443496 -0.586995 184 105.333 198.695 
7 -1.20096 -0.713027 185 124.672 108.822 
7 -0.746732 -0.782938 186 132.052 163.761 
7 0.0865561 -4.29161 189 486.814 267.461 
7 -1.97934 -4.46413 190 503.633 75.3848 
7 -1.56385 -0.742436 193 129.783 66.0827 
7 1.83558 -1.14915 198 169.258 469.849 
