-1.97014 0.361326 7 3 0.428377 0.0729721 
-2.93389 0.906698 7 9 0.17731 0.25762 
-2.14837 -1.21575 7 10 0.294286 -0.355537 
-4.80195 0.41523 7 21 -0.215141 0.171381 
-3.28746 -0.347612 7 22 0.0481158 -0.0548661 
-5.92999 -1.73451 7 23 -0.404843 -0.201206 
-5.37012 0.037908 7 24 -0.307365 0.106155 
-5.21106 1.44812 7 29 -0.259295 0.399942 
-5.40598 0.152698 7 30 -0.310534 0.129977 
-2.84657 -0.836733 7 31 0.131118 -0.201024 
-3.76175 1.7333 7 32 0.0123665 0.480819 
-2.21352 -0.0799941 7 33 0.330088 -0.0433862 
-5.875 -0.508694 7 36 -0.382448 0.015731 
-4.02466 -0.174699 7 39 -0.0947502 0.0184818 
-3.22548 0.288125 7 40 0.0834417 0.100362 
-5.59816 -0.619665 7 42 -0.348501 -0.0143961 
-3.26615 1.27581 7 43 0.109474 0.361457 
-6.33365 0.109205 7 44 -0.430388 0.141592 
-2.70348 -0.732172 7 47 0.169647 -0.185211 
-6.25916 0.145289 7 48 -0.421123 0.146763 
-7 1.61955 6.53315 73 -0.573651 0.454233 
-7 0.883221 6.2108 82 -0.644668 0.321397 
