0.794442 1.97164 -7 103 -0.448086 0.491927 
-2.11042 -0.0563179 -7 106 0.378863 -0.316371 
-0.235026 1.16667 -7 114 -0.148474 0.167007 
-0.0787955 1.33173 -7 116 -0.190831 0.2292 
-1.66978 1.93068 -7 118 0.326952 0.313695 
0.474792 -0.485198 -7 124 -0.496522 -0.356289 
-2.10211 -0.684594 -7 129 0.351812 -0.520234 
-3.11373 -0.303232 -7 130 0.656811 -0.431045 
-1.59533 0.795126 -7 132 0.259832 -0.0248512 
0.97797 0.750031 -7 138 -0.595552 0.102826 
-0.615215 -0.161545 -7 146 -0.0947881 -0.289708 
