-7 1.12101 -6.65735 79 0.600707 0.490295 
-7 0.592834 -6.66606 94 0.612111 0.387669 
-5.46333 -1.29075 -7 102 0.412918 -0.0194836 
-4.55559 -0.250499 -7 105 0.242946 0.168429 
-2.11042 -0.0563179 -7 106 -0.31656 0.14824 
-5.09885 0.316864 -7 107 0.311537 0.300514 
-5.05591 -0.451909 -7 117 0.329326 0.137464 
-3.07632 -1.96878 -7 120 0.0263408 -0.305631 
-3.56835 0.827876 -7 121 0.0127129 0.411984 
-6.20015 -0.954561 -7 122 0.49805 0.069543 
-1.05355 -1.5594 -7 126 -0.578731 -0.394184 
-2.10211 -0.684594 -7 129 -0.28324 -0.0355425 
-3.11373 -0.303232 -7 130 -0.0390649 0.114694 
-1.30535 -1.94469 -7 131 -0.460986 -0.48265 
-1.59533 0.795126 -7 132 -0.540874 0.404663 
-6.2831 -0.370457 -7 140 0.492918 0.180698 
-5.05277 -1.83336 -7 148 0.371418 -0.145954 
-6.46998 0.52855 -7 150 0.492181 0.35221 
