-7 0.21307 2.3409 51 0.376303 0.343368 
-7 -0.29883 -1.326 55 -0.57534 0.225549 
-7 -0.441068 2.32778 56 0.360932 0.177739 
-7 -1.05185 -1.49538 60 -0.6033 0.0255088 
-7 -1.45394 1.58819 66 0.175755 -0.0635919 
-7 -1.07602 2.04225 70 0.284733 0.0252877 
-7 -1.87164 2.51938 75 0.378206 -0.152426 
-7 0.577231 -1.47952 76 -0.644185 0.478879 
-7 -1.9255 2.82609 83 0.443169 -0.162292 
-7 -0.72299 3.2493 84 0.562446 0.108751 
-7 -0.166603 0.216342 87 -0.157448 0.254988 
-7 0.312724 -0.335245 92 -0.309896 0.390327 
-7 -1.0576 1.73598 99 0.214239 0.0291684 
