-1.97014 0.361326 7 3 464.964 269.509 
-2.93389 0.906698 7 9 350.135 349.533 
-2.14837 -1.21575 7 10 417.269 71.9954 
-4.80195 0.41523 7 21 174.788 304.009 
-3.28746 -0.347612 7 22 300.261 204.059 
-5.92999 -1.73451 7 23 95.7768 125.657 
-5.37012 0.037908 7 24 133.716 272.03 
-5.21106 1.44812 7 29 148.737 409.808 
-5.40598 0.152698 7 30 131.653 283.119 
-2.84657 -0.836733 7 31 341.11 138.662 
-3.76175 1.7333 7 32 270.768 449.88 
-2.21352 -0.0799941 7 33 425.075 214.975 
-5.875 -0.508694 7 36 100.914 228.238 
-4.02466 -0.174699 7 39 233.761 235.112 
-3.22548 0.288125 7 40 312.221 276.102 
-5.59816 -0.619665 7 42 117.535 214.772 
-3.26615 1.27581 7 43 317.323 396.147 
-6.33365 0.109205 7 44 75.3016 286.531 
-2.70348 -0.732172 7 47 357.871 146.815 
-6.25916 0.145289 7 48 79.5312 289.12 
