-7 1.12101 -6.65735 79 593.6 466.226 
-7 0.592834 -6.66606 94 598.802 419.024 
-5.46333 -1.29075 -7 102 507.305 231.9 
-4.55559 -0.250499 -7 105 429.196 318.182 
-2.11042 -0.0563179 -7 106 171.438 308.708 
-5.09885 0.316864 -7 107 460.744 378.952 
-5.05591 -0.451909 -7 117 468.914 303.973 
-3.07632 -1.96878 -7 120 329.626 100.21 
-3.56835 0.827876 -7 121 323.162 430.255 
-6.20015 -0.954561 -7 122 546.417 272.831 
-1.05355 -1.5594 -7 126 50.8597 58.909 
-2.10211 -0.684594 -7 129 186.921 224.116 
-3.11373 -0.303232 -7 130 299.394 293.365 
-1.30535 -1.94469 -7 131 105.258 18.3845 
-1.59533 0.795126 -7 132 67.636 426.888 
-6.2831 -0.370457 -7 140 544.088 323.898 
-5.05277 -1.83336 -7 148 488.227 173.807 
-6.46998 0.52855 -7 150 543.792 402.749 
