-5.37012 0.037908 7 24 0.692714 -0.241839 
-5.21106 1.44812 7 29 0.662141 0.0581317 
-5.40598 0.152698 7 30 0.679219 -0.217044 
-5.875 -0.508694 7 36 0.609989 -0.354825 
-5.59816 -0.619665 7 42 0.672742 -0.384441 
-6.33365 0.109205 7 44 0.504301 -0.230255 
-6.25916 0.145289 7 48 0.515355 -0.223232 
-7 0.21307 2.3409 51 -0.420847 -0.313299 
-7 -0.503339 4.01391 52 -0.0229587 -0.429669 
-7 -0.64261 4.44771 54 0.0612418 -0.444072 
-7 -0.441068 2.32778 56 -0.424344 -0.494824 
-7 1.81819 2.50338 57 -0.380537 0.0804288 
-7 1.50288 1.91462 59 -0.53804 0.0124217 
-7 0.78654 5.75191 68 0.233402 -0.129338 
-7 -0.100249 4.19611 69 0.00453478 -0.331647 
-7 -0.527577 4.46053 71 0.0611632 -0.417767 
-7 -0.14175 5.47309 72 0.216207 -0.306703 
-7 1.61955 6.53315 73 0.312859 0.0112668 
-7 1.51818 2.67054 81 -0.338711 0.0112937 
-7 0.883221 6.2108 82 0.291331 -0.109589 
-7 -0.72299 3.2493 84 -0.183288 -0.520158 
-7 1.48523 2.57162 86 -0.362767 0.00434457 
-7 1.20864 2.59145 88 -0.356941 -0.0598616 
-7 1.46933 5.82185 93 0.227072 -0.0108282 
-7 -0.576654 5.65743 96 0.253731 -0.38731 
