-3.11304 -8.60806 -1.9166 254 161.871 55.5274 
-3.48222 -7.96863 1.84681 255 25.6793 409.961 
-2.75039 -9.23619 0.329719 263 180.66 264.609 
-3.07463 -8.67459 -1.54793 266 162.808 89.5483 
-2.57499 -9.53998 1.60069 268 187.105 363.019 
-2.72709 -9.27655 -1.48729 269 213.763 116.224 
-3.32874 -8.23445 -1.42324 285 115.843 87.3692 
-3.49888 -7.93976 0.772929 286 41.1255 303.299 
-3.44968 -8.02497 0.167007 293 63.2289 239.947 
-3.04378 -8.72802 1.54345 294 117.424 369.095 
-3.22332 -8.41705 1.89644 304 78.5444 403.629 
-3.32508 -8.2408 -1.51403 315 119.68 79.336 
-3.63057 -7.71167 -1.43695 316 52.8561 60.5738 
-3.09129 -8.64573 1.79249 320 105.23 391.846 
-3.06428 -8.69251 -0.666718 324 148.796 172.396 
-3.49997 -7.93787 0.446165 333 46.6426 267.624 
-3.35488 -8.18918 1.50964 334 58.622 372.658 
-3.62005 -7.72989 0.845456 350 10.1231 310.045 
-2.64072 -9.42615 1.95256 355 173.231 391.862 
-3.10287 -8.62567 -0.357131 361 139.883 199.695 
-3.32955 -8.23305 -1.41411 368 117.11 87.5707 
-2.62582 -9.45194 -1.96759 374 233.129 83.1025 
-3.02092 -8.76762 -1.67324 386 172.266 83.5306 
-3.14704 -8.54917 1.54174 390 99.2585 370.487 
-2.75281 -9.23199 0.225616 395 182.494 256.305 
-3.18967 -8.47533 1.85927 400 87.2361 399.297 
-3.33676 -8.22056 -0.399899 404 96.9262 186.81 
-3.20418 -8.4502 0.757211 405 100.537 298.67 
-3.32846 -8.23494 1.89335 407 60.6614 407.675 
-3.05904 -8.70159 0.925619 412 124.447 314.123 
-2.74941 -9.23788 0.292754 416 181.777 260.05 
-3.28794 -8.30512 -0.582867 425 109.792 172.027 
-2.88356 -9.00553 1.61269 428 141.431 372.097 
-3.57786 -7.80296 1.13653 429 15.2313 340.173 
-3.71801 -7.56021 -1.73791 433 37.8961 17.286 
-2.84073 -9.07972 -1.27039 435 195.425 129.474 
-2.97704 -8.84361 -0.559065 449 161.944 185.215 
-3.13049 -8.57784 0.930095 453 112.565 316.618 
-2.83311 -9.09292 -0.904736 454 187.237 161.247 
-3.07985 -8.66554 0.939564 456 122.263 313.959 
-2.82678 -9.10387 0.818773 460 161.427 303.976 
-2.94605 -8.89729 1.87197 478 127.643 392.202 
-3.62908 -7.71426 0.283949 480 18.5177 249.656 
-2.61113 -9.47739 -1.5069 492 230.415 121.574 
-3.63585 -7.70252 0.600044 494 12.1257 283.483 
-3.6271 -7.71768 0.36592 497 19.5346 257.464 
-3.46213 -8.00341 0.473249 499 55.4727 271.885 
-0.751588 -8.51683 0.0534651 508 342.335 282.277 
0.697982 -7.67992 -1.90184 511 571.02 83.849 
-0.577812 -8.4165 -1.88021 514 397.205 89.6673 
1.01972 -7.49417 -0.323822 518 579.78 298.722 
0.57886 -7.7487 0.424617 532 485.75 373.594 
-1.33469 -8.85349 -0.250941 535 296.909 240.627 
-0.805849 -8.54816 -1.1322 539 361.059 163.094 
-1.55768 -8.98223 1.00965 540 259.432 346.008 
-0.942173 -8.62687 -1.81306 542 361.505 96.5607 
-2.54087 -9.54988 -1.96382 546 243.809 86.628 
-0.435565 -8.33438 0.0499532 548 371.473 293.215 
0.488173 -7.80106 0.703509 550 466.436 402.456 
-2.17518 -9.33875 -0.02102 551 235.12 245.66 
-1.37853 -8.8788 -0.140968 554 291.277 250.819 
-0.337383 -8.27769 -1.23289 555 410.861 159.358 
0.766945 -7.64011 0.115194 558 524.276 343.999 
0.990941 -7.51078 -1.55331 559 610.844 128.894 
-1.35618 -8.8659 -1.86663 561 325.598 91.9926 
-0.751362 -8.5167 -0.54808 562 355.01 223.419 
0.285019 -7.91835 -1.67271 565 498.298 112.785 
-2.39776 -9.46725 -1.50147 566 245.01 123.426 
-0.453946 -8.34499 1.0501 568 349.533 392.055 
-0.48463 -8.36271 0.158388 572 365.398 301.566 
-1.19047 -8.77022 1.45663 578 276.006 398.436 
-0.0029851 -8.08463 -0.961949 580 442.958 191.834 
-0.413276 -8.32151 0.783569 583 359.605 367.55 
-1.13416 -8.73771 1.81808 584 275.771 435.193 
-2.13398 -9.31496 -0.61668 585 246.375 197.609 
-1.80668 -9.12599 1.44164 586 234.938 375.512 
0.848258 -7.59316 -0.946016 591 567.506 211.173 
1.26618 -7.35187 -0.159086 592 622.118 333.869 
-0.665112 -8.46691 -0.0591155 593 351.766 272.949 
0.587659 -7.74362 -1.86164 595 549.259 89.1816 
-1.05884 -8.69422 -0.500411 598 322.77 221.727 
-1.85453 -9.15362 1.00414 599 239.322 335.799 
-0.29479 -8.2531 -0.936867 601 408.286 189.593 
-1.02236 -8.67316 1.83715 602 285.443 440.669 
-0.918376 -8.61313 -1.76208 603 362.994 102.87 
-0.41102 -8.32021 0.556759 610 361.833 344.638 
-2.0658 -9.2756 0.128408 612 240.959 258.771 
-2.28434 -9.40177 0.767727 616 216.073 305.901 
-1.43619 -8.91209 -1.99412 619 322.12 81.1362 
0.337754 -7.8879 -1.59112 620 505.457 121.263 
-0.478158 -8.35897 -0.638973 621 383.418 219.797 
-1.39269 -8.88697 -0.919729 622 303.661 178.659 
-1.85496 -9.15386 1.85126 623 223.604 404.799 
-2.10532 -9.29841 0.971801 625 225.967 327.09 
-0.802806 -8.5464 1.53266 628 308.967 423.203 
-0.197251 -8.19679 0.70261 629 381.888 369.606 
0.695133 -7.68157 0.336635 637 506.636 370.559 
-1.41788 -8.90152 -1.16565 639 307.352 157.287 
-0.795119 -8.54197 -0.566815 642 350.612 223.183 
-1.37552 -8.87706 0.232198 643 284.179 284.365 
-1.56414 -8.98596 -0.787846 645 290.18 188.418 
-0.814491 -8.55315 0.400562 646 329.796 313.406 
-0.0537926 -8.11396 -0.334741 647 423.579 260.891 
0.279953 -7.92127 1.12217 656 429.31 437.067 
-0.574829 -8.41478 0.349602 657 352.75 318.745 
0.172776 -7.98315 1.03516 658 417.458 422.534 
-1.00763 -8.66466 -0.50403 660 328.57 224.274 
1.12851 -7.43136 0.338853 661 575.859 394.464 
-0.613939 -8.43736 -0.547652 664 365.299 226.629 
-0.867771 -8.58391 0.768917 668 317.529 347.553 
-0.769826 -8.52736 1.76192 670 306.482 447.706 
-0.250485 -8.22752 -1.46169 672 426.543 133.796 
-1.48552 -8.94057 0.517606 676 273.161 306.186 
-1.10245 -8.71941 -0.567007 677 321.009 217.356 
0.0842166 -8.03428 0.452304 685 420.908 354.491 
0.676712 -7.6922 0.794688 695 492.052 425.174 
0.242541 -7.94287 -1.30659 700 484.745 154.96 
0.735422 -7.65831 -0.141939 702 526.756 310.57 
-0.0286901 -8.09947 1.01989 704 395.589 412.88 
-2.31293 -9.41827 1.81431 707 198.59 387.452 
1.12928 -7.43091 0.660268 716 568.566 437.63 
0.300349 -7.9095 -1.99348 717 510.758 72.7749 
-0.939569 -8.62536 -0.32294 718 332.425 241.323 
-1.908 -9.18449 1.52916 719 228.268 378.499 
-0.734402 -8.50691 1.2467 730 320.704 399.373 
-0.562661 -8.40776 1.95132 740 322.7 477.558 
-1.49578 -8.94649 0.981389 746 264.088 346.043 
-0.0589625 -8.11695 -0.531896 750 428.343 240.436 
