5.64257 -0.481715 -7 109 199.956 83.3154 
2.26927 0.767181 -7 111 495.876 261.265 
2.74139 -0.240151 -7 113 458.068 121.523 
4.50714 -1.04124 -7 119 289.342 24.5989 
2.98659 0.138239 -7 123 419.908 166.988 
4.46367 -0.542201 -7 125 286.308 78.8413 
6.6867 0.183154 -7 127 135.469 137.423 
3.77354 -0.887468 -7 133 354.337 38.895 
6.08103 -0.977971 -7 134 177.234 37.4186 
3.34213 1.4046 -7 137 358.404 304.627 
4.29646 -0.0380129 -7 139 293.517 133.353 
6.59087 -1.1778 -7 141 149.752 21.2692 
4.8725 1.3091 -7 142 233.65 257.762 
6.26277 1.2623 -7 143 150.149 229.726 
1.9715 1.13953 -7 144 528.067 319.656 
1.45576 0.553777 -7 145 630.26 256.494 
7 -0.863938 -6.09367 166 50.8891 24.2355 
7 1.69172 -5.79597 183 10.4586 259.35 
7 0.781169 -6.98961 200 115.809 182.527 
