-7 0.21307 2.3409 51 0.0648241 0.125277 
-7 -0.503339 4.01391 52 0.405984 -0.0297918 
-7 -0.64261 4.44771 54 0.484597 -0.0559757 
-7 -0.441068 2.32778 56 0.065143 -0.0269792 
-7 1.81819 2.50338 57 0.0927182 0.496012 
-7 1.50288 1.91462 59 -0.038764 0.434588 
-7 1.26508 -0.184774 63 -0.597626 0.418402 
-7 -1.45394 1.58819 66 -0.100604 -0.277911 
-7 0.78654 5.75191 68 0.694755 0.231184 
-7 -0.100249 4.19611 69 0.437592 0.0560227 
-7 -1.07602 2.04225 70 0.00404503 -0.178964 
-7 -0.527577 4.46053 71 0.486404 -0.0320591 
-7 -0.14175 5.47309 72 0.654197 0.0499811 
-7 -1.87164 2.51938 75 0.114028 -0.35417 
-7 1.51818 2.67054 81 0.130326 0.42335 
-7 -1.9255 2.82609 83 0.179392 -0.358679 
-7 -0.72299 3.2493 84 0.260322 -0.0833094 
-7 1.48523 2.57162 86 0.109177 0.417629 
-7 -0.166603 0.216342 87 -0.469398 0.0294777 
-7 1.20864 2.59145 88 0.114797 0.353585 
-7 0.312724 -0.335245 92 -0.637289 0.159094 
-7 -0.576654 5.65743 96 0.684726 -0.0345535 
-7 -1.0576 1.73598 99 -0.067379 -0.17945 
