-8.26463 0.314754 1.16404 251 12.0887 303.329 
-7.46287 -1.07392 -1.59589 252 153.69 22.0204 
-7.4714 -1.05915 0.355818 260 150.884 233.716 
-6.64917 -2.4833 -0.440182 261 326.755 153.813 
-7.14741 -1.62032 1.76556 264 211.375 386.613 
-5.66157 -4.19387 -0.652214 270 578.358 130.82 
-6.94006 -1.97946 1.55981 271 251.237 372.196 
-6.17442 -3.3056 1.44019 275 425.961 379.851 
-6.35803 -2.98756 0.146678 278 390.065 225.13 
-6.14897 -3.34967 0.179673 281 440.551 235.646 
-6.80803 -2.20814 1.05615 282 282.594 319.952 
-6.90676 -2.03715 -0.996423 283 271.181 87.0491 
-8.12164 0.0670859 0.804812 290 34.3635 270.667 
-6.95343 -1.95631 1.29159 291 252.251 345.122 
-6.93825 -1.9826 -0.53082 295 261.667 141.197 
-6.74023 -2.32557 -0.914689 296 306.775 97.0937 
-8.26682 0.318554 -1.13985 297 7.20113 74.3011 
-7.01036 -1.8577 1.45833 300 239.298 360.027 
-7.95776 -0.216756 -0.267516 301 62.0647 164.516 
-8.24121 0.274194 1.30161 302 15.5596 315.843 
-7.19832 -1.53215 -0.65154 305 206.688 127.335 
-7.50388 -1.00291 -1.74177 307 148.039 4.87163 
-7.75587 -0.566441 -1.28568 308 100.379 57.0647 
-6.04128 -3.53619 -1.20014 309 480.985 58.9739 
-6.64642 -2.48807 1.41126 310 314.977 364.167 
-7.11395 -1.67828 -0.473701 317 224.297 148.04 
-6.44508 -2.83679 -1.6951 321 381.682 0.553368 
-7.51344 -0.986333 -0.814325 323 146.139 109.759 
-7.53876 -0.942491 0.491179 328 139.685 247.993 
-5.70343 -4.12137 0.704539 329 552.343 303.997 
-7.72464 -0.62053 -0.0248013 332 104.267 193.193 
-5.49704 -4.47884 -1.16972 335 632.295 60.7762 
-7.68847 -0.683171 1.35649 337 108.782 332.603 
-7.95987 -0.213096 0.306596 339 62.6401 224.219 
-6.83154 -2.16742 0.486301 345 281.221 256.166 
-7.96405 -0.205854 1.31542 346 60.7747 323.974 
-8.12381 0.0708475 -1.49958 347 34.0767 36.63 
-8.00123 -0.141456 -0.325795 349 55.1063 161.705 
-5.42884 -4.59697 1.28117 351 620.138 382.407 
-7.45408 -1.08915 -1.1234 354 156.401 75.1672 
-5.82827 -3.90515 1.73075 357 507.555 424.239 
-7.13206 -1.6469 0.386525 358 218.428 242.555 
-7.24008 -1.45982 0.239176 360 198.375 223.884 
-8.26227 0.31067 0.618929 366 12.9593 251.505 
-6.57086 -2.61894 0.112404 367 339.324 220.717 
-6.73207 -2.33972 -0.455992 369 307.209 150.513 
-6.90193 -2.0455 0.150108 371 265.848 218.727 
-7.92892 -0.2667 1.10434 372 67.7807 302.974 
-6.32726 -3.04087 -1.31425 373 408.054 47.4487 
-8.19099 0.187209 -1.2445 378 22.3197 63.8814 
-7.6338 -0.777869 -0.0587155 380 121.591 190.975 
-6.69448 -2.40482 0.483031 384 309.323 260.171 
-5.96156 -3.67428 1.39164 385 478.171 383.353 
-8.12127 0.0664484 1.25361 388 34.2667 313.797 
-6.74479 -2.31769 0.740399 393 298.824 286.868 
-7.37732 -1.22211 -1.65372 397 174.104 14.4932 
-5.6307 -4.24734 -0.845678 398 590.183 105.209 
-6.97577 -1.91761 -0.4901 401 253.183 147.637 
-7.81782 -0.459131 0.076778 403 87.6161 203.244 
-7.52277 -0.970174 1.1088 406 138.961 312.878 
-6.46686 -2.79907 -0.256321 409 366.813 174.669 
-7.63883 -0.769162 -0.119058 410 119.072 185.328 
-6.97717 -1.91519 1.81959 414 246.604 398.06 
-8.21371 0.226557 -0.790225 417 19.1415 110.462 
-7.84199 -0.417283 -1.30465 420 83.2391 55.7706 
-5.68549 -4.15243 -1.43883 421 581.486 26.8985 
-7.91669 -0.287895 -0.0147918 423 70.4005 191.083 
-6.09064 -3.4507 -1.01841 424 465.538 82.1619 
-6.00176 -3.60464 0.426871 430 475.33 262.619 
-5.71018 -4.10968 -1.61545 434 575.915 2.18011 
-6.84225 -2.14887 1.74644 436 273.611 395.763 
-8.05966 -0.0402563 -0.2345 439 43.9672 168.197 
-6.44049 -2.84475 -0.804824 441 376.02 111.426 
-6.48803 -2.7624 0.108587 442 360.016 217.636 
-5.69392 -4.13784 -0.92901 443 572.164 96.2452 
-6.23335 -3.20352 -1.64394 444 433.911 3.88283 
-7.28007 -1.39054 -0.1606 450 190.465 181.462 
-6.50928 -2.7256 -0.0902829 452 357.047 195.742 
-8.18295 0.173293 -0.148578 455 23.3174 176.31 
-8.15687 0.12812 0.541817 457 29.6239 244.541 
-6.03331 -3.55 -0.591601 458 476.916 138.217 
-7.48055 -1.0433 0.202815 459 150.517 217.333 
-8.06618 -0.0289635 1.04644 461 44.0255 296.348 
-6.65278 -2.47704 -0.576839 463 323.858 137.441 
-5.60301 -4.2953 -1.17858 464 604.237 61.9619 
-5.68074 -4.16068 0.111245 466 564.113 230.287 
-7.42117 -1.14615 0.204588 467 161.001 218.632 
-5.94183 -3.70845 -0.699449 468 502.595 123.141 
-6.23302 -3.2041 1.90527 471 405.903 431.423 
-5.88723 -3.80302 -0.421933 473 515.333 159.051 
-7.72533 -0.619337 0.904189 476 103.031 286.777 
-7.83655 -0.426699 0.919261 479 82.9283 286.087 
-7.18002 -1.56384 -1.73226 481 214.599 4.18979 
-6.7498 -2.309 -0.746357 485 304.541 118.705 
-8.11594 0.0572182 0.887934 486 37.3153 279.415 
-5.72951 -4.0762 -0.498216 489 557.981 148.732 
