-7 -1.03485 -3.75523 61 538.364 71.0069 
-7 0.0943094 -5.21035 64 410.233 206.077 
-7 1.11392 -6.02536 65 359.117 292.89 
-7 0.886694 -5.35798 67 404.107 274.83 
-7 1.34911 -4.82912 74 449.593 316.634 
-7 0.694743 -5.33965 78 404.255 258.457 
-7 1.12101 -6.65735 79 321.114 292.38 
-7 0.821262 -3.48263 80 585.203 266.963 
-7 -1.84392 -6.0007 85 342.863 58.4312 
-7 -0.295975 -5.19552 90 408.834 171.971 
-7 1.40697 -4.3308 91 495.717 324.93 
-7 0.592834 -6.66606 94 317.638 253.539 
-7 -1.20087 -3.87679 97 523.575 57.3589 
-7 -0.609874 -5.90804 100 356.304 155.28 
-5.46333 -1.29075 -7 102 195.691 100.953 
-4.55559 -0.250499 -7 105 126.35 189.643 
-5.09885 0.316864 -7 107 178.86 243.104 
-6.22725 1.4028 -7 110 263.375 322.507 
-5.05591 -0.451909 -7 117 169.684 172.225 
-3.56835 0.827876 -7 121 22.4194 315.578 
-6.20015 -0.954561 -7 122 247.31 137.605 
-3.58737 1.4874 -7 135 31.5111 393.487 
-6.2831 -0.370457 -7 140 255.828 183.89 
-5.05277 -1.83336 -7 148 159.171 43.8128 
-6.46998 0.52855 -7 150 271.847 252.704 
