-7 -1.78251 -2.62609 53 269.229 7.81187 
-7 -0.29883 -1.326 55 406.267 164.127 
-7 0.46862 -2.98529 58 231.142 246.528 
-7 -1.05185 -1.49538 60 388.677 78.5616 
-7 -1.03485 -3.75523 61 162.623 94.9187 
-7 -0.184126 -2.39523 62 289.941 178.499 
-7 1.26508 -0.184774 63 542.896 352.758 
-7 0.0943094 -5.21035 64 44.4527 206.669 
-7 0.886694 -5.35798 67 33.4782 278.44 
-7 1.34911 -4.82912 74 73.143 323.421 
-7 0.577231 -1.47952 76 386.512 263.393 
-7 0.694743 -5.33965 78 34.8311 261.151 
-7 0.821262 -3.48263 80 185.088 280.368 
-7 -0.166603 0.216342 87 603.743 177.411 
-7 1.69039 -1.92004 89 335.841 382.428 
-7 -0.295975 -5.19552 90 45.6038 170.771 
-7 1.40697 -4.3308 91 112.523 332.21 
-7 0.312724 -0.335245 92 526.553 236.468 
-7 -1.56958 -3.12031 95 220.896 35.4601 
-7 -1.20087 -3.87679 97 152.167 79.0302 
-7 1.52805 -2.92335 98 235.649 355.363 
