1.69792 -0.977731 -7 104 597.293 4.26729 
5.64257 -0.481715 -7 109 166.817 67.862 
2.26927 0.767181 -7 111 455.756 248.032 
2.74139 -0.240151 -7 113 421.397 108.72 
4.50714 -1.04124 -7 119 257.758 9.83222 
2.98659 0.138239 -7 123 383.6 153.849 
4.46367 -0.542201 -7 125 253.614 64.3416 
6.6867 0.183154 -7 127 99.7906 122.475 
3.77354 -0.887468 -7 133 321.71 25.1849 
6.08103 -0.977971 -7 134 144.884 20.9526 
3.34213 1.4046 -7 137 320.711 292.606 
4.29646 -0.0380129 -7 139 259.663 119.389 
6.59087 -1.1778 -7 141 117.329 4.09127 
4.8725 1.3091 -7 142 196.878 245.748 
6.26277 1.2623 -7 143 112.505 217.28 
1.9715 1.13953 -7 144 485.891 306.121 
1.45576 0.553777 -7 145 583.867 242.683 
7 -0.863938 -6.09367 166 11.7661 0.722931 
7 0.781169 -6.98961 200 78.3706 168.668 
