-2.75039 -9.23619 0.329719 263 76.1211 204.19 
-3.07463 -8.67459 -1.54793 266 27.3385 9.00023 
-2.57499 -9.53998 1.60069 268 95.9965 308.139 
-2.72709 -9.27655 -1.48729 269 91.06 40.5574 
-3.04378 -8.72802 1.54345 294 16.6177 317.204 
-3.09129 -8.64573 1.79249 320 2.85756 340.353 
-3.06428 -8.69251 -0.666718 324 20.6439 98.8905 
-2.64072 -9.42615 1.95256 355 85.4131 338.393 
-3.10287 -8.62567 -0.357131 361 10.4695 131.005 
-2.62582 -9.45194 -1.96759 374 110.69 4.31492 
-2.75281 -9.23199 0.225616 395 75.2064 193.749 
-3.05904 -8.70159 0.925619 412 14.4732 258.469 
-2.74941 -9.23788 0.292754 416 76.2241 200.664 
-2.88356 -9.00553 1.61269 428 47.1057 318.671 
-2.84073 -9.07972 -1.27039 435 68.8079 53.5152 
-2.97704 -8.84361 -0.559065 449 37.6338 117.003 
-2.83311 -9.09292 -0.904736 454 68.3807 90.0795 
-3.07985 -8.66554 0.939564 456 10.0766 257.831 
-2.82678 -9.10387 0.818773 460 59.8734 245.266 
-2.94605 -8.89729 1.87197 478 32.7806 342.503 
-2.61113 -9.47739 -1.5069 492 110.687 45.9127 
-0.751588 -8.51683 0.0534651 508 243.166 197.989 
-0.489466 -8.3655 1.99316 509 247.219 398.026 
1.01972 -7.49417 -0.323822 518 460.322 173.462 
1.55304 -7.18626 -0.142317 519 546.842 206.296 
0.57886 -7.7487 0.424617 532 384.62 259.248 
-1.33469 -8.85349 -0.250941 535 195.3 161.711 
1.74656 -7.07452 -0.649775 536 596.323 131.716 
-0.805849 -8.54816 -1.1322 539 250.543 74.164 
-1.55768 -8.98223 1.00965 540 168.988 278.088 
-0.942173 -8.62687 -1.81306 542 244.023 3.22577 
-2.54087 -9.54988 -1.96382 546 122.266 8.77301 
-0.435565 -8.33438 0.0499532 548 272.798 203.162 
1.31384 -7.32436 1.35338 549 474.458 400.382 
0.488173 -7.80106 0.703509 550 367.474 291.851 
-2.17518 -9.33875 -0.02102 551 131.876 178.732 
-1.37853 -8.8788 -0.140968 554 191.129 174.437 
-0.337383 -8.27769 -1.23289 555 298.956 60.6478 
0.766945 -7.64011 0.115194 558 415.394 227.154 
0.990941 -7.51078 -1.55331 559 477.655 4.32987 
1.77128 -7.06025 -1.32111 560 617.935 28.6989 
-1.35618 -8.8659 -1.86663 561 207.672 1.70736 
-0.751362 -8.5167 -0.54808 562 249.917 138.234 
-2.39776 -9.46725 -1.50147 566 127.176 47.945 
-0.453946 -8.34499 1.0501 568 260.59 305.076 
1.27527 -7.34662 -0.861902 571 512.329 99.3434 
-0.48463 -8.36271 0.158388 572 266.809 212.371 
-1.19047 -8.77022 1.45663 578 192.142 324.901 
-0.0029851 -8.08463 -0.961949 580 331.407 89.443 
1.33215 -7.31379 -0.490916 582 514.033 150.63 
-0.413276 -8.32151 0.783569 583 267.987 278.432 
-1.13416 -8.73771 1.81808 584 194.268 360.222 
-2.13398 -9.31496 -0.61668 585 138.385 128.297 
-1.80668 -9.12599 1.44164 586 149.741 311.281 
0.848258 -7.59316 -0.946016 591 443.867 89.3959 
1.26618 -7.35187 -0.159086 592 496.239 199.516 
-0.665112 -8.46691 -0.0591155 593 251.863 187.4 
-1.05884 -8.69422 -0.500411 598 220.893 138.907 
-1.85453 -9.15362 1.00414 599 148.262 271.294 
-0.29479 -8.2531 -0.936867 601 300.054 94.1036 
-1.02236 -8.67316 1.83715 602 206.07 365.853 
-0.918376 -8.61313 -1.76208 603 244.646 8.62146 
-0.41102 -8.32021 0.556759 610 269.394 254.212 
-2.0658 -9.2756 0.128408 612 139.231 191.582 
-2.28434 -9.40177 0.767727 616 122.68 245.032 
0.337754 -7.8879 -1.59112 620 383.045 11.282 
-0.478158 -8.35897 -0.638973 621 274.717 125.94 
-1.39269 -8.88697 -0.919729 622 194.765 97.1115 
-1.85496 -9.15386 1.85126 623 140.583 342.669 
-2.10532 -9.29841 0.971801 625 131.57 266.859 
-0.802806 -8.5464 1.53266 628 224.256 343.039 
-0.197251 -8.19679 0.70261 629 289.93 274.19 
0.695133 -7.68157 0.336635 637 401.151 250.991 
1.97066 -6.94514 1.58752 638 585.216 469.654 
-1.41788 -8.90152 -1.16565 639 196.142 73.5002 
-0.795119 -8.54197 -0.566815 642 244.535 132.269 
-1.37552 -8.87706 0.232198 643 188.08 209.178 
-1.56414 -8.98596 -0.787846 645 181.701 112.469 
-0.814491 -8.55315 0.400562 646 233.512 232.004 
-0.0537926 -8.11396 -0.334741 647 317.587 162.362 
0.479792 -7.8059 1.79524 652 351.775 416.295 
1.77898 -7.05581 0.424263 655 576.384 295.279 
0.279953 -7.92127 1.12217 656 336.304 334.514 
-0.574829 -8.41478 0.349602 657 256.375 231.173 
0.172776 -7.98315 1.03516 658 325.365 321.175 
-1.00763 -8.66466 -0.50403 660 224.24 140.415 
1.12851 -7.43136 0.338853 661 463.077 264.519 
-0.613939 -8.43736 -0.547652 664 261.289 136.507 
-0.867771 -8.58391 0.768917 668 226.357 268.543 
-0.769826 -8.52736 1.76192 670 225.401 367.632 
-0.250485 -8.22752 -1.46169 672 309.681 34.1551 
-1.48552 -8.94057 0.517606 676 176.837 234.934 
-1.10245 -8.71941 -0.567007 677 217.465 134.57 
0.0842166 -8.03428 0.452304 685 322.373 251.658 
1.43203 -7.25612 -1.20582 693 546.354 47.1922 
0.676712 -7.6922 0.794688 695 393.227 307.328 
0.242541 -7.94287 -1.30659 700 365.099 49.5755 
0.735422 -7.65831 -0.141939 702 413.323 193.767 
-0.0286901 -8.09947 1.01989 704 304.033 314.524 
-2.31293 -9.41827 1.81431 707 110.566 331.318 
2.02484 -6.91386 0.215523 713 630.979 268.019 
1.12928 -7.43091 0.660268 716 458.132 304.258 
-0.939569 -8.62536 -0.32294 718 229.255 159.519 
-1.908 -9.18449 1.52916 719 139.068 317.467 
1.34298 -7.30754 -1.15975 722 529.934 58.0974 
-0.734402 -8.50691 1.2467 730 233.211 319.267 
1.28778 -7.33941 1.94479 733 461.276 472.871 
-0.562661 -8.40776 1.95132 740 241.114 392.303 
-0.329699 -8.27326 1.956 745 263.866 400.487 
-1.49578 -8.94649 0.981389 746 173.338 277.964 
-0.0589625 -8.11695 -0.531896 750 318.489 140.826 
