-2.93389 0.906698 7 9 0.619446 0.370141 
-4.80195 0.41523 7 21 0.156132 0.224514 
-3.28746 -0.347612 7 22 0.458705 0.0289576 
-5.92999 -1.73451 7 23 -0.0620712 -0.156935 
-5.37012 0.037908 7 24 0.0546695 0.15053 
-5.21106 1.44812 7 29 0.116304 0.431082 
-5.40598 0.152698 7 30 0.0522849 0.17279 
-2.84657 -0.836733 7 31 0.564996 -0.121399 
-5.875 -0.508694 7 36 -0.0279407 0.0560405 
-4.02466 -0.174699 7 39 0.287807 0.0891506 
-3.22548 0.288125 7 40 0.502668 0.194809 
-5.59816 -0.619665 7 42 0.00609743 0.0303799 
-3.26615 1.27581 7 43 0.533869 0.461233 
-6.33365 0.109205 7 44 -0.0706636 0.169184 
-2.70348 -0.732172 7 47 0.615642 -0.100933 
-6.25916 0.145289 7 48 -0.0610658 0.175083 
-7 -0.64261 4.44771 54 -0.609461 0.097251 
-7 0.78654 5.75191 68 -0.31038 0.338452 
-7 -0.100249 4.19611 69 -0.665085 0.232017 
-7 -0.527577 4.46053 71 -0.603939 0.122756 
-7 -0.14175 5.47309 72 -0.378297 0.172134 
-7 1.61955 6.53315 73 -0.174641 0.444266 
-7 0.883221 6.2108 82 -0.23545 0.332323 
-7 1.46933 5.82185 93 -0.284713 0.464603 
-7 -0.576654 5.65743 96 -0.353887 0.0847495 
