7 -0.0623122 -3.31422 152 0.193496 0.0236698 
7 0.36994 -1.65205 155 -0.175289 0.121462 
7 0.947338 -0.351981 158 -0.532076 0.280093 
7 1.75895 -5.06184 159 0.496907 0.39028 
7 0.343459 -2.54532 160 0.0318766 0.113556 
7 -0.647617 -0.188366 161 -0.568776 -0.151604 
7 1.08732 -1.94397 162 -0.109222 0.292989 
7 0.863395 -4.44339 163 0.397512 0.217422 
7 -0.724268 -3.10497 165 0.155075 -0.123682 
7 -0.863938 -6.09367 166 0.663173 -0.115443 
7 1.33843 -4.95324 172 0.481006 0.3083 
7 0.759759 -5.08223 173 0.504168 0.192385 
7 -0.518283 -3.0968 179 0.152364 -0.0782344 
7 0.741437 -4.00824 180 0.32102 0.19511 
7 -0.563655 -4.89557 181 0.479313 -0.0699198 
7 0.831841 -5.58946 182 0.582916 0.203381 
7 1.69172 -5.79597 183 0.61071 0.365511 
7 -0.443496 -0.586995 184 -0.452615 -0.0905954 
7 -1.20096 -0.713027 185 -0.411273 -0.286072 
7 -0.746732 -0.782938 186 -0.395074 -0.16656 
7 0.0865561 -4.29161 189 0.374502 0.0582171 
7 -1.97934 -4.46413 190 0.41326 -0.361438 
7 -1.56385 -0.742436 193 -0.400402 -0.379271 
7 1.83558 -1.14915 198 -0.313787 0.495245 
