5.64257 -0.481715 -7 109 0.350562 0.0165118 
6.30632 -1.54879 -7 115 0.227286 -0.137896 
4.50714 -1.04124 -7 119 0.543296 -0.148844 
4.46367 -0.542201 -7 125 0.575359 -0.0437193 
6.6867 0.183154 -7 127 0.222681 0.154078 
6.46481 -1.88245 -7 128 0.200044 -0.181823 
6.08103 -0.977971 -7 134 0.271459 -0.0546423 
4.29646 -0.0380129 -7 139 0.640354 0.0639553 
6.59087 -1.1778 -7 141 0.201671 -0.0668756 
4.8725 1.3091 -7 142 0.564481 0.38001 
6.26277 1.2623 -7 143 0.308354 0.342993 
6.4687 -1.97232 -7 149 0.197492 -0.195366 
7 -0.0623122 -3.31422 152 -0.435934 0.184797 
7 -1.59791 -6.35011 157 0.0712867 -0.119954 
7 1.75895 -5.06184 159 -0.0427652 0.514406 
7 0.343459 -2.54532 160 -0.651306 0.31892 
7 0.863395 -4.44339 163 -0.172358 0.354569 
7 -0.724268 -3.10497 165 -0.497016 0.0312995 
7 -0.863938 -6.09367 166 0.0537649 -0.00413361 
7 1.33843 -4.95324 172 -0.0702639 0.431545 
7 0.759759 -5.08223 173 -0.0607027 0.307061 
7 -0.518283 -3.0968 179 -0.497137 0.0801759 
7 0.741437 -4.00824 180 -0.26281 0.347207 
7 -0.563655 -4.89557 181 -0.117954 0.0531971 
7 0.831841 -5.58946 182 0.019936 0.303322 
7 1.69172 -5.79597 183 0.0692786 0.459552 
7 0.0865561 -4.29161 189 -0.215988 0.192849 
7 -1.97934 -4.46413 190 -0.217991 -0.214179 
7 0.781169 -6.98961 200 0.198126 0.253779 
