-3.17768 1.79522 -7 101 449.225 421.309 
-4.55559 -0.250499 -7 105 598.032 186.057 
-2.11042 -0.0563179 -7 106 341.774 193.709 
-5.09885 0.316864 -7 107 636.184 249.749 
-0.235026 1.16667 -7 114 53.9282 372.638 
-0.0787955 1.33173 -7 116 25.638 400.055 
-1.66978 1.93068 -7 118 272.308 459.493 
-3.56835 0.827876 -7 121 496.985 306.985 
-2.10211 -0.684594 -7 129 345.184 106.633 
-3.11373 -0.303232 -7 130 460.87 169.187 
-1.59533 0.795126 -7 132 268.352 309.229 
-3.58737 1.4874 -7 135 492.77 382.124 
-0.615215 -0.161545 -7 146 121.856 164.874 
