-7 -1.03485 -3.75523 61 589.867 88.3724 
-7 0.0943094 -5.21035 64 452.166 223.483 
-7 1.11392 -6.02536 65 396.282 311.07 
-7 0.886694 -5.35798 67 444.195 293.488 
-7 1.34911 -4.82912 74 491.982 337.872 
-7 0.694743 -5.33965 78 444.717 276.695 
-7 1.12101 -6.65735 79 356.591 309.695 
-7 -1.84392 -6.0007 85 386.147 77.2617 
-7 -0.295975 -5.19552 90 451.423 189.119 
-7 1.40697 -4.3308 91 541.893 347.825 
-7 0.592834 -6.66606 94 354.267 270.156 
-7 -1.20087 -3.87679 97 574.164 74.9292 
-7 -0.609874 -5.90804 100 397.196 172.157 
-3.17768 1.79522 -7 101 16.7625 445.976 
-5.46333 -1.29075 -7 102 241.85 114.958 
-4.55559 -0.250499 -7 105 172.998 197.355 
-5.09885 0.316864 -7 107 219.875 252.508 
-6.22725 1.4028 -7 110 298.003 337.377 
-5.05591 -0.451909 -7 117 214.381 182.555 
-3.56835 0.827876 -7 121 69.4238 314.907 
-6.20015 -0.954561 -7 122 289.17 152.526 
-3.11373 -0.303232 -7 130 4.89848 176.96 
-3.58737 1.4874 -7 135 73.0212 393.295 
-6.2831 -0.370457 -7 140 295.648 198.189 
-5.05277 -1.83336 -7 148 210.328 59.3439 
-6.46998 0.52855 -7 150 308.689 267.384 
