-2.93389 0.906698 7 9 551.273 403.142 
-2.14837 -1.21575 7 10 607.853 104.819 
-4.80195 0.41523 7 21 347.416 348.84 
-3.28746 -0.347612 7 22 476.04 251.199 
-5.92999 -1.73451 7 23 246.497 177.249 
-5.37012 0.037908 7 24 301.355 316.933 
-5.21106 1.44812 7 29 332.078 448.041 
-5.40598 0.152698 7 30 300.511 327.432 
-2.84657 -0.836733 7 31 518.057 181.725 
-2.21352 -0.0799941 7 33 632.811 262.612 
-5.875 -0.508694 7 36 263.44 274.869 
-4.02466 -0.174699 7 39 403.461 282.587 
-3.22548 0.288125 7 40 497.893 325.662 
-5.59816 -0.619665 7 42 278.484 262.129 
-3.26615 1.27581 7 43 516.561 448.344 
-6.33365 0.109205 7 44 245.016 329.067 
-2.70348 -0.732172 7 47 539.616 189.863 
-6.25916 0.145289 7 48 249.417 331.592 
-7 0.78654 5.75191 68 128.683 412.766 
-7 -0.14175 5.47309 72 94.9271 333.017 
-7 1.61955 6.53315 73 196.793 462.91 
-7 0.883221 6.2108 82 166.359 409.268 
-7 1.46933 5.82185 93 141.406 474.006 
-7 -0.576654 5.65743 96 107.535 291.399 
