7 -1.49784 0.349314 151 40.2394 51.4561 
7 -0.0623122 -3.31422 152 455.349 242.645 
7 0.36994 -1.65205 155 287.581 287.307 
7 0.947338 -0.351981 158 134.306 355.818 
7 1.75895 -5.06184 159 589.733 409.83 
7 0.343459 -2.54532 160 380.307 283.853 
7 -0.647617 -0.188366 161 114.259 165.399 
7 1.08732 -1.94397 162 316.318 363.264 
7 0.863395 -4.44339 163 547.079 331.549 
7 -0.724268 -3.10497 165 439.41 174.017 
7 1.33843 -4.95324 172 584.201 373.011 
7 0.759759 -5.08223 173 597.875 320.412 
7 1.97211 0.0439567 176 83.4087 476.993 
7 -0.518283 -3.0968 179 437.574 195.379 
7 0.741437 -4.00824 180 511.848 321.206 
7 -0.563655 -4.89557 181 592.377 197.813 
7 0.831841 -5.58946 182 635.091 325.668 
7 -0.443496 -0.586995 184 165.213 192.467 
7 -1.20096 -0.713027 185 182.044 102.2 
7 -0.746732 -0.782938 186 189.926 157.467 
7 0.0865561 -4.29161 189 539.491 258.384 
7 -1.97934 -4.46413 190 567.147 56.6667 
7 -1.56385 -0.742436 193 186.31 58.2114 
7 -1.07027 0.309808 197 46.2117 107.727 
7 1.83558 -1.14915 198 227.879 448.572 
