-4.57399 -6.07762 1.59563 258 486.229 388.264 
-5.66157 -4.19387 -0.652214 270 239.455 122.789 
-4.57341 -6.07862 1.60241 272 484.853 384.948 
-5.23237 -4.93727 0.70564 274 344.231 290.083 
-6.17442 -3.3056 1.44019 275 110.935 384.318 
-6.35803 -2.98756 0.146678 278 52.4033 226.634 
-4.24528 -6.64697 0.694015 279 562.853 288.115 
-5.01096 -5.32075 -0.777348 280 401.237 110.952 
-6.14897 -3.34967 0.179673 281 111.406 228.182 
-5.29126 -4.83526 1.87037 284 328.562 424.054 
-4.95189 -5.42307 -0.262658 289 412.964 174.362 
-4.9932 -5.35153 -1.23628 292 408.022 54.2975 
-6.04128 -3.53619 -1.20014 309 132.897 44.0858 
-5.13363 -5.10828 -1.10309 312 371.1 69.8346 
-4.92427 -5.47091 0.898447 318 412.888 310.736 
-4.81248 -5.66455 -1.64507 319 451.553 3.34449 
-4.10365 -6.89227 -1.45523 322 608.6 37.9806 
-4.30377 -6.54565 0.385968 326 550.708 251.853 
-5.70343 -4.12137 0.704539 329 229.993 292.647 
-4.07384 -6.9439 0.0649336 330 600.526 215.205 
-5.49704 -4.47884 -1.16972 335 279.419 56.7771 
-4.50583 -6.19567 0.376914 336 508.944 250.574 
-4.09708 -6.90364 0.281542 338 593.61 240.32 
-4.16753 -6.78163 0.981089 341 574.822 315.081 
-5.29142 -4.83499 -0.290764 343 330.376 168.66 
-4.78378 -5.71426 0.966713 344 444.892 317.702 
-4.31667 -6.52331 1.57757 348 539.297 379.798 
-5.42884 -4.59697 1.28117 351 296.658 359.852 
-4.2793 -6.58803 -1.32765 353 570.93 48.2917 
-5.36533 -4.70697 -0.794508 356 314.241 106.052 
-5.82827 -3.90515 1.73075 357 199.14 415.283 
-4.93982 -5.44397 -1.05261 362 418.876 76.707 
-4.34584 -6.47278 1.58859 363 532.277 380.942 
-3.98712 -7.09411 0.170839 364 617.759 226.889 
-4.44212 -6.30602 -1.20213 365 532.365 64.1642 
-6.32726 -3.04087 -1.31425 373 50.2684 22.8762 
-5.20485 -4.98493 0.860305 376 349.34 306.627 
-5.0994 -5.16757 -0.624233 381 378.817 129.807 
-5.96156 -3.67428 1.39164 385 164.62 376.394 
-4.55591 -6.10892 1.47438 387 492.193 371.89 
-5.24676 -4.91235 0.215207 389 342.347 232.323 
-4.97755 -5.37862 1.00983 392 403.295 323.07 
-4.85021 -5.5992 -1.40794 394 441.464 32.9185 
-5.6307 -4.24734 -0.845678 398 248.239 97.9192 
-4.67743 -5.89845 0.0191106 408 473.72 209.935 
-6.46686 -2.79907 -0.256321 409 18.7093 171.04 
-4.7162 -5.8313 -1.22464 411 470.6 59.4947 
-4.59318 -6.04438 0.332137 419 490.164 245.593 
-5.68549 -4.15243 -1.43883 421 230.455 14.3639 
-6.09064 -3.4507 -1.01841 424 120.708 68.4289 
-4.10084 -6.89714 -0.211774 427 599.366 183.57 
-6.00176 -3.60464 0.426871 430 154.056 261.045 
-4.2527 -6.63411 -0.951124 431 572.056 96.3033 
-4.54469 -6.12836 -1.52013 432 512.811 23.3293 
-5.16969 -5.04583 -0.141549 437 360.68 188.774 
-4.8407 -5.61566 -0.0396453 440 439.215 203.128 
-6.44049 -2.84475 -0.804824 441 21.7882 95.1004 
-6.48803 -2.7624 0.108587 442 18.405 218.537 
-5.69392 -4.13784 -0.92901 443 228.702 88.0458 
-4.21563 -6.69831 -0.927394 445 582.66 99.2327 
-4.75369 -5.76637 0.970583 446 450.652 318.847 
-4.02746 -7.02424 -1.63148 447 626.472 16.021 
-4.46089 -6.27351 1.45209 451 510.696 371.608 
-6.50928 -2.7256 -0.0902829 452 6.48253 191.729 
-6.03331 -3.55 -0.591601 458 138.789 126.714 
-5.32858 -4.77062 -1.23715 462 325.42 48.818 
-5.60301 -4.2953 -1.17858 464 254.343 53.1307 
-5.68074 -4.16068 0.111245 466 236.397 219.98 
-5.94183 -3.70845 -0.699449 468 164.478 113.742 
-4.41902 -6.34603 0.58457 470 524.674 272.688 
-6.23302 -3.2041 1.90527 471 97.4229 440.707 
-5.14801 -5.08339 0.214391 472 363.282 231.324 
-5.88723 -3.80302 -0.421933 473 178.519 150.226 
-4.6459 -5.95307 0.77707 474 474.557 295.41 
-4.72984 -5.80768 1.01961 483 456.924 323.367 
-5.72951 -4.0762 -0.498216 489 220.906 141.421 
-4.07094 -6.94893 1.07534 490 592.504 324.525 
-4.92481 -5.46997 -1.54112 491 422.88 12.015 
-5.30136 -4.81777 0.489233 495 327.249 264.474 
-3.9326 -7.18855 1.52347 500 616.602 371.427 
