1.69792 -0.977731 -7 104 444.987 71.569 
5.64257 -0.481715 -7 109 47.5253 115.109 
2.26927 0.767181 -7 111 331.734 299.105 
2.74139 -0.240151 -7 113 296.536 162.228 
6.30632 -1.54879 -7 115 19.7789 14.5127 
4.50714 -1.04124 -7 119 140.701 61.5316 
2.98659 0.138239 -7 123 262.325 205.641 
0.474792 -0.485198 -7 124 636.523 153.974 
4.46367 -0.542201 -7 125 136.14 114.558 
3.77354 -0.887468 -7 133 202.449 79.1659 
6.08103 -0.977971 -7 134 25.9504 67.0035 
3.34213 1.4046 -7 137 202.648 348.567 
0.97797 0.750031 -7 138 515.28 335.348 
4.29646 -0.0380129 -7 139 141.714 169.628 
4.8725 1.3091 -7 142 74.8236 301.578 
1.9715 1.13953 -7 144 361.343 357.122 
1.45576 0.553777 -7 145 445.507 291.728 
