-4.80195 0.41523 7 21 592.219 198.121 
-5.37012 0.037908 7 24 543.292 157.85 
-5.21106 1.44812 7 29 538.892 288.024 
-5.40598 0.152698 7 30 538.682 168.45 
-5.875 -0.508694 7 36 508.326 108.246 
-5.59816 -0.619665 7 42 532.033 96.277 
-6.33365 0.109205 7 44 469.55 161.395 
-6.25916 0.145289 7 48 474.126 164.555 
-7 0.21307 2.3409 51 27.6555 144.395 
-7 -0.503339 4.01391 52 224.294 81.9661 
-7 -0.64261 4.44771 54 264.292 73.917 
-7 -0.441068 2.32778 56 21.4599 59.6953 
-7 1.81819 2.50338 57 58.3216 328.728 
-7 0.78654 5.75191 68 354.216 209.873 
-7 -0.100249 4.19611 69 240.25 125.488 
-7 -0.527577 4.46053 71 264.987 85.6569 
-7 -0.14175 5.47309 72 341.052 131.672 
-7 1.61955 6.53315 73 395.041 269.739 
-7 1.51818 2.67054 81 78.2498 294.278 
-7 0.883221 6.2108 82 381.544 216.864 
-7 -0.72299 3.2493 84 143.307 43.9149 
-7 1.48523 2.57162 86 65.643 291.957 
-7 1.20864 2.59145 88 67.0499 261.451 
-7 1.46933 5.82185 93 354.764 262.924 
-7 -0.576654 5.65743 96 356.053 95.3184 
