-5.875 -0.508694 7 36 625.627 77.9946 
-6.33365 0.109205 7 44 574.729 135.996 
-6.25916 0.145289 7 48 580.009 139.253 
-7 0.21307 2.3409 51 152.469 97.9282 
-7 -0.503339 4.01391 52 331.826 44.4983 
-7 -0.64261 4.44771 54 370.174 37.7455 
-7 -0.441068 2.32778 56 151.974 15.7244 
-7 1.81819 2.50338 57 168.147 276.949 
-7 1.50288 1.91462 59 98.508 245.449 
-7 0.78654 5.75191 68 447.576 182.527 
-7 -0.100249 4.19611 69 343.828 89.3372 
-7 -0.527577 4.46053 71 370.013 49.8027 
-7 -0.14175 5.47309 72 440.447 100.691 
-7 1.61955 6.53315 73 483.639 247.789 
-7 1.51818 2.67054 81 187.238 245.597 
-7 0.883221 6.2108 82 474.2 191.765 
-7 -0.72299 3.2493 84 259.872 3.58599 
-7 1.48523 2.57162 86 176.523 242.352 
-7 1.20864 2.59145 88 179.493 213.13 
-7 1.46933 5.82185 93 444.142 237.278 
-7 -0.576654 5.65743 96 458.055 63.5139 
