7.15996 -3.9491 0.231069 501 269.49 208.664 
7.75999 -3.60267 0.808332 502 322.502 247.481 
9.29836 -2.71449 1.94602 503 421.493 305.713 
9.54954 -2.56948 1.62614 504 432.851 281.278 
9.1254 -2.81435 -0.972402 505 410.318 98.0433 
8.36902 -3.25105 -1.59632 512 360.29 43.9047 
5.15051 -5.10926 0.655281 515 27.4578 292.592 
7.62157 -3.68259 0.309022 516 309.131 211.776 
5.54127 -4.88365 0.584966 517 87.4798 273.773 
7.24861 -3.89792 -1.1423 520 268.772 75.8274 
9.51565 -2.58904 1.12107 521 432.199 248.321 
5.3746 -4.97988 1.7937 525 83.6475 408.477 
8.29682 -3.29273 -0.961132 526 357.218 97.4748 
7.67594 -3.6512 1.18816 529 316.702 281.445 
9.28962 -2.71954 -1.63781 531 421.261 47.5197 
5.78814 -4.74112 0.731293 533 124.312 280.791 
7.01301 -4.03394 -0.97463 534 249.012 90.5657 
6.50511 -4.32718 -1.71048 538 183.237 6.22118 
7.77252 -3.59544 -0.54676 544 316.292 133.598 
8.80092 -3.00169 1.19755 545 391.808 263.009 
5.8167 -4.72463 -0.692834 547 107.417 119.051 
5.94865 -4.64845 -0.108768 552 134.11 186.592 
5.60572 -4.84644 -1.12497 564 66.3094 65.3768 
8.06725 -3.42528 1.6113 573 347.105 308.19 
7.62174 -3.68249 1.0201 577 312.955 269.293 
5.79079 -4.73959 0.326224 579 118.92 238.367 
6.08574 -4.5693 -0.422393 587 148.151 152.051 
5.95338 -4.64572 1.4698 588 155.426 353.635 
6.59806 -4.27351 1.37278 589 224.406 322.905 
8.43181 -3.2148 -0.531218 590 367.946 133.971 
7.71485 -3.62873 -1.31027 594 309.611 63.6656 
5.81744 -4.72421 1.86454 597 143.247 398.441 
8.52047 -3.16361 0.124086 605 374.111 185.684 
8.58348 -3.12723 -1.98018 608 374.12 12.3282 
8.21821 -3.33812 0.87683 609 355.361 248.604 
8.95105 -2.91501 -0.0284258 613 400.889 172.948 
8.58134 -3.12847 1.5153 614 379.513 288.909 
5.91431 -4.66828 0.963849 617 142.318 302.888 
7.88394 -3.53111 -1.51631 618 324.678 44.5341 
8.24406 -3.3232 1.57934 624 358.803 299.169 
5.34694 -4.99584 -0.371774 630 39.3452 161.662 
8.74387 -3.03463 -1.74637 631 386.085 33.6508 
8.37201 -3.24932 -1.42691 633 360.391 58.7003 
7.92744 -3.50599 0.853241 634 334.71 252.519 
7.04767 -4.01393 1.30024 635 267.887 305.215 
5.60109 -4.84911 1.5746 636 110.617 377.545 
6.13888 -4.53862 1.31542 644 176.013 333.115 
6.14497 -4.53511 -1.1835 648 146.841 62.878 
7.74644 -3.6105 0.0375105 649 319.765 185.19 
7.0982 -3.98476 0.68195 653 268.116 249.137 
7.02559 -4.02668 0.448994 659 259.332 228.755 
8.5643 -3.13831 0.571234 665 377.305 221.859 
8.78782 -3.00925 1.27741 666 391.233 268.656 
6.55913 -4.29599 -1.18896 667 198.06 66.7963 
8.98332 -2.89638 -0.0875092 671 402.684 167.378 
6.39838 -4.3888 1.60708 675 207.041 350.994 
5.20039 -5.08046 -0.0857982 678 18.8745 200.844 
9.50215 -2.59683 -1.80067 679 432.406 35.8913 
8.96859 -2.90489 1.45636 680 403.107 277.321 
9.51544 -2.58916 0.00507541 681 431.655 171.705 
8.52145 -3.16304 1.28747 684 377.252 276.033 
5.70419 -4.78959 -0.684915 686 89.9319 121.158 
6.4204 -4.37608 -1.66156 687 175.569 9.62243 
7.92479 -3.50752 1.32245 688 336.596 285.562 
8.15199 -3.37635 -0.280505 689 347.054 156.82 
8.26763 -3.30959 0.733282 692 358.115 235.247 
5.39876 -4.96593 1.88504 697 88.1037 419.344 
8.01947 -3.45286 0.702216 699 340.859 237.519 
5.29956 -5.0232 -0.579862 701 26.2884 135.357 
7.30395 -3.86597 1.05537 703 286.731 279.696 
6.39348 -4.39163 0.914159 705 200.336 284.674 
7.22497 -3.91156 0.961317 706 278.629 272.271 
5.49777 -4.90876 0.072566 709 70.5244 218.347 
7.66579 -3.65706 -1.9146 710 304.439 3.7664 
6.01108 -4.6124 1.08959 711 157.357 312.747 
8.16644 -3.36801 1.19775 712 352.989 274.373 
8.51548 -3.16649 1.61138 714 377.046 296.533 
5.45807 -4.93168 0.702726 724 79.009 289.064 
6.58729 -4.27973 1.46929 725 224.398 331.767 
9.11375 -2.82108 -0.331225 726 409.071 148.908 
5.30402 -5.02063 -1.37929 729 10.4388 23.5542 
7.50171 -3.75179 -1.28329 731 292.043 65.858 
7.13639 -3.96271 -0.718485 732 260.234 118.448 
5.1391 -5.11584 0.224599 734 15.9305 241.086 
6.09889 -4.56171 1.10908 735 167.824 313.04 
9.21579 -2.76217 -1.66979 736 416.552 45.0989 
9.10626 -2.8254 1.29642 737 412.064 267.558 
7.25901 -3.89191 -1.70188 738 267.191 18.7203 
6.72719 -4.19896 0.433244 741 230.543 233.013 
8.61615 -3.10837 -1.12108 742 377.326 85.6654 
5.33057 -5.0053 -0.178382 743 40.4128 188.066 
8.54451 -3.14973 -0.0560757 747 374.637 172.742 
7.49302 -3.75681 0.49302 748 300.944 226.751 
9.02166 -1.62597 0.310692 751 506.048 195.406 
8.84921 -1.32728 1.80752 757 523.901 315.33 
9.23701 -1.99898 0.725578 758 473.139 225.322 
8.51992 -0.756939 0.408137 759 586.183 210.788 
9.27207 -2.0597 -0.388348 784 469.809 141.36 
8.5833 -0.866718 0.816146 801 572.38 243.951 
8.79364 -1.23104 1.71911 805 532.742 309.791 
8.79838 -1.23924 -0.076131 817 541.432 165.547 
8.9917 -1.57408 -0.263508 820 508.938 147.768 
8.44778 -0.631981 -1.44841 825 615.086 24.337 
9.26539 -2.04812 -1.79237 829 471.712 28.6602 
8.37839 -0.511796 0.804967 830 613.764 250.232 
9.00086 -1.58994 1.58986 834 501.411 295.354 
8.81824 -1.27364 -0.967993 842 540.753 87.2558 
9.4474 -2.36338 -1.09642 844 447.135 88.9514 
8.71228 -1.09011 -0.848161 845 559.717 95.8637 
8.83929 -1.31011 1.12568 849 530.893 263.544 
8.421 -0.585604 -0.76008 856 615.933 98.6948 
8.71634 -1.09715 -1.05762 862 557.881 74.5207 
8.79205 -1.22828 1.24024 880 535.094 272.795 
9.26617 -2.04948 1.18971 881 468.506 259.427 
8.55161 -0.811824 0.960383 887 578.257 257.842 
8.75985 -1.1725 0.775444 893 542.868 236.927 
8.49526 -0.714226 0.0445874 902 594.944 177.69 
9.19568 -1.92739 0.768329 913 477.415 228.765 
8.84897 -1.32687 1.20156 929 527.525 269.465 
8.99498 -1.57975 1.82216 934 503.366 310.306 
8.51325 -0.745376 -0.600431 941 594.852 115.136 
8.81557 -1.26902 -1.19832 944 540.341 66.1657 
8.73736 -1.13355 1.94259 946 541.786 328.967 
9.40671 -2.2929 1.01021 963 450.299 244.077 
8.33271 -0.432673 -0.868744 976 638.407 81.3479 
9.36968 -2.22876 1.49865 979 455.79 277.745 
9.47971 -2.41934 0.180696 982 444.762 183.861 
8.42012 -0.584075 0.413676 987 606.925 211.671 
9.45187 -2.37112 -1.5872 989 449.584 50.3152 
8.99905 -1.58682 1.73484 994 504.819 302.111 
8.82589 -1.28688 1.75285 1000 528.842 310.702 
