7 -1.49784 0.349314 151 94.6 39.7499 
7 -0.0623122 -3.31422 152 503.416 227.649 
7 0.36994 -1.65205 155 334.862 272.068 
7 0.947338 -0.351981 158 188.685 336.9 
7 1.75895 -5.06184 159 634.175 394.973 
7 0.343459 -2.54532 160 426.447 268.892 
7 -0.647617 -0.188366 161 167.338 152.745 
7 1.08732 -1.94397 162 362.024 345.913 
7 0.863395 -4.44339 163 594.067 317.119 
7 -0.724268 -3.10497 165 489.315 157.756 
7 0.725336 0.960833 171 23.7081 315.887 
7 1.33843 -4.95324 172 630.378 358.663 
7 1.97211 0.0439567 176 143.571 448.17 
7 1.44234 0.716532 178 59.5963 396.459 
7 -0.518283 -3.0968 179 486.752 179.69 
7 0.741437 -4.00824 180 558.299 306.558 
7 -0.443496 -0.586995 184 216.407 179.067 
7 -1.20096 -0.713027 185 232.127 88.1956 
7 -0.746732 -0.782938 186 240.078 143.923 
7 0.0865561 -4.29161 189 589.613 243.456 
7 -1.97934 -4.46413 190 629.087 31.3976 
7 -1.56385 -0.742436 193 236.082 43.0219 
7 -1.07027 0.309808 197 101.632 96.3146 
7 1.83558 -1.14915 198 276.853 425.128 
