-3.17768 1.79522 -7 101 0.234425 0.431597 
-4.55559 -0.250499 -7 105 0.560726 -0.071786 
-2.11042 -0.0563179 -7 106 0.00918674 -0.0623591 
-5.09885 0.316864 -7 107 0.64036 0.064997 
-0.235026 1.16667 -7 114 -0.634416 0.321836 
-5.05591 -0.451909 -7 117 0.653176 -0.110516 
-1.66978 1.93068 -7 118 -0.153609 0.514045 
-3.56835 0.827876 -7 121 0.341175 0.185048 
-2.10211 -0.684594 -7 129 0.0199083 -0.249499 
-3.11373 -0.303232 -7 130 0.26769 -0.111694 
-1.59533 0.795126 -7 132 -0.155904 0.186094 
-3.58737 1.4874 -7 135 0.329832 0.347088 
-0.615215 -0.161545 -7 146 -0.472175 -0.131067 
-5.05277 -1.83336 -7 148 0.689799 -0.436689 
