5.64257 -0.481715 -7 109 245.294 124.035 
2.26927 0.767181 -7 111 555.981 298.251 
2.74139 -0.240151 -7 113 509.409 158.562 
6.30632 -1.54879 -7 115 210.691 31.096 
4.50714 -1.04124 -7 119 331.751 65.8434 
2.98659 0.138239 -7 123 471.57 203.939 
4.46367 -0.542201 -7 125 330.987 118.559 
6.6867 0.183154 -7 127 184.442 176.525 
6.46481 -1.88245 -7 128 203.154 3.01899 
3.77354 -0.887468 -7 133 398.209 78.4968 
6.08103 -0.977971 -7 134 221.185 80.3596 
3.34213 1.4046 -7 137 414.063 339.878 
4.29646 -0.0380129 -7 139 340.548 171.529 
6.59087 -1.1778 -7 141 193.788 65.4585 
4.8725 1.3091 -7 142 285.742 292.566 
6.26277 1.2623 -7 143 202.313 264.957 
1.9715 1.13953 -7 144 593.238 357.519 
7 -1.59791 -6.35011 157 126.619 16.4919 
7 1.75895 -5.06184 159 3.7423 320.132 
7 -0.863938 -6.09367 166 104.146 77.8713 
7 0.759759 -5.08223 173 4.32208 224.078 
7 0.831841 -5.58946 182 57.3638 228.684 
7 1.69172 -5.79597 183 76.1216 301.282 
7 0.781169 -6.98961 200 167.2 219.759 
