-1.69835 7.10236 -1.49702 1 -0.192774 -0.387375 
-2.36095 6.71981 0.0648834 6 -0.0315323 0.110842 
-3.05032 6.3218 1.27862 8 0.162828 0.516199 
-1.18389 7.39938 -0.935763 10 -0.383096 -0.239794 
-0.882633 7.57332 -1.15265 15 -0.468582 -0.312719 
-0.834292 7.60122 -0.745649 20 -0.501387 -0.198829 
-3.41844 6.10927 -1.82689 21 0.438684 -0.439994 
-3.01817 6.34036 -1.63356 23 0.277974 -0.396021 
-2.57331 6.5972 -0.0115366 25 0.047591 0.0895896 
-1.29918 7.33282 1.56526 29 -0.439148 0.487351 
-2.71663 6.51445 0.575812 32 0.0706987 0.284623 
-3.74583 5.92025 -0.779907 36 0.515236 -0.091967 
-3.03012 6.33346 -0.976834 38 0.249711 -0.183398 
-4.01906 5.7625 0.688089 42 0.559932 0.397246 
-1.4565 7.24199 0.969849 43 -0.365455 0.325594 
-2.14768 6.84294 -0.101629 51 -0.0956736 0.0513927 
-3.33545 6.15718 -0.435976 52 0.344188 0.00215321 
-0.421209 7.83972 -1.17149 54 -0.610093 -0.327843 
-1.24468 7.36429 0.57792 55 -0.413068 0.200161 
-0.449959 7.82312 -0.349133 56 -0.629023 -0.096499 
-1.42581 7.25971 0.982136 67 -0.37446 0.327393 
-3.617 5.99463 -1.57595 71 0.502593 -0.355438 
-4.04408 5.74805 -1.06717 77 0.650331 -0.173142 
-4.14277 5.69108 0.84443 78 0.602132 0.460011 
-3.86191 5.85323 -1.48589 82 0.596769 -0.317548 
-2.18179 6.82325 0.0567123 84 -0.092731 0.0995266 
-1.81168 7.03693 1.23812 85 -0.261805 0.424687 
-2.31638 6.74554 0.814643 87 -0.0753452 0.331152 
-3.16889 6.25334 -1.4501 90 0.323438 -0.330754 
-3.51194 6.05528 0.00121058 101 0.394514 0.148523 
-1.22592 7.37512 0.548265 107 -0.428934 0.188894 
-0.30588 7.9063 0.0837691 108 -0.683288 0.0156131 
-2.27819 6.76759 -0.186085 109 -0.0488247 0.0319283 
-0.383025 7.86176 0.22409 112 -0.671794 0.060841 
-0.803108 7.61923 -0.814071 117 -0.506873 -0.216302 
-0.964105 7.52628 0.885878 120 -0.512294 0.275697 
-1.20685 7.38613 1.22507 129 -0.455452 0.383106 
-2.44383 6.67196 -0.385326 131 0.0138954 -0.0269014 
-1.33285 7.31338 0.696058 135 -0.393137 0.235057 
-2.20806 6.80808 -1.59639 140 -0.0211577 -0.40684 
-0.621084 7.72432 1.104 141 -0.624205 0.318318 
-0.582336 7.74669 0.181318 147 -0.604716 0.0544203 
-0.447254 7.82468 0.726916 148 -0.663562 0.204974 
-1.07075 7.46471 -0.23607 149 -0.444631 -0.0441218 
-1.34908 7.30401 -1.57982 156 -0.303788 -0.422012 
-2.79823 6.46735 0.492322 157 0.107769 0.260537 
-3.75274 5.91626 -1.57757 159 0.559151 -0.353374 
-2.15233 6.84026 -0.0957294 160 -0.0964198 0.0456981 
-2.43306 6.67818 0.0756168 161 -0.00533258 0.112259 
-0.717429 7.6687 0.357392 164 -0.572154 0.111757 
-2.12399 6.85662 0.667081 166 -0.135824 0.275891 
-1.43641 7.25359 -1.07042 183 -0.300122 -0.270591 
-0.509556 7.78871 -1.73933 187 -0.559718 -0.486633 
-1.12203 7.4351 -0.763709 191 -0.407104 -0.193875 
-0.560641 7.75922 -0.484044 192 -0.595266 -0.133247 
-1.58921 7.16537 -1.2695 193 -0.241714 -0.326701 
-2.76342 6.48744 -1.86079 195 0.19085 -0.472533 
-1.18082 7.40116 -1.11678 196 -0.372569 -0.291347 
-3.97857 5.78587 -1.48671 197 0.642782 -0.316945 
-1.21876 7.37925 1.56713 198 -0.459329 0.486326 
-3.48498 6.07085 0.402763 199 0.362715 0.2749 
-2.50658 6.63573 -0.864936 203 0.0563502 -0.173056 
-1.65507 7.12735 -1.39271 204 -0.209473 -0.361137 
-2.60244 6.58039 -0.419929 205 0.0723881 -0.0276423 
-2.88473 6.41741 -0.980824 212 0.198572 -0.191952 
-1.32904 7.31558 0.826885 214 -0.402071 0.275376 
-2.20564 6.80948 0.351964 217 -0.0940495 0.183081 
-3.28265 6.18767 0.466932 221 0.281364 0.284214 
-1.18272 7.40006 -0.335728 222 -0.403941 -0.0692026 
-1.831 7.02577 -0.964452 224 -0.173969 -0.224281 
-1.58155 7.1698 -0.998108 227 -0.25194 -0.243607 
-2.92339 6.39508 1.13342 229 0.12418 0.465434 
-0.177513 7.98042 -1.74127 236 -0.664945 -0.499725 
-0.477256 7.80736 0.692004 238 -0.65203 0.195737 
-2.63039 6.56425 -0.0067306 240 0.0693088 0.100387 
-2.65581 6.54957 -0.244999 247 0.0834723 0.0271508 
-3.8183 5.87841 -0.432496 250 0.529781 0.023072 
