-7 0.46862 -2.98529 58 0.407703 -0.0298696 
-7 -1.03485 -3.75523 61 0.209595 -0.360451 
-7 -0.184126 -2.39523 62 0.563781 -0.200227 
-7 0.0943094 -5.21035 64 -0.0324009 -0.0902395 
-7 1.11392 -6.02536 65 -0.125322 0.0857349 
-7 0.886694 -5.35798 67 -0.0382894 0.0516925 
-7 1.34911 -4.82912 74 0.051854 0.137375 
-7 0.694743 -5.33965 78 -0.0394785 0.0182608 
-7 1.12101 -6.65735 79 -0.20233 0.0825312 
-7 0.821262 -3.48263 80 0.295811 0.0479233 
-7 -1.84392 -6.0007 85 -0.189956 -0.432583 
-7 -0.295975 -5.19552 90 -0.0383034 -0.163235 
-7 1.40697 -4.3308 91 0.137308 0.155026 
-7 0.592834 -6.66606 94 -0.2151 0.000941563 
-7 -1.20087 -3.87679 97 0.18095 -0.393629 
-7 1.52805 -2.92335 98 0.432494 0.206979 
-7 -0.609874 -5.90804 100 -0.147916 -0.207594 
-5.46333 -1.29075 -7 102 -0.542064 -0.316692 
-5.09885 0.316864 -7 107 -0.551042 0.0215532 
-6.22725 1.4028 -7 110 -0.32845 0.160106 
-5.05591 -0.451909 -7 117 -0.59229 -0.137347 
-6.20015 -0.954561 -7 122 -0.400397 -0.244931 
-6.2831 -0.370457 -7 140 -0.370333 -0.140224 
-5.05277 -1.83336 -7 148 -0.65589 -0.448952 
-6.46998 0.52855 -7 150 -0.319398 0.00774281 
