1.69792 -0.977731 -7 104 0.0494615 -0.186449 
2.77254 -1.94854 -7 108 -0.212242 -0.444546 
2.26927 0.767181 -7 111 -0.15385 0.321332 
2.74139 -0.240151 -7 113 -0.248915 0.015476 
4.50714 -1.04124 -7 119 -0.606672 -0.202766 
2.98659 0.138239 -7 123 -0.318652 0.115363 
0.474792 -0.485198 -7 124 0.440764 -0.0209185 
4.46367 -0.542201 -7 125 -0.612981 -0.083339 
3.77354 -0.887468 -7 133 -0.465588 -0.164831 
1.03314 -1.58354 -7 136 0.267084 -0.373612 
3.34213 1.4046 -7 137 -0.437769 0.455246 
0.97797 0.750031 -7 138 0.238776 0.379814 
4.29646 -0.0380129 -7 139 -0.59569 0.0421671 
1.9715 1.13953 -7 144 -0.0808803 0.451005 
1.45576 0.553777 -7 145 0.0873062 0.29105 
0.206379 -1.0164 -7 147 0.550254 -0.198606 
