-7 0.46862 -2.98529 58 0.439835 -0.0350206 
-7 -1.03485 -3.75523 61 0.237835 -0.365956 
-7 -0.184126 -2.39523 62 0.59961 -0.209103 
-7 0.0943094 -5.21035 64 -0.00726454 -0.0920427 
-7 1.11392 -6.02536 65 -0.101518 0.0855478 
-7 0.886694 -5.35798 67 -0.0136856 0.0507219 
-7 1.34911 -4.82912 74 0.0772095 0.136622 
-7 0.694743 -5.33965 78 -0.01477 0.0170756 
-7 1.12101 -6.65735 79 -0.178885 0.0827969 
-7 0.821262 -3.48263 80 0.325462 0.0446449 
-7 -1.84392 -6.0007 85 -0.163848 -0.432067 
-7 -0.295975 -5.19552 90 -0.0129614 -0.165211 
-7 1.40697 -4.3308 91 0.163903 0.154046 
-7 0.592834 -6.66606 94 -0.191257 0.00098659 
-7 -1.20087 -3.87679 97 0.208853 -0.398779 
-7 1.52805 -2.92335 98 0.465678 0.20551 
-7 -0.609874 -5.90804 100 -0.122884 -0.208408 
-5.46333 -1.29075 -7 102 -0.51132 -0.317569 
-4.55559 -0.250499 -7 105 -0.668721 -0.0859856 
-5.09885 0.316864 -7 107 -0.522503 0.0177875 
-6.22725 1.4028 -7 110 -0.304364 0.159392 
-5.05591 -0.451909 -7 117 -0.561699 -0.140605 
-6.20015 -0.954561 -7 122 -0.373122 -0.245157 
-6.2831 -0.370457 -7 140 -0.344157 -0.14088 
-5.05277 -1.83336 -7 148 -0.621221 -0.44891 
-6.46998 0.52855 -7 150 -0.294736 0.00716417 
