5.64257 -0.481715 -7 109 0.45494 -0.0056984 
6.30632 -1.54879 -7 115 0.323327 -0.153686 
4.50714 -1.04124 -7 119 0.659578 -0.183295 
6.6867 0.183154 -7 127 0.32022 0.139559 
6.46481 -1.88245 -7 128 0.294591 -0.19565 
6.08103 -0.977971 -7 134 0.370359 -0.0731003 
6.59087 -1.1778 -7 141 0.296876 -0.08154 
4.8725 1.3091 -7 142 0.692362 0.358897 
6.26277 1.2623 -7 143 0.412979 0.32925 
6.4687 -1.97232 -7 149 0.291862 -0.208893 
7 -0.0623122 -3.31422 152 -0.313594 0.14012 
7 -1.59791 -6.35011 157 0.165266 -0.133526 
7 1.75895 -5.06184 159 0.0584029 0.487142 
7 0.343459 -2.54532 160 -0.509314 0.256412 
7 0.863395 -4.44339 163 -0.0674331 0.319406 
7 -0.724268 -3.10497 165 -0.368205 -0.00821466 
7 -0.863938 -6.09367 166 0.149148 -0.0210704 
7 1.33843 -4.95324 172 0.0311711 0.402348 
7 0.759759 -5.08223 173 0.0398479 0.279446 
7 -0.518283 -3.0968 179 -0.368655 0.0379258 
7 0.741437 -4.00824 180 -0.15327 0.306555 
7 -0.563655 -4.89557 181 -0.0162478 0.0278783 
7 0.831841 -5.58946 182 0.118444 0.280635 
7 1.69172 -5.79597 183 0.168394 0.440363 
7 0.0865561 -4.29161 189 -0.109059 0.158867 
7 -1.97934 -4.46413 190 -0.111129 -0.231757 
7 0.781169 -6.98961 200 0.294842 0.24177 
