-7 0.46862 -2.98529 58 0.647107 -0.0456117 
-7 -1.03485 -3.75523 61 0.41632 -0.377211 
-7 0.0943094 -5.21035 64 0.147185 -0.0858105 
-7 1.11392 -6.02536 65 0.0409575 0.101091 
-7 0.886694 -5.35798 67 0.135844 0.0622169 
-7 1.34911 -4.82912 74 0.232475 0.151183 
-7 0.694743 -5.33965 78 0.13576 0.0270833 
-7 1.12101 -6.65735 79 -0.0400365 0.100176 
-7 0.821262 -3.48263 80 0.51422 0.0451682 
-7 -1.84392 -6.0007 85 -0.00158258 -0.410623 
-7 -0.295975 -5.19552 90 0.143406 -0.159787 
-7 1.40697 -4.3308 91 0.328926 0.168366 
-7 0.592834 -6.66606 94 -0.0489163 0.0164306 
-7 -1.20087 -3.87679 97 0.385039 -0.407511 
-7 1.52805 -2.92335 98 0.682354 0.220883 
-7 -0.609874 -5.90804 100 0.0306222 -0.196934 
-5.46333 -1.29075 -7 102 -0.326603 -0.312154 
-4.55559 -0.250499 -7 105 -0.478226 -0.110316 
-5.09885 0.316864 -7 107 -0.356744 0.00330397 
-6.22725 1.4028 -7 110 -0.164961 0.168624 
-5.05591 -0.451909 -7 117 -0.381369 -0.151999 
-6.20015 -0.954561 -7 122 -0.208615 -0.233983 
-3.58737 1.4874 -7 135 -0.677899 0.343441 
-6.2831 -0.370457 -7 140 -0.187536 -0.132444 
-5.05277 -1.83336 -7 148 -0.412767 -0.438246 
-6.46998 0.52855 -7 150 -0.149056 0.0168137 
