-7 0.21307 2.3409 51 0.369279 0.342376 
-7 -0.29883 -1.326 55 -0.582898 0.22502 
-7 -0.441068 2.32778 56 0.354294 0.177033 
-7 -1.05185 -1.49538 60 -0.611033 0.0245781 
-7 -1.45394 1.58819 66 0.169766 -0.064263 
-7 -1.07602 2.04225 70 0.278516 0.0246857 
-7 -1.87164 2.51938 75 0.372244 -0.152978 
-7 0.577231 -1.47952 76 -0.651913 0.478629 
-7 -1.9255 2.82609 83 0.437136 -0.162785 
-7 -0.72299 3.2493 84 0.555469 0.108141 
-7 -0.166603 0.216342 87 -0.163983 0.254353 
-7 0.312724 -0.335245 92 -0.316731 0.389762 
-7 -1.0576 1.73598 99 0.208077 0.0285402 
