6.30632 -1.54879 -7 115 0.58533 -0.207783 
6.6867 0.183154 -7 127 0.561791 0.100271 
6.46481 -1.88245 -7 128 0.553128 -0.252166 
6.08103 -0.977971 -7 134 0.637499 -0.122048 
6.59087 -1.1778 -7 141 0.548301 -0.131379 
6.26277 1.2623 -7 143 0.66134 0.301423 
6.4687 -1.97232 -7 149 0.550694 -0.26622 
7 -0.0623122 -3.31422 152 -0.0535334 0.054139 
7 0.36994 -1.65205 155 -0.454506 0.15925 
7 -1.59791 -6.35011 157 0.406008 -0.189012 
7 1.75895 -5.06184 159 0.28011 0.420896 
7 0.343459 -2.54532 160 -0.221584 0.147085 
7 1.08732 -1.94397 162 -0.379007 0.345892 
7 0.863395 -4.44339 163 0.165601 0.245432 
7 -0.724268 -3.10497 165 -0.099172 -0.0892393 
7 -0.863938 -6.09367 166 0.38567 -0.07445 
7 1.33843 -4.95324 172 0.256486 0.335805 
7 0.759759 -5.08223 173 0.268332 0.217204 
7 -0.518283 -3.0968 179 -0.100157 -0.0456668 
7 0.741437 -4.00824 180 0.0867991 0.224829 
7 -0.563655 -4.89557 181 0.221477 -0.0348946 
7 0.831841 -5.58946 182 0.34487 0.226065 
7 1.69172 -5.79597 183 0.388906 0.389039 
7 0.0865561 -4.29161 189 0.130657 0.0870169 
7 -1.97934 -4.46413 190 0.137764 -0.29724 
7 0.781169 -6.98961 200 0.524903 0.204517 
