-7 0.21307 2.3409 51 457.744 388.336 
-7 -0.503339 4.01391 52 619.103 305.679 
-7 -0.29883 -1.326 55 16.7706 335.892 
-7 -0.441068 2.32778 56 452.639 313.771 
-7 -1.05185 -1.49538 60 2.68237 241.956 
-7 -1.45394 1.58819 66 370.639 202.948 
-7 -1.07602 2.04225 70 419.697 244.228 
-7 -1.87164 2.51938 75 464.118 162.842 
-7 -1.9255 2.82609 83 493.722 158.644 
-7 -0.72299 3.2493 84 543.809 282.727 
-7 -0.166603 0.216342 87 214.464 349.175 
-7 0.312724 -0.335245 92 142.87 411.459 
-7 -1.0576 1.73598 99 387.489 245.827 
