7 -0.0623122 -3.31422 152 606.087 179.453 
7 0.36994 -1.65205 155 426.115 225.578 
7 0.947338 -0.351981 158 282.415 287.826 
7 0.343459 -2.54532 160 520.884 222.857 
7 -0.647617 -0.188366 161 262.55 105.286 
7 1.08732 -1.94397 162 451.282 300.203 
7 -0.724268 -3.10497 165 594.896 103.93 
7 0.725336 0.960833 171 131.981 265.181 
7 1.97211 0.0439567 176 240.706 391.22 
7 1.44234 0.716532 178 165.091 340.786 
7 -0.518283 -3.0968 179 590.714 127.899 
7 -0.443496 -0.586995 184 310.011 131.328 
7 -1.20096 -0.713027 185 326.507 36.4176 
7 -0.746732 -0.782938 186 333.735 94.6611 
7 -1.07027 0.309808 197 199.672 49.2538 
7 1.83558 -1.14915 198 365.296 374.764 
