-4.57399 -6.07762 1.59563 258 453.787 424.412 
-5.66157 -4.19387 -0.652214 270 192.217 175.337 
-4.57341 -6.07862 1.60241 272 456.528 423.366 
-5.67473 -4.17108 -1.85136 273 182.144 13.6338 
-5.23237 -4.93727 0.70564 274 306.098 338.639 
-6.17442 -3.3056 1.44019 275 66.1933 449.941 
-3.88769 -7.26632 -1.50954 277 593.895 76.3097 
-6.35803 -2.98756 0.146678 278 1.0146 287.428 
-4.24528 -6.64697 0.694015 279 522.74 320.104 
-5.01096 -5.32075 -0.777348 280 355.774 157.458 
-6.14897 -3.34967 0.179673 281 64.7767 287.455 
-5.29126 -4.83526 1.87037 284 297.939 474.437 
-5.29575 -4.82749 -1.96199 288 281.441 3.86983 
-4.95189 -5.42307 -0.262658 289 370.829 218.451 
-4.9932 -5.35153 -1.23628 292 355.758 100.817 
-6.1528 -3.34303 -1.89329 303 44.7424 4.57725 
-3.93868 -7.178 -1.57121 306 584.191 67.1385 
-6.04128 -3.53619 -1.20014 309 83.7965 100.664 
-5.13363 -5.10828 -1.10309 312 322.948 117.662 
-4.92427 -5.47091 0.898447 318 377.663 354.212 
-4.81248 -5.66455 -1.64507 319 397.173 51.5628 
-4.10365 -6.89227 -1.45523 322 551.166 78.9584 
-4.30377 -6.54565 0.385968 326 508.943 287.504 
-5.23373 -4.93491 -1.84234 327 299.003 21.7355 
-5.70343 -4.12137 0.704539 329 191.531 346.038 
-4.07384 -6.9439 0.0649336 330 556.809 250.329 
-4.85494 -5.591 -1.94807 331 389.984 11.722 
-5.49704 -4.47884 -1.16972 335 231.653 107.139 
-4.50583 -6.19567 0.376914 336 468.9 287.191 
-4.09708 -6.90364 0.281542 338 551.607 272.643 
-3.77569 -7.46032 0.825581 340 611.832 325.542 
-4.16753 -6.78163 0.981089 341 536.837 348.095 
-5.29142 -4.83499 -0.290764 343 289.549 217.012 
-4.78378 -5.71426 0.966713 344 409.645 359.636 
-4.31667 -6.52331 1.57757 348 506.51 416.332 
-3.62005 -7.72989 0.845456 350 639.749 327.775 
-5.42884 -4.59697 1.28117 351 260.619 410 
-4.2793 -6.58803 -1.32765 353 515.64 92.9071 
-5.36533 -4.70697 -0.794508 356 268.778 156.42 
-5.82827 -3.90515 1.73075 357 163.889 475.238 
-4.93982 -5.44397 -1.05261 362 371.702 124.044 
-4.34584 -6.47278 1.58859 363 500.822 417.929 
-3.98712 -7.09411 0.170839 364 570.865 260.8 
-4.44212 -6.30602 -1.20213 365 480.689 106.558 
-5.20485 -4.98493 0.860305 376 314.995 353.867 
-5.40008 -4.64678 -1.78435 379 257.012 29.7116 
-5.0994 -5.16757 -0.624233 381 332.862 175.548 
-3.72571 -7.54688 0.335972 382 621.763 273.687 
-5.96156 -3.67428 1.39164 385 126.342 438.607 
-4.55591 -6.10892 1.47438 387 459.205 412.033 
-5.24676 -4.91235 0.215207 389 303.162 279.883 
-4.97755 -5.37862 1.00983 392 368.709 367.897 
-4.85021 -5.5992 -1.40794 394 391.841 80.0127 
-5.6307 -4.24734 -0.845678 398 201.317 148.326 
-4.67743 -5.89845 0.0191106 408 431.785 249.828 
-4.7162 -5.8313 -1.22464 411 421.384 101.237 
-4.24744 -6.64321 -1.92173 418 521.676 25.4643 
-4.59318 -6.04438 0.332137 419 450.802 284.021 
-5.68549 -4.15243 -1.43883 421 182.992 71.2663 
-6.09064 -3.4507 -1.01841 424 72.7227 125.966 
-4.10084 -6.89714 -0.211774 427 550.684 219.864 
-6.00176 -3.60464 0.426871 430 107.477 316.067 
-4.2527 -6.63411 -0.951124 431 519.594 136.351 
-4.54469 -6.12836 -1.52013 432 459.313 67.5559 
-3.71801 -7.56021 -1.73791 433 625.626 48.9229 
-5.71018 -4.10968 -1.61545 434 172.257 45.2736 
-5.16969 -5.04583 -0.141549 437 319.021 235.543 
-4.68557 -5.88436 -1.8811 438 429.004 21.7096 
-4.8407 -5.61566 -0.0396453 440 395.046 244.023 
-5.69392 -4.13784 -0.92901 443 183.741 138.025 
-6.23335 -3.20352 -1.64394 444 22.6402 36.5596 
-4.21563 -6.69831 -0.927394 445 528.153 138.744 
-4.75369 -5.76637 0.970583 446 415.941 357.214 
-4.02746 -7.02424 -1.63148 447 565.402 59.097 
-4.46089 -6.27351 1.45209 451 478.98 404.663 
-6.03331 -3.55 -0.591601 458 91.885 182.158 
-5.32858 -4.77062 -1.23715 462 276.554 97.6671 
-5.60301 -4.2953 -1.17858 464 206.121 106.233 
-5.68074 -4.16068 0.111245 466 191.574 270.936 
-5.94183 -3.70845 -0.699449 468 116.721 167.566 
-4.41902 -6.34603 0.58457 470 487.271 309.8 
-5.14801 -5.08339 0.214391 472 323.82 276.308 
-5.88723 -3.80302 -0.421933 473 132.794 205.807 
-4.6459 -5.95307 0.77707 474 437.507 335.494 
-3.62908 -7.71426 0.283949 480 638.092 268.604 
-4.72984 -5.80768 1.01961 483 421.698 363.742 
-3.75747 -7.49188 -0.114405 484 614.364 228.264 
-5.72951 -4.0762 -0.498216 489 175.821 194.892 
-4.07094 -6.94893 1.07534 490 556.087 357.977 
-4.92481 -5.46997 -1.54112 491 373.302 63.3837 
-3.63585 -7.70252 0.600044 494 639.023 302.643 
-5.30136 -4.81777 0.489233 495 290.616 312.593 
-3.6271 -7.71768 0.36592 497 639.696 278.734 
-3.9326 -7.18855 1.52347 500 581.741 402.442 
