-7 0.21307 2.3409 51 489.869 397.493 
-7 -0.29883 -1.326 55 51.8669 343.509 
-7 -0.441068 2.32778 56 482.975 321.435 
-7 -1.05185 -1.49538 60 38.9249 251.306 
-7 -1.45394 1.58819 66 398.092 210.439 
-7 -1.07602 2.04225 70 448.118 251.355 
-7 -1.87164 2.51938 75 491.232 169.63 
-7 0.577231 -1.47952 76 20.1202 460.169 
-7 -1.9255 2.82609 83 521.083 165.119 
-7 -0.72299 3.2493 84 575.516 289.745 
-7 -0.166603 0.216342 87 244.568 357.002 
-7 0.312724 -0.335245 92 174.304 419.29 
-7 -1.0576 1.73598 99 415.715 253.128 
