7.15996 -3.9491 0.231069 501 0.333291 0.13604 
7.75999 -3.60267 0.808332 502 0.432969 0.265797 
9.29836 -2.71449 1.94602 503 0.656981 0.474205 
9.54954 -2.56948 1.62614 504 0.691527 0.414326 
9.1254 -2.81435 -0.972402 505 0.661883 -0.0488584 
4.32541 -5.58563 0.848861 506 -0.435574 0.258197 
8.36902 -3.25105 -1.59632 512 0.564967 -0.18244 
5.15051 -5.10926 0.655281 515 -0.157738 0.210846 
7.62157 -3.68259 0.309022 516 0.414888 0.15941 
5.54127 -4.88365 0.584966 517 -0.0417276 0.198354 
7.24861 -3.89792 -1.1423 520 0.370255 -0.137338 
6.5432 -4.30518 -1.86519 522 0.244018 -0.327733 
4.96491 -5.21641 -0.162781 524 -0.186243 -0.00967722 
5.3746 -4.97988 1.7937 525 -0.125932 0.515569 
8.29682 -3.29273 -0.961132 526 0.546704 -0.0703825 
4.45282 -5.51207 0.330289 528 -0.374002 0.106033 
7.67594 -3.6512 1.18816 529 0.41718 0.341847 
3.62183 -5.99184 -0.708902 530 -0.650829 -0.237949 
9.28962 -2.71954 -1.63781 531 0.688125 -0.158131 
5.78814 -4.74112 0.731293 533 0.0175919 0.238569 
7.01301 -4.03394 -0.97463 534 0.322721 -0.118073 
3.84209 -5.86467 0.762035 537 -0.623449 0.231615 
6.50511 -4.32718 -1.71048 538 0.232895 -0.298631 
4.08321 -5.72546 -0.0501395 541 -0.496197 -0.0113337 
7.77252 -3.59544 -0.54676 544 0.454818 -0.00738926 
8.80092 -3.00169 1.19755 545 0.59413 0.341266 
5.8167 -4.72463 -0.692834 547 0.0548961 -0.107841 
5.94865 -4.64845 -0.108768 552 0.0770897 0.0333949 
4.14699 -5.68864 -0.0739802 553 -0.465668 -0.0202325 
5.11501 -5.12975 -1.32998 563 -0.111855 -0.300927 
5.60572 -4.84644 -1.12497 564 0.0162165 -0.219879 
4.17332 -5.67344 0.684667 567 -0.488337 0.212958 
4.23148 -5.63986 1.46124 569 -0.497789 0.451526 
4.08949 -5.72184 0.309736 570 -0.506402 0.0962402 
8.06725 -3.42528 1.6113 573 0.477548 0.423959 
4.78434 -5.32066 -1.81187 575 -0.200217 -0.448718 
7.62174 -3.68249 1.0201 577 0.405164 0.312162 
5.79079 -4.73959 0.326224 579 0.0306705 0.13457 
6.08574 -4.5693 -0.422393 587 0.11951 -0.0352605 
5.95338 -4.64572 1.4698 588 0.0440263 0.425504 
6.59806 -4.27351 1.37278 589 0.197963 0.394372 
8.43181 -3.2148 -0.531218 590 0.56157 0.0156279 
7.71485 -3.62873 -1.31027 594 0.454564 -0.158949 
8.52047 -3.16361 0.124086 605 0.566725 0.137315 
4.89471 -5.25694 -0.199595 606 -0.209726 -0.0213317 
8.58348 -3.12723 -1.98018 608 0.590958 -0.243727 
8.21821 -3.33812 0.87683 609 0.511926 0.281539 
8.95105 -2.91501 -0.0284258 613 0.628508 0.117393 
8.58134 -3.12847 1.5153 614 0.558833 0.403761 
5.91431 -4.66828 0.963849 617 0.0487139 0.297362 
7.88394 -3.53111 -1.51631 618 0.486249 -0.189286 
8.24406 -3.3232 1.57934 624 0.507954 0.417214 
5.34694 -4.99584 -0.371774 630 -0.0720098 -0.0485972 
8.74387 -3.03463 -1.74637 631 0.616639 -0.195433 
8.37201 -3.24932 -1.42691 633 0.5612 -0.152932 
7.92744 -3.50599 0.853241 634 0.463235 0.27694 
7.04767 -4.01393 1.30024 635 0.296333 0.374192 
5.60109 -4.84911 1.5746 636 -0.055024 0.452604 
3.83992 -5.86592 -0.579006 640 -0.568632 -0.187542 
6.13888 -4.53862 1.31542 644 0.095133 0.381783 
6.14497 -4.53511 -1.1835 648 0.146981 -0.206631 
7.74644 -3.6105 0.0375105 649 0.44275 0.108098 
7.0982 -3.98476 0.68195 653 0.315032 0.235809 
7.02559 -4.02668 0.448994 659 0.296944 0.185574 
4.82206 -5.29889 0.859675 662 -0.261816 0.266938 
4.88586 -5.26205 0.975449 663 -0.252139 0.296386 
8.5643 -3.13831 0.571234 665 0.566046 0.220365 
8.78782 -3.00925 1.27741 666 0.590556 0.358101 
6.55913 -4.29599 -1.18896 667 0.234706 -0.183985 
4.05549 -5.74146 -0.254187 669 -0.498019 -0.077063 
8.98332 -2.89638 -0.0875092 671 0.634168 0.106017 
4.78329 -5.32127 0.804293 674 -0.274961 0.249916 
6.39838 -4.3888 1.60708 675 0.147192 0.447971 
5.20039 -5.08046 -0.0857982 678 -0.120887 0.0160155 
8.96859 -2.90489 1.45636 680 0.616315 0.386217 
4.99407 -5.19958 0.559179 682 -0.200443 0.188013 
8.52145 -3.16304 1.28747 684 0.553307 0.358734 
5.70419 -4.78959 -0.684915 686 0.0309982 -0.10931 
6.4204 -4.37608 -1.66156 687 0.214558 -0.29552 
7.92479 -3.50752 1.32245 688 0.449419 0.370066 
8.15199 -3.37635 -0.280505 689 0.515635 0.0560596 
4.226 -5.64302 0.28797 691 -0.451761 0.0924713 
8.26763 -3.30959 0.733282 692 0.518411 0.252749 
3.83179 -5.87062 1.26855 694 -0.649657 0.391355 
4.82073 -5.29965 -1.08631 698 -0.20871 -0.257918 
8.01947 -3.45286 0.702216 699 0.478829 0.246289 
5.29956 -5.0232 -0.579862 701 -0.0799891 -0.102155 
7.30395 -3.86597 1.05537 703 0.346314 0.317053 
6.39348 -4.39163 0.914159 705 0.159369 0.287415 
7.22497 -3.91156 0.961317 706 0.335111 0.296923 
4.30182 -5.59925 -1.21577 708 -0.370384 -0.331542 
5.49777 -4.90876 0.072566 709 -0.041535 0.0728467 
7.66579 -3.65706 -1.9146 710 0.456342 -0.277388 
6.01108 -4.6124 1.08959 711 0.0679378 0.331085 
8.16644 -3.36801 1.19775 712 0.497742 0.344645 
8.51548 -3.16649 1.61138 714 0.548259 0.423872 
6.54292 -4.30535 -1.87458 720 0.246257 -0.335026 
4.19117 -5.66313 1.67662 721 -0.522907 0.515197 
4.48631 -5.49273 -1.46496 723 -0.2974 -0.38444 
5.45807 -4.93168 0.702726 724 -0.0687549 0.227923 
6.58729 -4.27973 1.46929 725 0.19207 0.414452 
9.11375 -2.82108 -0.331225 726 0.654758 0.0650002 
3.97273 -5.78925 1.60711 728 -0.605783 0.498504 
5.30402 -5.02063 -1.37929 729 -0.0605948 -0.302152 
7.50171 -3.75179 -1.28329 731 0.416507 -0.161511 
7.13639 -3.96271 -0.718485 732 0.344386 -0.0606556 
5.1391 -5.11584 0.224599 734 -0.14978 0.0994276 
6.09889 -4.56171 1.10908 735 0.0887612 0.332204 
9.21579 -2.76217 -1.66979 736 0.679758 -0.166353 
9.10626 -2.8254 1.29642 737 0.634922 0.360077 
7.25901 -3.89191 -1.70188 738 0.381214 -0.252827 
4.48121 -5.49568 0.424736 739 -0.366477 0.140432 
6.72719 -4.19896 0.433244 741 0.244617 0.177183 
8.61615 -3.10837 -1.12108 742 0.591793 -0.0903065 
5.33057 -5.0053 -0.178382 743 -0.0848343 0.000835435 
3.90444 -5.82868 0.777906 744 -0.597084 0.232444 
8.54451 -3.14973 -0.0560757 747 0.572599 0.104526 
7.49302 -3.75681 0.49302 748 0.388807 0.202997 
