-1.97014 0.361326 7 3 -0.190986 0.194268 
-2.93389 0.906698 7 9 -0.466079 0.288774 
-2.14837 -1.21575 7 10 -0.158596 -0.278794 
-0.578608 0.00250695 7 11 0.254283 0.174092 
-0.39693 -1.00404 7 12 0.374743 -0.149123 
-3.28746 -0.347612 7 22 -0.488667 -0.0748773 
-2.84657 -0.836733 7 31 -0.359228 -0.192907 
-3.76175 1.7333 7 32 -0.692891 0.455688 
-2.21352 -0.0799941 7 33 -0.234271 0.0501652 
-4.02466 -0.174699 7 39 -0.660061 -0.0587368 
-3.22548 0.288125 7 40 -0.504811 0.100981 
-3.26615 1.27581 7 43 -0.561772 0.368067 
-2.70348 -0.732172 7 47 -0.328645 -0.158549 
