7 -1.49784 0.349314 151 -0.409277 -0.466986 
7 -0.0623122 -3.31422 152 0.477229 -0.0601605 
7 0.36994 -1.65205 155 0.105164 0.036756 
7 0.947338 -0.351981 158 -0.206974 0.173894 
7 0.343459 -2.54532 160 0.304903 0.0303346 
7 -0.647617 -0.188366 161 -0.253262 -0.221378 
7 1.08732 -1.94397 162 0.162156 0.196127 
7 0.863395 -4.44339 163 0.675003 0.137468 
7 -0.724268 -3.10497 165 0.449269 -0.215387 
7 0.725336 0.960833 171 -0.549661 0.127243 
7 1.97211 0.0439567 176 -0.300075 0.405715 
7 1.44234 0.716532 178 -0.473831 0.295951 
7 -0.518283 -3.0968 179 0.442439 -0.166437 
7 0.741437 -4.00824 180 0.59542 0.113836 
7 -0.443496 -0.586995 184 -0.148575 -0.164748 
7 -1.20096 -0.713027 185 -0.114661 -0.364419 
7 -0.746732 -0.782938 186 -0.0977255 -0.241865 
7 0.0865561 -4.29161 189 0.670022 -0.025223 
7 -1.56385 -0.742436 193 -0.105952 -0.464852 
7 -1.07027 0.309808 197 -0.393244 -0.343079 
7 1.83558 -1.14915 198 -0.021334 0.362085 
