-7 0.21307 2.3409 51 0.158469 0.226793 
-7 -0.503339 4.01391 52 0.500787 0.0602972 
-7 -0.64261 4.44771 54 0.580707 0.0314377 
-7 -0.441068 2.32778 56 0.154797 0.0717936 
-7 -1.45394 1.58819 66 -0.0134505 -0.171203 
-7 -0.100249 4.19611 69 0.537872 0.147863 
-7 -1.07602 2.04225 70 0.0905675 -0.0779722 
-7 -0.527577 4.46053 71 0.583894 0.0558874 
-7 -1.87164 2.51938 75 0.194421 -0.252986 
-7 -1.9255 2.82609 83 0.25871 -0.259905 
-7 -0.72299 3.2493 84 0.349494 0.00984209 
-7 -0.166603 0.216342 87 -0.367582 0.140602 
-7 1.20864 2.59145 88 0.215987 0.46474 
-7 0.312724 -0.335245 92 -0.529396 0.2729 
-7 -1.0576 1.73598 99 0.0204596 -0.0762257 
