-4.80195 0.41523 7 21 542.795 229.702 
-5.92999 -1.73451 7 23 464.199 34.1833 
-5.37012 0.037908 7 24 495.73 190.45 
-5.21106 1.44812 7 29 498.597 317.303 
-5.40598 0.152698 7 30 492.043 200.646 
-5.875 -0.508694 7 36 460.929 142.252 
-4.02466 -0.174699 7 39 636.556 171.793 
-5.59816 -0.619665 7 42 482.157 131.128 
-6.33365 0.109205 7 44 427.518 193.18 
-6.25916 0.145289 7 48 431.946 196.297 
-7 -0.503339 4.01391 52 177.944 127.385 
-7 -0.64261 4.44771 54 218.848 117.331 
-7 1.81819 2.50338 57 8.94169 387.567 
-7 0.78654 5.75191 68 316.431 245.025 
-7 -0.100249 4.19611 69 196.031 169.191 
-7 -0.527577 4.46053 71 220.014 128.737 
-7 -0.14175 5.47309 72 299.524 169.245 
-7 1.61955 6.53315 73 360.719 301.262 
-7 1.51818 2.67054 81 29.774 350.35 
-7 0.883221 6.2108 82 344.48 250.061 
-7 -0.72299 3.2493 84 92.3391 94.4369 
-7 1.48523 2.57162 86 16.0401 348.98 
-7 1.20864 2.59145 88 16.8356 317.541 
-7 1.46933 5.82185 93 319.442 297.445 
-7 -0.576654 5.65743 96 313.058 133.082 
