-1.97014 0.361326 7 3 -0.16324 0.192654 
-2.93389 0.906698 7 9 -0.436933 0.289377 
-2.14837 -1.21575 7 10 -0.134536 -0.278765 
-0.578608 0.00250695 7 11 0.284134 0.168339 
-0.39693 -1.00404 7 12 0.401945 -0.157028 
-3.28746 -0.347612 7 22 -0.461174 -0.0721522 
-2.84657 -0.836733 7 31 -0.333475 -0.190803 
-3.76175 1.7333 7 32 -0.661311 0.457552 
-2.21352 -0.0799941 7 33 -0.207532 0.0492441 
-4.02466 -0.174699 7 39 -0.630547 -0.0541083 
-3.22548 0.288125 7 40 -0.476323 0.10264 
-3.26615 1.27581 7 43 -0.531628 0.369238 
-2.70348 -0.732172 7 47 -0.302893 -0.157148 
