9.29836 -2.71449 1.94602 503 -0.444931 0.42101 
9.54954 -2.56948 1.62614 504 -0.399634 0.356267 
9.1254 -2.81435 -0.972402 505 -0.455665 -0.0575676 
8.36902 -3.25105 -1.59632 512 -0.588126 -0.190147 
9.51565 -2.58904 1.12107 521 -0.406342 0.277497 
8.29682 -3.29273 -0.961132 526 -0.613415 -0.0779781 
9.28962 -2.71954 -1.63781 531 -0.424342 -0.152878 
8.80092 -3.00169 1.19755 545 -0.529134 0.317372 
8.43181 -3.2148 -0.531218 590 -0.589189 0.00178794 
8.52047 -3.16361 0.124086 605 -0.5764 0.124455 
8.58348 -3.12723 -1.98018 608 -0.543729 -0.244798 
8.21821 -3.33812 0.87683 609 -0.656666 0.272365 
8.95105 -2.91501 -0.0284258 613 -0.494402 0.092713 
8.58134 -3.12847 1.5153 614 -0.575318 0.38169 
8.24406 -3.3232 1.57934 624 -0.658104 0.416591 
8.74387 -3.03463 -1.74637 631 -0.514783 -0.194674 
8.37201 -3.24932 -1.42691 633 -0.594168 -0.160029 
8.5643 -3.13831 0.571234 665 -0.569759 0.204616 
8.78782 -3.00925 1.27741 666 -0.534722 0.328184 
8.98332 -2.89638 -0.0875092 671 -0.487512 0.0848987 
9.50215 -2.59683 -1.80067 679 -0.390395 -0.171403 
8.96859 -2.90489 1.45636 680 -0.500784 0.350533 
9.51544 -2.58916 0.00507541 681 -0.397287 0.0982115 
8.52145 -3.16304 1.28747 684 -0.591309 0.340738 
8.15199 -3.37635 -0.280505 689 -0.653184 0.0462838 
8.26763 -3.30959 0.733282 692 -0.641256 0.24654 
8.16644 -3.36801 1.19775 712 -0.672594 0.337392 
8.51548 -3.16649 1.61138 714 -0.595211 0.401384 
9.11375 -2.82108 -0.331225 726 -0.460546 0.045068 
9.21579 -2.76217 -1.66979 736 -0.433897 -0.162483 
9.10626 -2.8254 1.29642 737 -0.472239 0.319194 
8.61615 -3.10837 -1.12108 742 -0.545259 -0.0986397 
8.54451 -3.14973 -0.0560757 747 -0.569641 0.0875657 
9.02166 -1.62597 0.310692 751 -0.270082 0.153345 
8.84921 -1.32728 1.80752 757 -0.235305 0.421787 
9.23701 -1.99898 0.725578 758 -0.328656 0.219126 
8.51992 -0.756939 0.408137 759 -0.139444 0.176018 
8.29274 -0.363451 -1.35134 761 -0.0675215 -0.151744 
6.72499 2.35198 -0.698686 765 0.623596 -0.0844648 
6.84891 2.13734 -1.72634 766 0.529273 -0.333935 
7.18459 1.55593 0.710517 768 0.381218 0.272667 
7.75054 0.575679 1.75169 773 0.124881 0.484297 
8.11102 -0.0486967 -1.08378 774 -0.0116751 -0.106285 
7.65875 0.734657 0.495993 779 0.158391 0.211074 
6.87834 2.08637 1.48366 780 0.558622 0.503028 
9.27207 -2.0597 -0.388348 784 -0.330628 0.0430169 
6.61901 2.53554 -1.90015 786 0.671095 -0.401397 
7.07393 1.74759 -1.06522 794 0.41857 -0.154627 
7.7677 0.545948 0.346374 797 0.118302 0.174801 
6.99287 1.88799 0.446143 798 0.483585 0.216351 
8.5833 -0.866718 0.816146 801 -0.156419 0.253426 
8.13241 -0.0857393 -1.69052 803 -0.0160316 -0.222731 
8.79364 -1.23104 1.71911 805 -0.221894 0.413234 
7.79816 0.49319 1.85753 808 0.106523 0.504985 
6.6228 2.52897 -1.96054 809 0.667619 -0.419723 
7.13747 1.63753 -1.91994 811 0.380057 -0.345903 
7.48096 1.04259 -1.87628 812 0.223892 -0.306011 
7.81192 0.469365 1.38832 814 0.101262 0.401449 
8.27608 -0.334586 -0.00492856 815 -0.0650165 0.0986317 
7.72815 0.61446 -0.217688 816 0.131173 0.0523663 
8.79838 -1.23924 -0.076131 817 -0.215097 0.0872985 
7.65524 0.740743 -1.67984 818 0.15483 -0.249461 
8.9917 -1.57408 -0.263508 820 -0.261441 0.0577915 
8.44778 -0.631981 -1.44841 825 -0.112314 -0.16144 
7.71438 0.638309 -0.336083 827 0.136929 0.0286611 
7.15574 1.60589 0.615543 828 0.393115 0.25726 
9.26539 -2.04812 -1.79237 829 -0.32189 -0.179293 
8.37839 -0.511796 0.804967 830 -0.0961371 0.252723 
7.85255 0.39899 0.707979 831 0.0843442 0.25061 
7.0505 1.78818 -1.26688 833 0.43262 -0.203821 
9.00086 -1.58994 1.58986 834 -0.277634 0.372687 
6.68672 2.41826 0.33091 836 0.666622 0.1902 
8.05704 0.0447927 0.347131 837 0.00765065 0.171337 
8.22434 -0.244979 -0.782358 838 -0.046546 -0.0507564 
7.41493 1.15696 -1.61534 839 0.253971 -0.254891 
8.81824 -1.27364 -0.967993 842 -0.217938 -0.0637204 
9.4474 -2.36338 -1.09642 844 -0.361691 -0.0669294 
8.71228 -1.09011 -0.848161 845 -0.189388 -0.0451858 
8.83929 -1.31011 1.12568 849 -0.228348 0.300509 
6.64876 2.484 -1.60616 850 0.656034 -0.328045 
8.421 -0.585604 -0.76008 856 -0.108899 -0.0379768 
7.47605 1.05111 -1.34417 857 0.233343 -0.18962 
8.71634 -1.09715 -1.05762 862 -0.185756 -0.0833308 
7.07604 1.74394 0.502742 871 0.435267 0.223844 
6.81272 2.20003 1.31801 874 0.598751 0.460446 
8.05963 0.040311 0.283874 878 0.00350396 0.158346 
8.79205 -1.22828 1.24024 880 -0.216168 0.32226 
9.26617 -2.04948 1.18971 881 -0.337601 0.294922 
6.67343 2.44128 -1.01357 882 0.652974 -0.172397 
8.55161 -0.811824 0.960383 887 -0.149654 0.27632 
8.75985 -1.1725 0.775444 893 -0.207101 0.240397 
7.68639 0.686781 -1.10309 898 0.147874 -0.132368 
7.3611 1.2502 0.0561545 900 0.292013 0.111276 
7.13224 1.6466 -0.977877 901 0.391699 -0.132856 
8.49526 -0.714226 0.0445874 902 -0.133728 0.103151 
6.93416 1.98968 -1.06451 904 0.494044 -0.166028 
6.87866 2.08582 -0.0270921 907 0.538763 0.091999 
6.77251 2.26967 -0.747548 908 0.592508 -0.0968238 
9.19568 -1.92739 0.768329 913 -0.318549 0.229113 
7.05959 1.77242 -1.7808 914 0.421227 -0.32433 
7.703 0.65802 -0.183774 927 0.139828 0.0660026 
8.84897 -1.32687 1.20156 929 -0.229374 0.312255 
8.21418 -0.227369 1.2496 933 -0.0415206 0.350103 
8.99498 -1.57975 1.82216 934 -0.271422 0.421721 
6.67513 2.43834 -0.321965 935 0.65831 0.0142608 
6.75528 2.29951 -0.729401 938 0.601266 -0.0924853 
8.51325 -0.745376 -0.600431 941 -0.134158 -0.00962155 
8.81557 -1.26902 -1.19832 944 -0.211394 -0.105191 
8.73736 -1.13355 1.94259 946 -0.206369 0.456416 
7.78699 0.51253 1.89064 949 0.113194 0.519361 
7.05329 1.78334 -1.18945 950 0.429278 -0.189218 
8.23755 -0.267852 -0.0508432 959 -0.0512911 0.0909031 
9.40671 -2.2929 1.01021 963 -0.3651 0.261629 
6.68153 2.42724 -0.314303 968 0.654698 0.0141749 
7.36792 1.23839 -0.614933 971 0.280116 -0.0430621 
8.33271 -0.432673 -0.868744 976 -0.0846427 -0.0618927 
7.61247 0.814808 -0.677047 978 0.175244 -0.0418247 
9.36968 -2.22876 1.49865 979 -0.361059 0.346456 
9.47971 -2.41934 0.180696 982 -0.377339 0.131675 
8.49831 -0.719498 -1.83038 985 -0.126352 -0.226522 
8.14802 -0.112783 1.12075 986 -0.0258954 0.323732 
8.42012 -0.584075 0.413676 987 -0.110157 0.175117 
8.18073 -0.169436 -0.844467 988 -0.0306714 -0.0630575 
9.45187 -2.37112 -1.5872 989 -0.357633 -0.14281 
8.99905 -1.58682 1.73484 994 -0.27284 0.403756 
8.82589 -1.28688 1.75285 1000 -0.227986 0.415491 
