-7 1.11392 -6.02536 65 0.544374 0.500484 
-7 1.12101 -6.65735 79 0.427443 0.457703 
-7 -1.84392 -6.0007 85 0.589293 -0.0811492 
-7 0.592834 -6.66606 94 0.434509 0.357482 
-7 -0.609874 -5.90804 100 0.592303 0.152396 
-5.46333 -1.29075 -7 102 0.236406 -0.0317403 
-4.55559 -0.250499 -7 105 0.0741072 0.144623 
-2.11042 -0.0563179 -7 106 -0.516174 0.110338 
-5.09885 0.316864 -7 107 0.145473 0.276207 
-6.22725 1.4028 -7 110 0.277326 0.497309 
-5.05591 -0.451909 -7 117 0.159181 0.116405 
-3.07632 -1.96878 -7 120 -0.150746 -0.323548 
-3.56835 0.827876 -7 121 -0.159715 0.387279 
-6.20015 -0.954561 -7 122 0.320524 0.0557334 
-2.10211 -0.684594 -7 129 -0.477215 -0.0760723 
-3.11373 -0.303232 -7 130 -0.215997 0.0839849 
-6.2831 -0.370457 -7 140 0.319232 0.161982 
-5.05277 -1.83336 -7 148 0.193097 -0.15297 
-6.46998 0.52855 -7 150 0.32415 0.328682 
