-8.8069 2.99824 -0.956076 24 70.2472 274.421 
-8.89169 2.94928 -0.604829 26 75.2218 302.724 
-9.15905 2.79493 1.33263 40 77.1633 462.602 
-8.69401 3.06342 -0.315471 46 53.5962 326.296 
-9.17118 2.78792 0.352843 50 90.2525 379.021 
-9.06868 2.8471 0.616604 61 78.2853 400.987 
-8.32689 3.27537 0.102633 68 11.4162 362.731 
-9.53193 2.57964 -0.151691 69 119.515 339.962 
-8.43422 3.2134 0.143156 79 22.0634 366.171 
-8.57211 3.13379 0.696853 83 30.6762 415.325 
-9.48597 2.60618 0.402373 91 113.94 381.274 
-8.30606 3.2874 -0.374033 103 16.2219 317.335 
-9.49264 2.60233 0.71894 111 111.719 406.876 
-9.4138 2.64784 -0.749638 127 115.786 293.672 
-9.10665 2.82518 -0.067222 132 89.2861 346.824 
-8.31486 3.28232 -0.998132 134 25.7467 265.19 
-8.32648 3.27561 -0.916176 137 24.4607 271.715 
-8.89144 2.94943 -0.995818 139 77.091 271.556 
-8.50915 3.17015 -1.43562 142 49.1584 231.692 
-8.55092 3.14603 -1.2267 145 50.4456 249.559 
-9.27136 2.73008 -1.79969 152 114.863 220.264 
-8.81769 2.99201 -0.933105 158 70.8855 277.668 
-9.09008 2.83474 -1.5709 176 98.607 231.01 
-8.58962 3.12368 -0.807997 201 50.222 282.158 
-9.31972 2.70216 0.881481 208 96.6888 422.031 
-8.26463 0.314754 1.16404 251 276.788 465.821 
-7.46287 -1.07392 -1.59589 252 409.854 191.858 
-9.1587 1.86333 -0.988996 253 169.186 275.796 
-8.41737 0.579321 1.27562 256 254.486 472.843 
-9.52122 2.49124 -1.0717 257 133.683 272.194 
-8.93601 1.47762 -0.633868 259 192.174 299.213 
-7.4714 -1.05915 0.355818 260 421.242 390.364 
-6.64917 -2.4833 -0.440182 261 615.193 296.6 
-8.62862 0.94521 0.119044 265 227.765 364.014 
-9.05625 1.68588 -1.53396 267 183.519 234.2 
-9.13681 1.82542 0.452008 276 162.808 388.02 
-6.90676 -2.03715 -0.996423 283 538.553 236.651 
-8.62523 0.939344 -1.18054 287 234.005 252.472 
-8.12164 0.0670859 0.804812 290 300.274 431.371 
-6.93825 -1.9826 -0.53082 295 535.646 290.041 
-6.74023 -2.32557 -0.914689 296 582.733 241.798 
-8.26682 0.318554 -1.13985 297 280.363 251.38 
-8.648 0.978768 1.29878 299 221.61 468.265 
-7.95776 -0.216756 -0.267516 301 327.112 324.757 
-7.19832 -1.53215 -0.65154 305 473.828 280.716 
-7.50388 -1.00291 -1.74177 307 403.183 179.558 
-7.75587 -0.566441 -1.28568 308 359.364 225.619 
-8.641 0.966654 -0.16123 311 227.618 337.563 
-9.31057 2.12638 -0.0551822 313 147.751 346.51 
-6.53509 -2.68089 -1.87527 314 622.046 127.506 
-7.11395 -1.67828 -0.473701 317 492.966 297.093 
-7.51344 -0.986333 -0.814325 323 403.55 268.109 
-8.81253 1.26375 -0.857651 325 207.906 281.332 
-7.53876 -0.942491 0.491179 328 405.185 407.103 
-7.72464 -0.62053 -0.0248013 332 368.176 348.089 
-7.95987 -0.213096 0.306596 339 326.603 381.761 
-8.52917 0.772963 -1.76171 342 246.223 204.893 
-6.83154 -2.16742 0.486301 345 578.757 416.602 
-8.12381 0.0708475 -1.49958 347 301.549 217.786 
-8.00123 -0.141456 -0.325795 349 319.403 320.246 
-7.28977 -1.37375 -1.87683 352 442.86 158.928 
-7.45408 -1.08915 -1.1234 354 415.379 236.029 
-7.13206 -1.6469 0.386525 358 496.019 400.052 
-8.82998 1.29397 -1.283 359 208.218 248.86 
-7.24008 -1.45982 0.239176 360 469.177 378.716 
-8.26227 0.31067 0.618929 366 278.764 409.973 
-6.73207 -2.33972 -0.455992 369 591.953 296.336 
-6.90193 -2.0455 0.150108 371 552.98 372.554 
-7.92892 -0.2667 1.10434 372 333.843 469.562 
-8.43087 0.60269 -0.733047 375 257.359 286.931 
-9.0577 1.6884 -0.174837 377 176.875 336.484 
-8.19099 0.187209 -1.2445 378 290.456 240.782 
-7.6338 -0.777869 -0.0587155 380 384.406 346.704 
-9.37546 2.23878 -1.18001 383 148.952 264.669 
-6.69448 -2.40482 0.483031 384 619.521 417.94 
-8.12127 0.0664484 1.25361 388 301.279 479.877 
-9.14202 1.83445 -1.39071 391 172.852 246.146 
-6.74479 -2.31769 0.740399 393 610.129 453.188 
-9.48121 2.42194 -1.26659 396 138.619 257.468 
-7.37732 -1.22211 -1.65372 397 429.203 182.835 
-8.52092 0.758672 -1.7528 399 247.345 208.246 
-6.97577 -1.91761 -0.4901 401 524.267 295.767 
-9.44529 2.35972 -1.11888 402 141.32 269.213 
-7.81782 -0.459131 0.076778 403 353.128 360.773 
-7.52277 -0.970174 1.1088 406 412.763 479.733 
-7.63883 -0.769162 -0.119058 410 383.366 339.703 
-8.91993 1.44977 0.165011 413 191.124 365.553 
-7.3798 -1.21781 -1.93698 415 424.641 156.737 
-8.21371 0.226557 -0.790225 417 286.758 279.138 
-7.84199 -0.417283 -1.30465 420 344.391 229.044 
-9.51944 2.48816 0.340095 422 125.165 378.139 
-7.91669 -0.287895 -0.0147918 423 334.621 349.828 
-8.92471 1.45805 -1.88576 426 197.988 206.951 
-8.05966 -0.0402563 -0.2345 439 309.909 330.318 
-7.28007 -1.39054 -0.1606 450 458.751 334.987 
-8.18295 0.173293 -0.148578 455 290.194 339.268 
-8.15687 0.12812 0.541817 457 294.784 405.062 
-7.48055 -1.0433 0.202815 459 417.42 375.124 
-8.06618 -0.0289635 1.04644 461 311.371 455.388 
-6.65278 -2.47704 -0.576839 463 612.053 278.787 
-8.66593 1.00983 0.45259 465 219.598 392.148 
-7.42117 -1.14615 0.204588 467 431.611 376.579 
-9.45274 2.37263 -1.8729 469 144.229 217.476 
-7.72533 -0.619337 0.904189 476 371.955 450.289 
-7.83655 -0.426699 0.919261 479 349.295 447.248 
-7.18002 -1.56384 -1.73226 481 468.526 170.209 
-7.03065 -1.82256 -1.92608 482 497.212 143.566 
-6.7498 -2.309 -0.746357 485 580.742 262.325 
-8.11594 0.0572182 0.887934 486 300.573 437.383 
-9.2531 2.02685 -1.52478 488 164.387 238.637 
-9.11496 1.78758 0.0633076 493 168.215 356.745 
-9.55916 2.55695 -0.634717 496 128.357 303.643 
-9.00888 1.60385 -0.973121 498 186.098 274.045 
