5.64257 -0.481715 -7 109 -0.143271 -0.232233 
2.26927 0.767181 -7 111 0.540477 0.144956 
2.74139 -0.240151 -7 113 0.434308 -0.158898 
6.30632 -1.54879 -7 115 -0.219962 -0.432 
4.50714 -1.04124 -7 119 0.0434897 -0.358372 
2.98659 0.138239 -7 123 0.3523 -0.0602685 
4.46367 -0.542201 -7 125 0.042925 -0.244575 
6.6867 0.183154 -7 127 -0.274192 -0.118827 
6.46481 -1.88245 -7 128 -0.236768 -0.492242 
3.77354 -0.887468 -7 133 0.188708 -0.331629 
6.08103 -0.977971 -7 134 -0.196347 -0.326137 
3.34213 1.4046 -7 137 0.229335 0.234984 
4.29646 -0.0380129 -7 139 0.0648749 -0.130142 
6.59087 -1.1778 -7 141 -0.255917 -0.357957 
4.8725 1.3091 -7 142 -0.0520841 0.131806 
6.26277 1.2623 -7 143 -0.233912 0.0719283 
1.9715 1.13953 -7 144 0.624384 0.274469 
6.4687 -1.97232 -7 149 -0.236628 -0.509407 
7 -1.59791 -6.35011 157 -0.400345 -0.46014 
7 1.75895 -5.06184 159 -0.65663 0.196861 
7 -0.863938 -6.09367 166 -0.447165 -0.327366 
7 1.33843 -4.95324 172 -0.684893 0.11551 
7 0.759759 -5.08223 173 -0.656581 -0.0091952 
7 0.831841 -5.58946 182 -0.544292 -0.00160294 
7 1.69172 -5.79597 183 -0.503493 0.153664 
7 0.781169 -6.98961 200 -0.31074 -0.0255778 
