-8.8069 2.99824 -0.956076 24 -0.542941 0.0748288 
-8.89169 2.94928 -0.604829 26 -0.532127 0.136356 
-9.15905 2.79493 1.33263 40 -0.527906 0.483917 
-8.69401 3.06342 -0.315471 46 -0.579139 0.1876 
-9.17118 2.78792 0.352843 50 -0.499451 0.30222 
-9.06868 2.8471 0.616604 61 -0.525467 0.349972 
-8.32689 3.27537 0.102633 68 -0.670834 0.266806 
-9.53193 2.57964 -0.151691 69 -0.435837 0.217309 
-8.43422 3.2134 0.143156 79 -0.647688 0.274285 
-8.57211 3.13379 0.696853 83 -0.628965 0.381142 
-9.48597 2.60618 0.402373 91 -0.447957 0.307118 
-8.30606 3.2874 -0.374033 103 -0.660387 0.168119 
-9.49264 2.60233 0.71894 111 -0.452784 0.362773 
-9.4138 2.64784 -0.749638 127 -0.443944 0.116678 
-9.10665 2.82518 -0.067222 132 -0.501552 0.232225 
-8.31486 3.28232 -0.998132 134 -0.639681 0.0547618 
-8.32648 3.27561 -0.916176 137 -0.642477 0.0689447 
-8.89144 2.94943 -0.995818 139 -0.528063 0.0685991 
-8.50915 3.17015 -1.43562 142 -0.588786 -0.0180602 
-8.55092 3.14603 -1.2267 145 -0.585988 0.0207807 
-9.27136 2.73008 -1.79969 152 -0.445949 -0.0429042 
-8.81769 2.99201 -0.933105 158 -0.541553 0.0818866 
-9.09008 2.83474 -1.5709 176 -0.481289 -0.0195432 
-8.58962 3.12368 -0.807997 201 -0.586474 0.0916469 
-9.31972 2.70216 0.881481 208 -0.485459 0.395719 
-8.26463 0.314754 1.16404 251 -0.0939389 0.490915 
-7.46287 -1.07392 -1.59589 252 0.195334 -0.104657 
-9.1587 1.86333 -0.988996 253 -0.327856 0.0778164 
-8.41737 0.579321 1.27562 256 -0.142421 0.506181 
-9.52122 2.49124 -1.0717 257 -0.405037 0.0699878 
-8.93601 1.47762 -0.633868 259 -0.277883 0.128724 
-7.4714 -1.05915 0.355818 260 0.220092 0.326879 
-6.64917 -2.4833 -0.440182 261 0.641724 0.123043 
-8.62862 0.94521 0.119044 265 -0.200511 0.269596 
-9.05625 1.68588 -1.53396 267 -0.296698 -0.0126096 
-9.13681 1.82542 0.452008 276 -0.341722 0.321783 
-6.90676 -2.03715 -0.996423 283 0.475114 -0.00728094 
-8.62523 0.939344 -1.18054 287 -0.186945 0.0271135 
-8.12164 0.0670859 0.804812 290 -0.0428828 0.416025 
-6.93825 -1.9826 -0.53082 295 0.468797 0.108784 
-6.74023 -2.32557 -0.914689 296 0.571159 0.00390888 
-8.26682 0.318554 -1.13985 297 -0.0861675 0.0247384 
-8.648 0.978768 1.29878 299 -0.213891 0.496229 
-7.95776 -0.216756 -0.267516 301 0.0154608 0.184254 
-7.19832 -1.53215 -0.65154 305 0.334408 0.0885122 
-7.50388 -1.00291 -1.74177 307 0.180832 -0.131395 
-7.75587 -0.566441 -1.28568 308 0.0855738 -0.0312628 
-8.641 0.966654 -0.16123 311 -0.200831 0.212093 
-9.31057 2.12638 -0.0551822 313 -0.374453 0.231543 
-6.53509 -2.68089 -1.87527 314 0.656621 -0.244553 
-7.11395 -1.67828 -0.473701 317 0.376014 0.124115 
-7.51344 -0.986333 -0.814325 323 0.181631 0.0611063 
-8.81253 1.26375 -0.857651 325 -0.243682 0.0898515 
-7.53876 -0.942491 0.491179 328 0.185184 0.363268 
-7.72464 -0.62053 -0.0248013 332 0.104729 0.234976 
-7.95987 -0.213096 0.306596 339 0.0143537 0.308177 
-8.52917 0.772963 -1.76171 342 -0.160384 -0.0763198 
-6.83154 -2.16742 0.486301 345 0.562515 0.383916 
-8.12381 0.0708475 -1.49958 347 -0.0401102 -0.0482904 
-8.00123 -0.141456 -0.325795 349 -0.0012985 0.174449 
-7.28977 -1.37375 -1.87683 352 0.267087 -0.176244 
-7.45408 -1.08915 -1.1234 354 0.207345 -0.00863246 
-7.13206 -1.6469 0.386525 358 0.38265 0.34794 
-8.82998 1.29397 -1.283 359 -0.243004 0.0192608 
-7.24008 -1.45982 0.239176 360 0.324297 0.301556 
-8.26227 0.31067 0.618929 366 -0.0896435 0.369507 
-6.73207 -2.33972 -0.455992 369 0.591203 0.12247 
-6.90193 -2.0455 0.150108 371 0.506478 0.288161 
-7.92892 -0.2667 1.10434 372 0.0300936 0.499048 
-8.43087 0.60269 -0.733047 375 -0.136176 0.102024 
-9.0577 1.6884 -0.174837 377 -0.311141 0.209748 
-8.19099 0.187209 -1.2445 378 -0.0642253 0.00170094 
-7.6338 -0.777869 -0.0587155 380 0.140012 0.231965 
-9.37546 2.23878 -1.18001 383 -0.371843 0.0536281 
-6.69448 -2.40482 0.483031 384 0.651133 0.386826 
-8.12127 0.0664484 1.25361 388 -0.0406973 0.521471 
-9.14202 1.83445 -1.39071 391 -0.319886 0.0133603 
-6.74479 -2.31769 0.740399 393 0.630716 0.463453 
-9.48121 2.42194 -1.26659 396 -0.394307 0.0379742 
-7.37732 -1.22211 -1.65372 397 0.237399 -0.124271 
-8.52092 0.758672 -1.7528 399 -0.157946 -0.0690303 
-6.97577 -1.91761 -0.4901 401 0.44406 0.121232 
-9.44529 2.35972 -1.11888 402 -0.388434 0.0635064 
-7.81782 -0.459131 0.076778 403 0.0720185 0.262551 
-7.52277 -0.970174 1.1088 406 0.201659 0.521159 
-7.63883 -0.769162 -0.119058 410 0.137752 0.216746 
-8.91993 1.44977 0.165011 413 -0.280165 0.272941 
-7.3798 -1.21781 -1.93698 415 0.227481 -0.181006 
-8.21371 0.226557 -0.790225 417 -0.072266 0.0850836 
-7.84199 -0.417283 -1.30465 420 0.0530231 -0.0238178 
-9.51944 2.48816 0.340095 422 -0.423554 0.300303 
-7.91669 -0.287895 -0.0147918 423 0.0317851 0.238756 
-8.92471 1.45805 -1.88576 426 -0.265244 -0.0718449 
-8.05966 -0.0402563 -0.2345 439 -0.0219371 0.196342 
-7.28007 -1.39054 -0.1606 450 0.301633 0.206492 
-8.18295 0.173293 -0.148578 455 -0.0647962 0.2158 
-8.15687 0.12812 0.541817 457 -0.0548173 0.358829 
-7.48055 -1.0433 0.202815 459 0.211782 0.293748 
-8.06618 -0.0289635 1.04644 461 -0.0187589 0.468234 
-6.65278 -2.47704 -0.576839 463 0.634897 0.0843192 
-8.66593 1.00983 0.45259 465 -0.218264 0.330757 
-7.42117 -1.14615 0.204588 467 0.242633 0.29691 
-9.45274 2.37263 -1.8729 469 -0.382111 -0.0489643 
-7.72533 -0.619337 0.904189 476 0.112946 0.45715 
-7.83655 -0.426699 0.919261 479 0.0636848 0.450539 
-7.18002 -1.56384 -1.73226 481 0.322883 -0.151719 
-7.03065 -1.82256 -1.92608 482 0.385243 -0.209639 
-6.7498 -2.309 -0.746357 485 0.566831 0.0485331 
-8.11594 0.0572182 0.887934 486 -0.0422323 0.429094 
-9.2531 2.02685 -1.52478 488 -0.338288 -0.00296311 
-9.11496 1.78758 0.0633076 493 -0.329968 0.253794 
-9.55916 2.55695 -0.634717 496 -0.416616 0.138354 
-9.00888 1.60385 -0.973121 498 -0.291091 0.0740112 
