-1.97014 0.361326 7 3 526.973 275.429 
-2.93389 0.906698 7 9 410.967 360.902 
-2.14837 -1.21575 7 10 463.023 77.9159 
-4.80195 0.41523 7 21 229.305 321.601 
-3.28746 -0.347612 7 22 349.977 217.16 
-5.92999 -1.73451 7 23 140.701 150.979 
-5.37012 0.037908 7 24 186.629 291.775 
-5.21106 1.44812 7 29 209.834 426.557 
-5.40598 0.152698 7 30 185.261 302.709 
-2.84657 -0.836733 7 31 387.87 149.65 
-3.76175 1.7333 7 32 335.421 463.716 
-2.21352 -0.0799941 7 33 480.806 221.88 
-5.875 -0.508694 7 36 151.795 250.412 
-4.02466 -0.174699 7 39 284.234 251.174 
-3.22548 0.288125 7 40 366.898 288.568 
-5.59816 -0.619665 7 42 167.273 236.533 
-3.26615 1.27581 7 43 379.913 408.77 
-6.33365 0.109205 7 44 130.267 308.186 
-2.70348 -0.732172 7 47 405.788 156.836 
-6.25916 0.145289 7 48 134.537 310.545 
-7 1.61955 6.53315 73 66.2136 451.742 
-7 0.883221 6.2108 82 33.5403 391.192 
