-2.93389 0.906698 7 9 0.643476 0.369296 
-4.80195 0.41523 7 21 0.176238 0.217625 
-3.28746 -0.347612 7 22 0.4849 0.0259117 
-5.92999 -1.73451 7 23 -0.0405645 -0.165819 
-5.37012 0.037908 7 24 0.0746961 0.142648 
-5.21106 1.44812 7 29 0.134255 0.422065 
-5.40598 0.152698 7 30 0.0721131 0.164782 
-2.84657 -0.836733 7 31 0.595415 -0.124255 
-5.875 -0.508694 7 36 -0.00769666 0.0474803 
-4.02466 -0.174699 7 39 0.310679 0.0842369 
-3.22548 0.288125 7 40 0.527334 0.192593 
-5.59816 -0.619665 7 42 0.0267506 0.0222578 
-3.26615 1.27581 7 43 0.555243 0.458613 
-6.33365 0.109205 7 44 -0.0514036 0.159629 
-2.70348 -0.732172 7 47 0.646884 -0.103121 
-6.25916 0.145289 7 48 -0.0418115 0.165615 
-7 -0.503339 4.01391 52 -0.694285 0.129221 
-7 -0.64261 4.44771 54 -0.581799 0.0849364 
-7 0.78654 5.75191 68 -0.289139 0.325329 
-7 -0.100249 4.19611 69 -0.635742 0.217789 
-7 -0.527577 4.46053 71 -0.576363 0.110208 
-7 -0.14175 5.47309 72 -0.355516 0.160307 
-7 1.61955 6.53315 73 -0.156153 0.430945 
-7 0.883221 6.2108 82 -0.215558 0.319848 
-7 1.46933 5.82185 93 -0.264237 0.449986 
-7 -0.576654 5.65743 96 -0.331437 0.0737142 
