-1.69835 7.10236 -1.49702 1 231.324 61.8075 
-2.36095 6.71981 0.0648834 6 305.495 290.987 
-3.05032 6.3218 1.27862 8 394.901 477.452 
-1.18389 7.39938 -0.935763 10 143.776 129.695 
-0.882633 7.57332 -1.15265 15 104.452 96.1491 
-0.834292 7.60122 -0.745649 20 89.362 148.539 
-3.41844 6.10927 -1.82689 21 521.795 37.6029 
-3.01817 6.34036 -1.63356 23 447.868 57.8304 
-2.57331 6.5972 -0.0115366 25 341.892 281.211 
-1.29918 7.33282 1.56526 29 117.992 464.182 
-2.71663 6.51445 0.575812 32 352.521 370.926 
-3.74583 5.92025 -0.779907 36 557.008 197.695 
-3.03012 6.33346 -0.976834 38 434.867 155.637 
-4.01906 5.7625 0.688089 42 577.569 422.733 
-1.4565 7.24199 0.969849 43 151.891 389.773 
-2.14768 6.84294 -0.101629 51 275.99 263.641 
-3.33545 6.15718 -0.435976 52 478.326 240.99 
-0.421209 7.83972 -1.17149 54 39.357 89.1924 
-1.24468 7.36429 0.57792 55 129.989 332.074 
-0.449959 7.82312 -0.349133 56 30.6492 195.61 
-1.42581 7.25971 0.982136 67 147.749 390.601 
-3.617 5.99463 -1.57595 71 551.193 76.4985 
-4.04408 5.74805 -1.06717 77 619.152 160.355 
-4.14277 5.69108 0.84443 78 596.981 451.605 
-3.86191 5.85323 -1.48589 82 594.514 93.9281 
-2.18179 6.82325 0.0567123 84 277.344 285.782 
-1.81168 7.03693 1.23812 85 199.57 435.356 
-2.31638 6.74554 0.814643 87 285.341 392.33 
-3.16889 6.25334 -1.4501 90 468.781 87.8534 
-3.51194 6.05528 0.00121058 101 501.476 308.321 
-1.22592 7.37512 0.548265 107 122.69 326.891 
-0.30588 7.9063 0.0837691 108 5.68749 247.182 
-2.27819 6.76759 -0.186085 109 297.541 254.687 
-0.383025 7.86176 0.22409 112 10.9748 267.987 
-0.803108 7.61923 -0.814071 117 86.8385 140.501 
-0.964105 7.52628 0.885878 120 84.3448 366.821 
-1.20685 7.38613 1.22507 129 110.492 416.229 
-2.44383 6.67196 -0.385326 131 326.392 227.625 
-1.33285 7.31338 0.696058 135 139.157 348.126 
-2.20806 6.80808 -1.59639 140 310.267 52.8538 
-0.621084 7.72432 1.104 141 32.8659 386.426 
-0.582336 7.74669 0.181318 147 41.8305 265.033 
-0.447254 7.82468 0.726916 148 14.7616 334.288 
-1.07075 7.46471 -0.23607 149 115.47 219.704 
-1.34908 7.30401 -1.57982 156 180.258 45.8747 
-2.79823 6.46735 0.492322 157 369.574 359.847 
-3.75274 5.91626 -1.57757 159 577.209 77.4478 
-2.15233 6.84026 -0.0957294 160 275.647 261.021 
-2.43306 6.67818 0.0756168 161 317.547 291.639 
-0.717429 7.6687 0.357392 164 56.8092 291.408 
-2.12399 6.85662 0.667081 166 257.521 366.91 
-1.43641 7.25359 -1.07042 183 181.944 115.528 
-0.509556 7.78871 -1.73933 187 62.5295 16.1487 
-1.12203 7.4351 -0.763709 191 132.732 150.818 
-0.560641 7.75922 -0.484044 192 46.1778 178.706 
-1.58921 7.16537 -1.2695 193 208.811 89.7176 
-2.76342 6.48744 -1.86079 195 407.791 22.6347 
-1.18082 7.40116 -1.11678 196 148.618 105.98 
-3.97857 5.78587 -1.48671 197 615.68 94.2051 
-1.21876 7.37925 1.56713 198 108.709 463.71 
-3.48498 6.07085 0.402763 199 486.849 366.454 
-2.50658 6.63573 -0.864936 203 345.921 160.394 
-1.65507 7.12735 -1.39271 204 223.642 73.8771 
-2.60244 6.58039 -0.419929 205 353.299 227.285 
-2.88473 6.41741 -0.980824 212 411.343 151.702 
-1.32904 7.31558 0.826885 214 135.048 366.673 
-2.20564 6.80948 0.351964 217 276.737 324.217 
-3.28265 6.18767 0.466932 221 449.428 370.739 
-1.18272 7.40006 -0.335728 222 134.187 208.167 
-1.831 7.02577 -0.964452 224 239.974 136.831 
-1.58155 7.1698 -0.998108 227 204.108 127.941 
-2.92339 6.39508 1.13342 229 377.123 454.1 
-0.177513 7.98042 -1.74127 236 14.1254 10.1265 
-0.477256 7.80736 0.692004 238 20.0662 330.039 
-2.63039 6.56425 -0.0067306 240 351.882 286.178 
-2.65581 6.54957 -0.244999 247 358.397 252.489 
-3.8183 5.87841 -0.432496 250 563.699 250.613 
