-1.69835 7.10236 -1.49702 1 0.518051 -0.494008 
1.50492 8.95177 -1.01173 5 -0.276601 -0.0807772 
-0.0798114 8.03682 -1.36918 7 0.0177335 -0.26376 
2.56137 9.56171 -1.26435 9 -0.437844 -0.0747227 
-1.18389 7.39938 -0.935763 10 0.360963 -0.262692 
-0.178643 7.97976 0.508014 11 0.131884 0.184648 
0.882168 8.59222 -0.707979 12 -0.159739 -0.0518956 
0.899845 8.60243 -1.45278 14 -0.190198 -0.207135 
-0.882633 7.57332 -1.15265 15 0.247896 -0.287648 
0.308716 8.26114 -0.602419 18 -0.0394019 -0.0592838 
-0.834292 7.60122 -0.745649 20 0.253801 -0.177691 
1.53151 8.96712 0.925447 27 -0.212519 0.300842 
-1.29918 7.33282 1.56526 29 0.555126 0.48081 
1.89409 9.17646 -0.898766 30 -0.335632 -0.0437818 
1.20489 8.77855 1.35968 34 -0.139837 0.392259 
0.643979 8.45471 0.172026 37 -0.0775291 0.13303 
1.0009 8.66077 1.01151 39 -0.110151 0.317656 
1.35417 8.86473 -1.19204 41 -0.260336 -0.124146 
-1.4565 7.24199 0.969849 43 0.578852 0.292328 
2.2299 9.37034 -1.63427 48 -0.404417 -0.157117 
-0.421209 7.83972 -1.17149 54 0.112351 -0.24786 
-1.24468 7.36429 0.57792 55 0.474361 0.17453 
-0.449959 7.82312 -0.349133 56 0.16157 -0.045701 
1.11916 8.72905 0.11871 59 -0.170318 0.13376 
2.502 9.52743 1.21213 60 -0.354965 0.358898 
0.976565 8.64672 0.659001 63 -0.123567 0.243542 
2.48091 9.51526 -1.52748 64 -0.428126 -0.125093 
-1.42581 7.25971 0.982136 67 0.56763 0.293115 
1.84359 9.1473 -0.734752 70 -0.321818 -0.0133339 
2.0992 9.29488 1.12901 72 -0.297246 0.343662 
2.43447 9.48845 -1.27169 74 -0.419116 -0.0841717 
0.772201 8.52873 0.816256 76 -0.07349 0.273545 
2.20527 9.35612 0.861552 89 -0.319289 0.295293 
0.17216 8.1823 0.981234 106 0.0643923 0.305741 
-1.22592 7.37512 0.548265 107 0.463461 0.167308 
-0.30588 7.9063 0.0837691 108 0.143516 0.0764304 
1.53832 8.97105 -0.336704 110 -0.25681 0.0542122 
-0.383025 7.86176 0.22409 112 0.172705 0.111714 
1.39446 8.888 1.03195 114 -0.180656 0.325649 
-0.803108 7.61923 -0.814071 117 0.237667 -0.191929 
1.29458 8.83033 1.97538 118 -0.13231 0.516654 
-0.964105 7.52628 0.885878 120 0.390612 0.275476 
1.68572 9.05615 0.970133 121 -0.234866 0.311157 
0.0926466 8.13639 -1.10015 128 -0.00860343 -0.191648 
-1.20685 7.38613 1.22507 129 0.493971 0.371906 
1.04442 8.6859 0.452906 133 -0.138174 0.197749 
-1.33285 7.31338 0.696058 135 0.512574 0.210397 
-0.621084 7.72432 1.104 141 0.287584 0.338224 
2.0713 9.27877 -0.869126 143 -0.354171 -0.0281813 
2.40916 9.47383 1.43867 146 -0.332546 0.403215 
-0.582336 7.74669 0.181318 147 0.225001 0.0915358 
-0.447254 7.82468 0.726916 148 0.213799 0.237619 
-1.07075 7.46471 -0.23607 149 0.361009 -0.0522227 
-0.106953 8.02115 -0.188349 150 0.0796417 0.0215697 
2.34296 9.43561 0.313575 151 -0.357393 0.198687 
1.8128 9.12952 -1.61907 155 -0.344116 -0.179002 
-1.34908 7.30401 -1.57982 156 0.377082 -0.469145 
1.66029 9.04147 -0.791988 162 -0.295727 -0.0275529 
1.18573 8.76749 -1.30616 163 -0.235483 -0.154718 
-0.717429 7.6687 0.357392 164 0.275899 0.131355 
0.840218 8.568 1.74362 168 -0.0488386 0.478013 
0.0695622 8.12307 1.38063 169 0.110787 0.406797 
0.827608 8.56072 -0.196826 177 -0.125279 0.055242 
0.817645 8.55497 1.17423 181 -0.069778 0.354454 
-1.43641 7.25359 -1.07042 183 0.438534 -0.330223 
-0.0741699 8.04008 -1.61407 185 0.0078426 -0.322691 
-0.509556 7.78871 -1.73933 187 0.108141 -0.398385 
1.11154 8.72465 -0.22035 188 -0.179358 0.0605432 
-1.12203 7.4351 -0.763709 191 0.340968 -0.204309 
-0.560641 7.75922 -0.484044 192 0.18721 -0.0838304 
-1.58921 7.16537 -1.2695 193 0.486957 -0.407165 
1.01143 8.66685 -1.03298 194 -0.193945 -0.111042 
-1.18082 7.40116 -1.11678 196 0.346001 -0.314396 
-1.21876 7.37925 1.56713 198 0.524583 0.477007 
1.63059 9.02433 -0.54542 202 -0.277103 0.0180356 
-1.65507 7.12735 -1.39271 204 0.505347 -0.456623 
0.530427 8.38915 0.212413 206 -0.0475229 0.134066 
-0.0829147 8.03503 0.967789 213 0.12741 0.304133 
-1.32904 7.31558 0.826885 214 0.515915 0.247154 
0.498224 8.37055 -0.257251 218 -0.0610979 0.0308389 
-1.18272 7.40006 -0.335728 222 0.390669 -0.0889069 
-1.831 7.02577 -0.964452 224 0.612134 -0.343986 
1.50761 8.95332 1.78202 225 -0.176921 0.475501 
-1.58155 7.1698 -0.998108 227 0.501503 -0.322785 
0.842776 8.56948 1.16326 230 -0.0780347 0.35168 
2.3848 9.45977 -0.140995 231 -0.376456 0.114964 
1.20088 8.77623 0.396294 235 -0.173417 0.192977 
-0.177513 7.98042 -1.74127 236 0.0246368 -0.363671 
-0.477256 7.80736 0.692004 238 0.221343 0.225438 
2.1672 9.33414 0.137181 241 -0.336614 0.160974 
2.5324 9.54499 -0.521146 243 -0.406581 0.0527155 
0.34969 8.2848 -0.208161 246 -0.0323608 0.0316988 
2.29158 9.40595 0.467399 249 -0.344426 0.222435 
2.79672 9.15593 1.45335 762 -0.425886 0.440074 
3.17581 8.49933 -0.450529 776 -0.641602 0.0976688 
2.96438 8.86554 -0.466828 778 -0.55445 0.0796894 
3.01964 8.76982 1.66075 782 -0.495276 0.519634 
2.91765 8.94648 -1.66232 783 -0.568521 -0.148385 
2.7584 9.22231 -0.310632 792 -0.471334 0.0989142 
2.74211 9.25053 -1.73828 813 -0.508298 -0.166049 
2.75988 9.21974 0.955628 841 -0.430141 0.338977 
3.12713 8.58365 0.949699 846 -0.570642 0.394392 
3.11682 8.6015 1.29664 853 -0.550711 0.46902 
3.21408 8.43306 1.15774 858 -0.600576 0.456488 
2.83011 9.0981 -0.827008 869 -0.512727 0.00715576 
2.74336 9.24836 0.533191 877 -0.437286 0.255448 
3.15471 8.53588 -0.806247 915 -0.642162 0.0225274 
3.15548 8.53455 -1.95746 923 -0.687272 -0.220084 
2.665 9.38408 0.586617 924 -0.410097 0.257661 
3.20202 8.45395 0.188458 931 -0.632509 0.235958 
2.78152 9.18227 -1.96749 936 -0.527889 -0.204856 
3.02515 8.76029 0.646829 955 -0.541281 0.311336 
2.99518 8.81219 -1.02389 956 -0.579851 -0.0309219 
2.88729 8.99907 -0.922446 958 -0.533333 -0.0105507 
2.80084 9.14881 -0.0563065 974 -0.478392 0.151639 
2.74799 9.24035 0.800252 981 -0.429667 0.30777 
