-4.57399 -6.07762 1.59563 258 0.469066 0.213584 
-6.64917 -2.4833 -0.440182 261 -0.615058 -0.382577 
-5.66157 -4.19387 -0.652214 270 -0.0392238 -0.403723 
-4.57341 -6.07862 1.60241 272 0.466988 0.215686 
-5.23237 -4.93727 0.70564 274 0.169533 -0.0139273 
-6.17442 -3.3056 1.44019 275 -0.330498 0.157623 
-6.35803 -2.98756 0.146678 278 -0.438261 -0.192158 
-4.24528 -6.64697 0.694015 279 0.658729 0.00324728 
-5.01096 -5.32075 -0.777348 280 0.32535 -0.410407 
-6.14897 -3.34967 0.179673 281 -0.320432 -0.178812 
-6.80803 -2.20814 1.05615 282 -0.684984 0.0461888 
-5.29126 -4.83526 1.87037 284 0.122957 0.270401 
-4.95189 -5.42307 -0.262658 289 0.341172 -0.263426 
-6.64642 -2.48807 1.41126 310 -0.596182 0.14125 
-5.13363 -5.10828 -1.10309 312 0.269532 -0.513411 
-4.92427 -5.47091 0.898447 318 0.319896 0.0476131 
-4.30377 -6.54565 0.385968 326 0.642478 -0.0740208 
-5.70343 -4.12137 0.704539 329 -0.0787479 -0.0260538 
-4.50583 -6.19567 0.376914 336 0.546982 -0.0820119 
-4.16753 -6.78163 0.981089 341 0.679989 0.0777212 
-5.29142 -4.83499 -0.290764 343 0.164688 -0.283581 
-4.78378 -5.71426 0.966713 344 0.386889 0.0626983 
-4.31667 -6.52331 1.57757 348 0.592031 0.214426 
-5.42884 -4.59697 1.28117 351 0.0594569 0.126715 
-5.36533 -4.70697 -0.794508 356 0.130351 -0.434828 
-5.82827 -3.90515 1.73075 357 -0.151685 0.233505 
-4.93982 -5.44397 -1.05261 362 0.372235 -0.487627 
-4.34584 -6.47278 1.58859 363 0.574199 0.213331 
-4.44212 -6.30602 -1.20213 365 0.640926 -0.5065 
-6.57086 -2.61894 0.112404 367 -0.560627 -0.213606 
-6.73207 -2.33972 -0.455992 369 -0.667287 -0.384068 
-5.20485 -4.98493 0.860305 376 0.181276 0.0262433 
-5.0994 -5.16757 -0.624233 381 0.280055 -0.372042 
-6.69448 -2.40482 0.483031 384 -0.62869 -0.108957 
-5.96156 -3.67428 1.39164 385 -0.220324 0.147989 
-4.55591 -6.10892 1.47438 387 0.483887 0.191045 
-5.24676 -4.91235 0.215207 389 0.179546 -0.140624 
-4.97755 -5.37862 1.00983 392 0.296126 0.0669462 
-6.74479 -2.31769 0.740399 393 -0.657264 -0.0350661 
-5.6307 -4.24734 -0.845678 398 -0.0176241 -0.4573 
-4.67743 -5.89845 0.0191106 408 0.47122 -0.182297 
-6.46686 -2.79907 -0.256321 409 -0.502704 -0.317559 
-4.59318 -6.04438 0.332137 419 0.505375 -0.093046 
-6.00176 -3.60464 0.426871 430 -0.233174 -0.103939 
-5.16969 -5.04583 -0.141549 437 0.224465 -0.238582 
-4.8407 -5.61566 -0.0396453 440 0.39285 -0.196886 
-6.44049 -2.84475 -0.804824 441 -0.492052 -0.484778 
-6.48803 -2.7624 0.108587 442 -0.511612 -0.205581 
-5.69392 -4.13784 -0.92901 443 -0.0501587 -0.489673 
-4.75369 -5.76637 0.970583 446 0.406838 0.0664017 
-4.46089 -6.27351 1.45209 451 0.527653 0.182896 
-6.50928 -2.7256 -0.0902829 452 -0.526726 -0.265566 
-6.03331 -3.55 -0.591601 458 -0.250676 -0.39731 
-6.65278 -2.47704 -0.576839 463 -0.619912 -0.418999 
-5.68074 -4.16068 0.111245 466 -0.0557226 -0.181766 
-5.94183 -3.70845 -0.699449 468 -0.198881 -0.428466 
-4.41902 -6.34603 0.58457 470 0.582705 -0.0289298 
-6.23302 -3.2041 1.90527 471 -0.361525 0.275794 
-5.14801 -5.08339 0.214391 472 0.225471 -0.13986 
-5.88723 -3.80302 -0.421933 473 -0.168905 -0.338315 
-4.6459 -5.95307 0.77707 474 0.462308 0.0169754 
-4.72984 -5.80768 1.01961 483 0.410039 0.0747291 
-6.7498 -2.309 -0.746357 485 -0.685663 -0.478621 
-5.72951 -4.0762 -0.498216 489 -0.0730742 -0.357512 
-5.30136 -4.81777 0.489233 495 0.139514 -0.0665977 
