-2.93389 0.906698 7 9 0.543201 0.36296 
-2.14837 -1.21575 7 10 0.679399 -0.28946 
-4.80195 0.41523 7 21 0.0929096 0.235898 
-3.28746 -0.347612 7 22 0.379319 0.0289018 
-5.92999 -1.73451 7 23 -0.127034 -0.139778 
-5.37012 0.037908 7 24 -0.00784397 0.165008 
-5.21106 1.44812 7 29 0.0580305 0.448687 
-5.40598 0.152698 7 30 -0.00979688 0.187651 
-2.84657 -0.836733 7 31 0.474898 -0.122002 
-5.875 -0.508694 7 36 -0.0905469 0.07258 
-4.02466 -0.174699 7 39 0.217522 0.0946201 
-3.22548 0.288125 7 40 0.426256 0.19214 
-5.59816 -0.619665 7 42 -0.0574947 0.0455505 
-3.26615 1.27581 7 43 0.464735 0.459052 
-6.33365 0.109205 7 44 -0.131153 0.188851 
-2.70348 -0.732172 7 47 0.523034 -0.103453 
-6.25916 0.145289 7 48 -0.121565 0.194475 
-7 0.78654 5.75191 68 -0.378855 0.3673 
-7 -0.527577 4.46053 71 -0.692081 0.147081 
-7 -0.14175 5.47309 72 -0.450706 0.196475 
-7 1.61955 6.53315 73 -0.234865 0.474825 
-7 0.883221 6.2108 82 -0.29944 0.359908 
-7 1.46933 5.82185 93 -0.351573 0.498092 
-7 -0.576654 5.65743 96 -0.424582 0.106921 
