-7 -1.78251 -2.62609 53 -0.170353 -0.477509 
-7 -0.29883 -1.326 55 0.118068 -0.14579 
-7 0.46862 -2.98529 58 -0.260264 0.0317131 
-7 -1.05185 -1.49538 60 0.0809755 -0.326528 
-7 -1.03485 -3.75523 61 -0.40315 -0.296866 
-7 -0.184126 -2.39523 62 -0.130405 -0.11597 
-7 1.26508 -0.184774 63 0.409957 0.260175 
-7 0.0943094 -5.21035 64 -0.672036 -0.0557151 
-7 1.34911 -4.82912 74 -0.616589 0.204552 
-7 0.577231 -1.47952 76 0.0760205 0.0675988 
-7 -1.86155 -2.22478 77 -0.0826751 -0.50368 
-7 0.821262 -3.48263 80 -0.363173 0.106653 
-7 -0.166603 0.216342 87 0.529956 -0.116169 
-7 1.69039 -1.92004 89 -0.0346139 0.331018 
-7 -0.295975 -5.19552 90 -0.666532 -0.134597 
-7 1.40697 -4.3308 91 -0.528265 0.223616 
-7 0.312724 -0.335245 92 0.37209 0.00884232 
-7 -1.56958 -3.12031 95 -0.274455 -0.421276 
-7 -1.20087 -3.87679 97 -0.425083 -0.330978 
-7 1.52805 -2.92335 98 -0.254426 0.272982 
