-7 -0.29883 -1.326 55 442.016 158.98 
-7 0.46862 -2.98529 58 264.44 242.089 
-7 -1.05185 -1.49538 60 423.995 70.7016 
-7 -1.03485 -3.75523 61 193.055 89.9981 
-7 -0.184126 -2.39523 62 322.759 174.002 
-7 1.26508 -0.184774 63 581.581 349.895 
-7 0.0943094 -5.21035 64 79.7732 202.474 
-7 1.11392 -6.02536 65 27.0978 288.817 
-7 0.886694 -5.35798 67 71.685 272.514 
-7 1.34911 -4.82912 74 111.36 316.225 
-7 0.577231 -1.47952 76 421.388 259.465 
-7 0.694743 -5.33965 78 72.3768 255.746 
-7 0.821262 -3.48263 80 219.369 275.241 
-7 -1.84392 -6.0007 85 17.4432 29.7209 
-7 1.69039 -1.92004 89 370.278 376.303 
-7 -0.295975 -5.19552 90 79.6422 167.001 
-7 1.40697 -4.3308 91 149.664 325.058 
-7 0.312724 -0.335245 92 566.691 232.763 
-7 -1.56958 -3.12031 95 250.721 28.159 
-7 -1.20087 -3.87679 97 182.204 73.906 
-7 1.52805 -2.92335 98 270.515 348.756 
-7 -0.609874 -5.90804 100 28.5003 140.351 
