-8.8069 2.99824 -0.956076 24 100.315 260.813 
-8.89169 2.94928 -0.604829 26 104.54 289.77 
-9.15905 2.79493 1.33263 40 109.304 445.436 
-8.69401 3.06342 -0.315471 46 82.9126 309.669 
-9.17118 2.78792 0.352843 50 117.322 364.17 
-7.76282 3.60104 -1.23079 58 1.3338 218.547 
-9.06868 2.8471 0.616604 61 109.3 387.292 
-8.32689 3.27537 0.102633 68 45.5763 344.849 
-9.53193 2.57964 -0.151691 69 145.739 326.893 
-8.43422 3.2134 0.143156 79 56.9531 347.64 
-8.57211 3.13379 0.696853 83 62.5512 397.882 
-9.48597 2.60618 0.402373 91 142.893 367.139 
-7.84704 3.55241 -1.4571 93 15.6542 202.698 
-8.21684 3.33891 0.855065 98 23.8918 415.624 
-8.30606 3.2874 -0.374033 103 50.544 302.717 
-9.49264 2.60233 0.71894 111 140.658 389.539 
-7.76272 3.6011 -1.33649 124 2.99542 209.8 
-9.4138 2.64784 -0.749638 127 143.599 283.401 
-9.10665 2.82518 -0.067222 132 116.119 332.064 
-8.31486 3.28232 -0.998132 134 55.6831 249.824 
-8.32648 3.27561 -0.916176 137 58.2046 257.783 
-8.89144 2.94943 -0.995818 139 108.496 257.497 
-8.50915 3.17015 -1.43562 142 78.7939 219.242 
-8.55092 3.14603 -1.2267 145 81.0723 235.685 
-9.27136 2.73008 -1.79969 152 140.628 207.496 
-8.81769 2.99201 -0.933105 158 100.909 262.741 
-7.83448 3.55966 -0.735079 174 2.95749 264.472 
-9.09008 2.83474 -1.5709 176 125.66 220.535 
-8.58962 3.12368 -0.807997 201 80.394 269.655 
-9.31972 2.70216 0.881481 208 124.898 404.387 
-8.03402 3.44446 -0.562411 242 22.1094 282.797 
-8.14068 3.38288 -0.0878003 245 27.1821 326.726 
-8.26463 0.314754 1.16404 251 302.283 447.789 
-7.46287 -1.07392 -1.59589 252 438.844 175.956 
-9.1587 1.86333 -0.988996 253 194.075 261.339 
-8.41737 0.579321 1.27562 256 279.723 457.315 
-9.52122 2.49124 -1.0717 257 159.42 261.12 
-8.93601 1.47762 -0.633868 259 217.827 286.993 
-7.4714 -1.05915 0.355818 260 448.895 374.244 
-9.30328 2.11375 1.73712 262 163.059 477.592 
-8.62862 0.94521 0.119044 265 255.429 345.992 
-9.05625 1.68588 -1.53396 267 208.926 221.103 
-9.13681 1.82542 0.452008 276 191.046 371.376 
-6.80803 -2.20814 1.05615 282 629.369 478.316 
-6.90676 -2.03715 -0.996423 283 566.411 216.436 
-8.62523 0.939344 -1.18054 287 259.283 241.866 
-8.12164 0.0670859 0.804812 290 327.254 412.646 
-6.93825 -1.9826 -0.53082 295 567.658 272.156 
-6.74023 -2.32557 -0.914689 296 613.609 220.195 
-8.26682 0.318554 -1.13985 297 306.061 238.918 
-8.648 0.978768 1.29878 299 245.197 450.454 
-7.95776 -0.216756 -0.267516 301 353.875 309.039 
-8.24121 0.274194 1.30161 302 309.553 462.035 
-7.19832 -1.53215 -0.65154 305 500.133 262.074 
-7.50388 -1.00291 -1.74177 307 429.024 162.011 
-7.75587 -0.566441 -1.28568 308 386.543 214.809 
-8.641 0.966654 -0.16123 311 251 322.973 
-9.31057 2.12638 -0.0551822 313 174.625 334.274 
-7.11395 -1.67828 -0.473701 317 520.547 280.126 
-7.51344 -0.986333 -0.814325 323 432.744 251.402 
-8.81253 1.26375 -0.857651 325 233.265 268.199 
-7.53876 -0.942491 0.491179 328 433.416 387.897 
-7.72464 -0.62053 -0.0248013 332 396.601 333.997 
-7.95987 -0.213096 0.306596 339 353.407 366.091 
-8.52917 0.772963 -1.76171 342 270.934 193.691 
-6.83154 -2.16742 0.486301 345 611.478 395.896 
-7.96405 -0.205854 1.31542 346 354.857 471.282 
-8.12381 0.0708475 -1.49958 347 325.188 203.897 
-8.00123 -0.141456 -0.325795 349 346.488 305.096 
-7.28977 -1.37375 -1.87683 352 472.585 143.269 
-7.45408 -1.08915 -1.1234 354 441.922 220.561 
-7.13206 -1.6469 0.386525 358 525.641 381.609 
-8.82998 1.29397 -1.283 359 231.179 239.485 
-7.24008 -1.45982 0.239176 360 498.905 361.301 
-8.26227 0.31067 0.618929 366 303.477 395.448 
-6.73207 -2.33972 -0.455992 369 624.782 275.715 
-6.90193 -2.0455 0.150108 371 585.978 353.478 
-7.92892 -0.2667 1.10434 372 359.242 450.412 
-8.43087 0.60269 -0.733047 375 281.448 273.835 
-9.0577 1.6884 -0.174837 377 201.926 321.066 
-8.19099 0.187209 -1.2445 378 315.114 225.928 
-7.6338 -0.777869 -0.0587155 380 413.131 328.133 
-9.37546 2.23878 -1.18001 383 174.632 251.384 
-8.12127 0.0664484 1.25361 388 327.509 459.323 
-9.14202 1.83445 -1.39071 391 198.992 234.249 
-9.48121 2.42194 -1.26659 396 163.694 246.372 
-7.37732 -1.22211 -1.65372 397 454.103 167.465 
-8.52092 0.758672 -1.7528 399 269.628 193.845 
-6.97577 -1.91761 -0.4901 401 556.79 275.444 
-9.44529 2.35972 -1.11888 402 167.572 257.49 
-7.81782 -0.459131 0.076778 403 380.231 343.771 
-7.52277 -0.970174 1.1088 406 441.477 461.47 
-7.63883 -0.769162 -0.119058 410 410.872 323.89 
-8.91993 1.44977 0.165011 413 217.181 350.808 
-7.3798 -1.21781 -1.93698 415 453.569 142.26 
-8.21371 0.226557 -0.790225 417 311.504 265.431 
-7.84199 -0.417283 -1.30465 420 371.41 213.531 
-9.51944 2.48816 0.340095 422 151.03 360.455 
-7.91669 -0.287895 -0.0147918 423 360.594 333.222 
-8.92471 1.45805 -1.88576 426 222.98 193.332 
-8.05966 -0.0402563 -0.2345 439 335.96 313.015 
-7.28007 -1.39054 -0.1606 450 487.821 314.312 
-8.18295 0.173293 -0.148578 455 319.284 323.561 
-8.15687 0.12812 0.541817 457 319.127 387.876 
-7.48055 -1.0433 0.202815 459 444.775 358.908 
-8.06618 -0.0289635 1.04644 461 336.307 439.428 
-8.66593 1.00983 0.45259 465 245.771 377.878 
-7.42117 -1.14615 0.204588 467 459.166 357.593 
-9.45274 2.37263 -1.8729 469 169.97 207.671 
-7.72533 -0.619337 0.904189 476 398.044 431.834 
-7.83655 -0.426699 0.919261 479 376.984 429.291 
-7.18002 -1.56384 -1.73226 481 495.003 152.875 
-7.03065 -1.82256 -1.92608 482 526.546 125.202 
-6.7498 -2.309 -0.746357 485 612.98 239.484 
-8.11594 0.0572182 0.887934 486 325.001 422.958 
-9.2531 2.02685 -1.52478 488 188.725 224.765 
-9.11496 1.78758 0.0633076 493 196.375 342.845 
-9.55916 2.55695 -0.634717 496 154.67 291.817 
-9.00888 1.60385 -0.973121 498 211.405 261.706 
