-7 0.46862 -2.98529 58 0.369735 -0.023555 
-7 -1.03485 -3.75523 61 0.175985 -0.353612 
-7 -0.184126 -2.39523 62 0.52162 -0.189661 
-7 0.0943094 -5.21035 64 -0.0626431 -0.0877842 
-7 1.11392 -6.02536 65 -0.15424 0.0864196 
-7 0.886694 -5.35798 67 -0.0680147 0.0532595 
-7 1.34911 -4.82912 74 0.0213044 0.138771 
-7 0.694743 -5.33965 78 -0.0693036 0.0200516 
-7 1.12101 -6.65735 79 -0.230916 0.082681 
-7 0.821262 -3.48263 80 0.260594 0.0521387 
-7 -1.84392 -6.0007 85 -0.221158 -0.432795 
-7 1.69039 -1.92004 89 0.661876 0.276143 
-7 -0.295975 -5.19552 90 -0.0687404 -0.160592 
-7 1.40697 -4.3308 91 0.10542 0.156702 
-7 0.592834 -6.66606 94 -0.244082 0.00127507 
-7 -1.56958 -3.12031 95 0.315073 -0.520251 
-7 -1.20087 -3.87679 97 0.147733 -0.387175 
-7 1.52805 -2.92335 98 0.393425 0.209257 
-7 -0.609874 -5.90804 100 -0.178033 -0.206321 
-5.46333 -1.29075 -7 102 -0.579317 -0.315934 
-5.09885 0.316864 -7 107 -0.586226 0.025717 
-6.22725 1.4028 -7 110 -0.358107 0.161274 
-5.05591 -0.451909 -7 117 -0.629739 -0.133924 
-6.20015 -0.954561 -7 122 -0.433398 -0.244637 
-6.2831 -0.370457 -7 140 -0.402128 -0.13937 
-6.46998 0.52855 -7 150 -0.349512 0.00865692 
