-4.80195 0.41523 7 21 608.939 190.089 
-5.37012 0.037908 7 24 559.153 149.493 
-5.21106 1.44812 7 29 552.652 280.945 
-5.40598 0.152698 7 30 554.249 160.237 
-5.875 -0.508694 7 36 523.937 99.4453 
-5.59816 -0.619665 7 42 548.5 87.1694 
-6.33365 0.109205 7 44 483.407 153.38 
-6.25916 0.145289 7 48 488.048 156.552 
-7 0.21307 2.3409 51 44.9468 130.309 
-7 -0.503339 4.01391 52 239.055 70.483 
-7 -0.64261 4.44771 54 278.826 62.8957 
-7 -0.441068 2.32778 56 39.5243 45.5463 
-7 1.81819 2.50338 57 73.4618 314.342 
-7 0.78654 5.75191 68 366.553 201.161 
-7 -0.100249 4.19611 69 254.371 114.489 
-7 -0.527577 4.46053 71 279.377 74.7378 
-7 -0.14175 5.47309 72 354.484 122.191 
-7 1.61955 6.53315 73 406.424 262.094 
-7 1.51818 2.67054 81 93.2178 280.515 
-7 0.883221 6.2108 82 393.705 208.669 
-7 -0.72299 3.2493 84 159.39 31.1873 
-7 1.48523 2.57162 86 80.9124 277.963 
-7 1.20864 2.59145 88 82.539 247.645 
-7 1.46933 5.82185 93 366.381 254.485 
-7 -0.576654 5.65743 96 369.942 85.7129 
