5.64257 -0.481715 -7 109 0.269319 0.0228059 
6.30632 -1.54879 -7 115 0.153563 -0.138519 
4.50714 -1.04124 -7 119 0.456784 -0.131129 
4.46367 -0.542201 -7 125 0.483849 -0.0250464 
6.6867 0.183154 -7 127 0.144344 0.152528 
6.46481 -1.88245 -7 128 0.12776 -0.184646 
3.77354 -0.887468 -7 133 0.641194 -0.139596 
6.08103 -0.977971 -7 134 0.194844 -0.0522807 
4.29646 -0.0380129 -7 139 0.541209 0.083876 
6.59087 -1.1778 -7 141 0.127559 -0.0684071 
4.8725 1.3091 -7 142 0.46103 0.385239 
6.26277 1.2623 -7 143 0.222576 0.340346 
6.4687 -1.97232 -7 149 0.125481 -0.198565 
7 -0.0623122 -3.31422 152 -0.539475 0.20379 
7 -1.59791 -6.35011 157 -0.0025776 -0.123808 
7 1.75895 -5.06184 159 -0.128086 0.5172 
7 0.863395 -4.44339 163 -0.260084 0.36528 
7 -0.724268 -3.10497 165 -0.607113 0.0462133 
7 -0.863938 -6.09367 166 -0.0224733 -0.00493424 
7 1.33843 -4.95324 172 -0.155303 0.437007 
7 0.759759 -5.08223 173 -0.144227 0.312832 
7 -0.518283 -3.0968 179 -0.60679 0.097352 
7 0.741437 -4.00824 180 -0.354626 0.36204 
7 -0.563655 -4.89557 181 -0.201273 0.0581516 
7 0.831841 -5.58946 182 -0.0616136 0.305692 
7 1.69172 -5.79597 183 -0.0139161 0.457606 
7 0.0865561 -4.29161 189 -0.304972 0.203874 
7 -1.97934 -4.46413 190 -0.305578 -0.21747 
7 0.781169 -6.98961 200 0.119221 0.249379 
