-7 0.21307 2.3409 51 605.907 366.851 
-7 -1.78251 -2.62609 53 45.7954 145.782 
-7 -0.29883 -1.326 55 172.633 304.944 
-7 -0.441068 2.32778 56 594.119 288.718 
-7 -1.05185 -1.49538 60 159.901 220.917 
-7 -0.184126 -2.39523 62 47.836 318.261 
-7 -1.45394 1.58819 66 498.771 178.4 
-7 -1.07602 2.04225 70 552.996 218.124 
-7 -1.87164 2.51938 75 594.715 136.091 
-7 0.577231 -1.47952 76 146.385 411.961 
-7 -1.86155 -2.22478 77 89.3521 137.914 
-7 -1.9255 2.82609 83 626.779 130.724 
-7 -0.166603 0.216342 87 351.076 320.586 
-7 0.312724 -0.335245 92 285.779 378.738 
-7 -1.0576 1.73598 99 519.008 220.122 
