-1.97014 0.361326 7 3 -0.142326 0.190393 
-2.93389 0.906698 7 9 -0.415018 0.289084 
-2.14837 -1.21575 7 10 -0.116804 -0.279795 
-0.578608 0.00250695 7 11 0.306785 0.162439 
-0.39693 -1.00404 7 12 0.422303 -0.164625 
-3.28746 -0.347612 7 22 -0.440841 -0.0708506 
-2.84657 -0.836733 7 31 -0.314482 -0.190091 
-3.76175 1.7333 7 32 -0.63756 0.458461 
-2.21352 -0.0799941 7 33 -0.187527 0.0475584 
-4.02466 -0.174699 7 39 -0.608795 -0.0512252 
-3.22548 0.288125 7 40 -0.455096 0.10317 
-3.26615 1.27581 7 43 -0.508948 0.369477 
-2.70348 -0.732172 7 47 -0.283857 -0.15699 
