-5.21737 5.07065 -0.784054 2 27.0671 114.707 
-6.30704 4.44153 1.88748 3 212.533 383.377 
-7.56816 3.71342 -1.91336 13 309.002 8.12418 
-7.32861 3.85173 1.20236 16 302.794 297.002 
-8.8069 2.99824 -0.956076 24 403.703 105.876 
-8.89169 2.94928 -0.604829 26 409.15 133.728 
-7.27042 3.88532 -0.762006 28 287.2 121.375 
-5.58769 4.85685 -0.0889875 33 99.4438 200.864 
-4.90516 5.25091 0.957061 35 8.10418 342.07 
-9.15905 2.79493 1.33263 40 424.426 272.036 
-6.52013 4.31851 -0.668232 44 212.844 129.075 
-5.48126 4.9183 1.10702 45 102.581 336.641 
-8.69401 3.06342 -0.315471 46 396.746 154.304 
-5.40315 4.96339 -0.284863 49 67.2505 179.016 
-9.17118 2.78792 0.352843 50 423.544 203.07 
-6.99514 4.04426 0.162238 53 267.442 209.73 
-7.12929 3.9668 -0.413303 57 274.75 154.642 
-7.76282 3.60104 -1.23079 58 328.774 77.5757 
-9.06868 2.8471 0.616604 61 418.826 222.759 
-6.35552 4.41354 0.367926 65 203.012 239.437 
-8.32689 3.27537 0.102633 68 373.625 191.182 
-9.53193 2.57964 -0.151691 69 443.619 164.719 
-6.73615 4.19379 -0.772225 73 236.662 119.649 
-8.43422 3.2134 0.143156 79 380.938 192.806 
-7.01524 4.03265 0.767731 80 274.213 264.576 
-6.84889 4.1287 -1.69131 81 238.128 19.9365 
-8.57211 3.13379 0.696853 83 392.604 232.666 
-9.48597 2.60618 0.402373 91 443.503 203.809 
-7.84704 3.55241 -1.4571 93 333.437 56.8059 
-6.07518 4.57539 0.411442 94 173.768 248.656 
-6.7471 4.18746 0.728183 95 248.473 265.923 
-6.83682 4.13566 0.932129 96 257.828 281.37 
-8.21684 3.33891 0.855065 98 368.591 250.776 
-5.96131 4.64114 0.2828 99 154.71 236.78 
-5.72779 4.77596 -0.0479517 100 119.263 204.643 
-4.97487 5.21066 0.882942 102 20.4714 331.019 
-8.30606 3.2874 -0.374033 103 369.06 151.68 
-6.83515 4.13663 0.928504 104 258.182 280.861 
-9.49264 2.60233 0.71894 111 441.979 225.061 
-6.45698 4.35497 0.0373591 113 214.66 204.875 
-5.86459 4.69698 1.11578 115 152.955 326.17 
-5.82616 4.71917 1.05356 123 148.877 320.495 
-7.76272 3.6011 -1.33649 124 326.997 66.2342 
-9.4138 2.64784 -0.749638 127 440.946 123.429 
-6.48824 4.33692 0.602459 130 219.286 259.729 
-9.10665 2.82518 -0.067222 132 422.899 173.957 
-8.31486 3.28232 -0.998132 134 371.647 100.016 
-7.54306 3.72791 -0.636474 136 313.09 132.264 
-8.32648 3.27561 -0.916176 137 371.523 108.031 
-7.75055 3.60812 0.607921 138 334.972 236.633 
-8.89144 2.94943 -0.995818 139 410.687 102.564 
-8.50915 3.17015 -1.43562 142 381.324 64.2366 
-6.25679 4.47054 0.905937 144 197.663 295.193 
-8.55092 3.14603 -1.2267 145 386.926 84.4121 
-9.27136 2.73008 -1.79969 152 431.029 41.4413 
-5.45173 4.93535 -0.474326 153 74.1276 156.856 
-7.61388 3.68703 -1.43304 154 314.362 58.0649 
-8.81769 2.99201 -0.933105 158 403.873 109.245 
-5.18032 5.09204 -1.54133 165 1.59334 8.42736 
-5.69185 4.79671 -0.755463 167 103.737 118.662 
-6.08649 4.56887 1.43535 170 184.993 349.135 
-6.68884 4.2211 0.597207 171 240.584 256.686 
-7.21392 3.91795 1.54448 173 294.909 327.477 
-7.83448 3.55966 -0.735079 174 334.884 122.104 
-5.13805 5.11645 1.50194 175 61.0094 394.471 
-9.09008 2.83474 -1.5709 176 421.616 56.4676 
-6.73975 4.1917 -1.74479 178 227.456 13.7656 
-5.92197 4.66385 1.33939 179 162.196 346.248 
-5.55644 4.87489 1.22347 180 115.081 347.325 
-5.92731 4.66077 1.73781 182 169.609 384.946 
-5.70558 4.78878 -0.80519 184 107.558 115.358 
-7.69247 3.64165 -1.44056 186 321.448 55.7371 
-6.79289 4.16102 0.492295 190 250.543 241.484 
-8.58962 3.12368 -0.807997 201 391.331 117.355 
-9.31972 2.70216 0.881481 208 432.721 239.61 
-6.12407 4.54717 1.70161 211 190.784 373.625 
-6.59885 4.27306 -1.66716 216 212.615 19.9293 
-5.75689 4.75916 -1.40167 219 103.23 37.8928 
-7.86451 3.54233 1.45463 223 345.312 305.103 
-7.66224 3.65911 -1.56845 226 319.033 45.5791 
-7.55688 3.71994 1.11487 232 320.535 282.783 
-6.86074 4.12186 0.00652214 233 252.724 197.758 
-8.6765 3.07352 1.96596 234 398.614 325.187 
-5.83224 4.71566 -1.67191 237 112.415 5.90048 
-7.02658 4.02611 -1.06432 239 261.308 89.0273 
-8.03402 3.44446 -0.562411 242 352.064 135.606 
-8.14068 3.38288 -0.0878003 245 360.563 178.58 
-6.54441 4.30449 1.25315 248 230.004 318.583 
-9.1587 1.86333 -0.988996 253 499.387 97.382 
-8.41737 0.579321 1.27562 256 619.164 296.221 
-9.52122 2.49124 -1.0717 257 452.232 96.8609 
-8.93601 1.47762 -0.633868 259 532.931 122.111 
-9.30328 2.11375 1.73712 262 476.324 299.826 
-8.62862 0.94521 0.119044 265 584.188 189.08 
-9.05625 1.68588 -1.53396 267 517.578 49.4285 
-9.13681 1.82542 0.452008 276 499.832 211.516 
-8.62523 0.939344 -1.18054 287 589.894 66.899 
-8.648 0.978768 1.29878 299 572.277 290.074 
-8.641 0.966654 -0.16123 311 583.97 163.738 
-9.31057 2.12638 -0.0551822 313 478.147 170.536 
-8.81253 1.26375 -0.857651 325 554.253 101.596 
-8.52917 0.772963 -1.76171 342 614.688 1.64893 
-8.82998 1.29397 -1.283 359 551.735 62.4391 
-8.81299 1.26454 1.68087 370 545.379 312.992 
-8.43087 0.60269 -0.733047 375 629.781 105.479 
-9.0577 1.6884 -0.174837 377 513.007 161.975 
-9.37546 2.23878 -1.18001 383 468.169 84.7895 
-9.14202 1.83445 -1.39071 391 500.93 61.8622 
-9.48121 2.42194 -1.26659 396 456.302 80.8631 
-8.52092 0.758672 -1.7528 399 615.537 2.83769 
-9.44529 2.35972 -1.11888 402 459.521 92.1249 
-8.91993 1.44977 0.165011 413 535.085 190.1 
-9.51944 2.48816 0.340095 422 451.694 198.989 
-8.92471 1.45805 -1.88576 426 537.543 10.9056 
-9.40694 2.29329 1.83376 448 464.864 303.571 
-8.66593 1.00983 0.45259 465 573.706 219.349 
-9.45274 2.37263 -1.8729 469 461.112 32.2837 
-9.08866 1.74202 1.71988 475 502.34 307.49 
-8.78933 1.22356 1.82285 477 547.342 328.561 
-8.80838 1.25656 1.8581 487 545.657 327.933 
-9.2531 2.02685 -1.52478 488 487.979 53.9806 
-9.11496 1.78758 0.0633076 493 502 181.354 
-9.55916 2.55695 -0.634717 496 446.982 128.786 
-9.00888 1.60385 -0.973121 498 523.787 97.3459 
