-7 0.21307 2.3409 51 0.32029 0.330331 
-7 -0.503339 4.01391 52 0.672835 0.149274 
-7 -0.29883 -1.326 55 -0.636157 0.215612 
-7 -0.441068 2.32778 56 0.308028 0.1672 
-7 -1.05185 -1.49538 60 -0.665887 0.0124999 
-7 -1.45394 1.58819 66 0.127944 -0.0738187 
-7 -1.07602 2.04225 70 0.235185 0.0156559 
-7 -1.87164 2.51938 75 0.330848 -0.161531 
-7 -1.9255 2.82609 83 0.395333 -0.170881 
-7 -0.72299 3.2493 84 0.507038 0.0992047 
-7 -0.166603 0.216342 87 -0.20978 0.244487 
-7 0.312724 -0.335245 92 -0.364569 0.380021 
-7 -1.0576 1.73598 99 0.165064 0.0192701 
