-7 -0.29883 -1.326 55 488.255 156.919 
-7 0.46862 -2.98529 58 305.915 240.747 
-7 -1.05185 -1.49538 60 469.844 65.5324 
-7 -1.03485 -3.75523 61 231.371 88.596 
-7 -0.184126 -2.39523 62 364.372 172.731 
-7 1.26508 -0.184774 63 632.426 350.664 
-7 0.0943094 -5.21035 64 122.613 201.488 
-7 1.11392 -6.02536 65 75.2169 284.701 
-7 0.886694 -5.35798 67 117.252 269.411 
-7 1.34911 -4.82912 74 156.904 311.67 
-7 0.577231 -1.47952 76 466.029 258.757 
-7 0.694743 -5.33965 78 117.327 253.255 
-7 1.12101 -6.65735 79 37.2155 281.991 
-7 0.821262 -3.48263 80 261.495 273.055 
-7 -1.84392 -6.0007 85 55.1351 30.1089 
-7 1.69039 -1.92004 89 413.489 373.097 
-7 -0.295975 -5.19552 90 121.242 166.635 
-7 1.40697 -4.3308 91 194.235 320.555 
-7 0.312724 -0.335245 92 619.49 232.386 
-7 0.592834 -6.66606 94 32.7263 240.737 
-7 -1.56958 -3.12031 95 288.812 24.1374 
-7 -1.20087 -3.87679 97 220.069 72.3523 
-7 1.52805 -2.92335 98 313.38 344.905 
-7 -0.609874 -5.90804 100 70.5588 140.6 
