5.64257 -0.481715 -7 109 568.637 228.659 
6.30632 -1.54879 -7 115 505.197 161.098 
6.6867 0.183154 -7 127 502.49 297.101 
6.46481 -1.88245 -7 128 491.486 141.989 
6.08103 -0.977971 -7 134 527.67 198.009 
6.59087 -1.1778 -7 141 492.114 194.76 
6.26277 1.2623 -7 143 546.833 385.116 
6.4687 -1.97232 -7 149 490.224 135.898 
7 -0.0623122 -3.31422 152 216.789 288.048 
7 0.36994 -1.65205 155 9.43318 348.549 
7 -1.59791 -6.35011 157 430.616 170.58 
7 1.75895 -5.06184 159 381.214 451.918 
7 0.343459 -2.54532 160 132.333 336.404 
7 1.08732 -1.94397 162 49.6631 439.535 
7 0.863395 -4.44339 163 324.917 372.963 
7 -0.724268 -3.10497 165 193.385 221.25 
7 -0.863938 -6.09367 166 423.115 221.765 
7 1.33843 -4.95324 172 369.032 412.679 
7 0.759759 -5.08223 173 373.119 356.969 
7 -0.518283 -3.0968 179 193.106 241.754 
7 0.741437 -4.00824 180 286.806 365.451 
7 -0.563655 -4.89557 181 348.245 241.898 
7 0.831841 -5.58946 182 408.735 359.048 
7 1.69172 -5.79597 183 431.325 433.194 
7 0.0865561 -4.29161 189 306.632 299.709 
7 -1.97934 -4.46413 190 306.319 123.739 
7 0.781169 -6.98961 200 489.809 344.635 
