-3.17768 1.79522 -7 101 0.374081 0.322495 
-4.55559 -0.250499 -7 105 0.693152 -0.211036 
-2.11042 -0.0563179 -7 106 0.120683 -0.175879 
-0.235026 1.16667 -7 114 -0.475335 0.228059 
-0.0787955 1.33173 -7 116 -0.530953 0.287353 
-1.66978 1.93068 -7 118 -0.00777252 0.409514 
-3.56835 0.827876 -7 121 0.472338 0.0673002 
-2.10211 -0.684594 -7 129 0.121143 -0.37009 
-3.11373 -0.303232 -7 130 0.382002 -0.239102 
-1.59533 0.795126 -7 132 -0.0289417 0.082776 
-3.58737 1.4874 -7 135 0.468025 0.234632 
-0.615215 -0.161545 -7 146 -0.353841 -0.224104 
