7 0.36994 -1.65205 155 478.343 197.413 
7 0.947338 -0.351981 158 330.689 260.931 
7 0.343459 -2.54532 160 578.004 194.577 
7 -0.647617 -0.188366 161 312.909 74.3136 
7 1.08732 -1.94397 162 503.357 275.094 
7 0.725336 0.960833 171 182.425 237.108 
7 1.97211 0.0439567 176 287.881 365.278 
7 1.44234 0.716532 178 213.987 313.27 
7 -0.443496 -0.586995 184 360.478 100.497 
7 -1.20096 -0.713027 185 378.498 2.13036 
7 -0.746732 -0.782938 186 385.097 62.3243 
7 0.475489 2.44893 191 6.21854 208.997 
7 -1.07027 0.309808 197 250.813 18.0406 
7 1.83558 -1.14915 198 413.464 350.864 
