6.30632 -1.54879 -7 115 573.271 147.17 
6.6867 0.183154 -7 127 564.471 287.516 
6.46481 -1.88245 -7 128 558.663 127.153 
6.08103 -0.977971 -7 134 597.018 185.878 
6.59087 -1.1778 -7 141 557.165 181.998 
6.26277 1.2623 -7 143 610.202 378.947 
6.4687 -1.97232 -7 149 557.501 120.792 
7 -0.0623122 -3.31422 152 281.836 267.829 
7 0.36994 -1.65205 155 94.3575 317.442 
7 -1.59791 -6.35011 157 492.622 156.068 
7 1.75895 -5.06184 159 437.037 435.967 
7 0.343459 -2.54532 160 203.643 311.154 
7 1.08732 -1.94397 162 129.782 404.107 
7 0.863395 -4.44339 163 383.683 355.418 
7 -0.724268 -3.10497 165 260.48 201.922 
7 -0.863938 -6.09367 166 483.772 208.24 
7 1.33843 -4.95324 172 425.878 396.77 
7 0.759759 -5.08223 173 430.969 342.076 
7 -0.518283 -3.0968 179 260.07 221.956 
7 0.741437 -4.00824 180 347.191 346.176 
7 -0.563655 -4.89557 181 408.67 226.497 
7 0.831841 -5.58946 182 466.179 345.904 
7 1.69172 -5.79597 183 486.998 420.758 
7 0.0865561 -4.29161 189 367.159 282.575 
7 -1.97934 -4.46413 190 369.524 106.746 
7 0.781169 -6.98961 200 548.49 335.449 
