-7 0.21307 2.3409 51 0.467664 0.33997 
-7 -0.29883 -1.326 55 -0.478209 0.215225 
-7 -0.441068 2.32778 56 0.447559 0.171509 
-7 -1.05185 -1.49538 60 -0.504921 0.0210311 
-7 -1.45394 1.58819 66 0.253893 -0.0698654 
-7 -1.07602 2.04225 70 0.365982 0.018122 
-7 -1.87164 2.51938 75 0.456835 -0.159852 
-7 0.577231 -1.47952 76 -0.543756 0.46306 
-7 -1.86155 -2.22478 77 -0.66983 -0.174486 
-7 -1.9255 2.82609 83 0.522985 -0.170377 
-7 -0.72299 3.2493 84 0.654193 0.101901 
-7 -0.166603 0.216342 87 -0.0728676 0.246534 
-7 0.312724 -0.335245 92 -0.221271 0.379783 
-7 -1.0576 1.73598 99 0.294601 0.0222152 
