-7 0.46862 -2.98529 58 537.348 221.704 
-7 -1.03485 -3.75523 61 442.528 69.3596 
-7 -0.184126 -2.39523 62 612.625 139.872 
-7 0.0943094 -5.21035 64 328.237 197.032 
-7 1.11392 -6.02536 65 284.177 279.498 
-7 0.886694 -5.35798 67 324.998 263.11 
-7 1.34911 -4.82912 74 367.181 302.756 
-7 0.694743 -5.33965 78 324.556 247.526 
-7 1.12101 -6.65735 79 248.39 278.437 
-7 0.821262 -3.48263 80 483.519 259.244 
-7 -1.84392 -6.0007 85 256.72 41.7339 
-7 -0.295975 -5.19552 90 325.728 163.295 
-7 1.40697 -4.3308 91 407.681 310.675 
-7 0.592834 -6.66606 94 242.909 240.681 
-7 -1.20087 -3.87679 97 429.037 54.4392 
-7 1.52805 -2.92335 98 549.782 334.151 
-7 -0.609874 -5.90804 100 275.003 143.958 
-5.46333 -1.29075 -7 102 98.873 93.5448 
-4.55559 -0.250499 -7 105 27.1813 198.012 
-5.09885 0.316864 -7 107 92.5432 246.435 
-6.22725 1.4028 -7 110 190.874 313.165 
-5.05591 -0.451909 -7 117 75.5202 173.786 
-6.20015 -0.954561 -7 122 160.868 127.235 
-6.2831 -0.370457 -7 140 173.651 175.01 
-5.05277 -1.83336 -7 148 50.1368 33.5161 
-6.46998 0.52855 -7 150 195.641 243.182 
