-3.17768 1.79522 -7 101 0.165043 0.487686 
-5.46333 -1.29075 -7 102 0.674725 -0.219215 
-4.55559 -0.250499 -7 105 0.496541 -0.00771225 
-2.11042 -0.0563179 -7 106 -0.0496433 -0.00691069 
-5.09885 0.316864 -7 107 0.572169 0.126951 
-5.05591 -0.451909 -7 117 0.586865 -0.0439535 
-3.07632 -1.96878 -7 120 0.249873 -0.504132 
-3.56835 0.827876 -7 121 0.276453 0.242234 
-2.10211 -0.684594 -7 129 -0.0341626 -0.191488 
-3.11373 -0.303232 -7 130 0.209447 -0.051432 
-1.59533 0.795126 -7 132 -0.22371 0.23916 
-3.58737 1.4874 -7 135 0.262085 0.403322 
-0.615215 -0.161545 -7 146 -0.538288 -0.0834189 
-5.05277 -1.83336 -7 148 0.626186 -0.357872 
