-5.21737 5.07065 -0.784054 2 -0.331842 -0.263139 
-6.30704 4.44153 1.88748 3 0.0286496 0.300849 
-4.28285 5.6102 -0.35009 4 -0.64767 -0.111889 
-7.32861 3.85173 1.20236 16 0.209936 0.107007 
-4.55705 5.45189 0.173982 17 -0.506152 0.0304669 
-8.8069 2.99824 -0.956076 24 0.425534 -0.337065 
-8.89169 2.94928 -0.604829 26 0.435954 -0.269233 
-7.27042 3.88532 -0.762006 28 0.174335 -0.283977 
-5.58769 4.85685 -0.0889875 33 -0.196687 -0.0908022 
-4.90516 5.25091 0.957061 35 -0.353235 0.209956 
-9.15905 2.79493 1.33263 40 0.479194 0.0485214 
-4.01906 5.7625 0.688089 42 -0.684257 0.212909 
-6.52013 4.31851 -0.668232 44 0.0192249 -0.253322 
-5.48126 4.9183 1.10702 45 -0.18361 0.199876 
-8.69401 3.06342 -0.315471 46 0.416402 -0.215061 
-5.01404 5.18805 -1.36312 47 -0.427466 -0.428798 
-5.40315 4.96339 -0.284863 49 -0.258111 -0.130118 
-9.17118 2.78792 0.352843 50 0.475934 -0.11215 
-6.99514 4.04426 0.162238 53 0.136682 -0.083019 
-7.12929 3.9668 -0.413303 57 0.152441 -0.206545 
-7.76282 3.60104 -1.23079 58 0.258702 -0.390514 
-9.06868 2.8471 0.616604 61 0.468624 -0.0624155 
-4.59121 5.43217 1.87801 62 -0.410079 0.460553 
-6.35552 4.41354 0.367926 65 0.00959505 -0.0143161 
-8.32689 3.27537 0.102633 68 0.361692 -0.130357 
-9.53193 2.57964 -0.151691 69 0.516719 -0.200415 
-6.73615 4.19379 -0.772225 73 0.0635361 -0.281713 
-4.14277 5.69108 0.84443 78 -0.622935 0.247833 
-8.43422 3.2134 0.143156 79 0.382672 -0.132288 
-7.01524 4.03265 0.767731 80 0.150841 0.0360509 
-6.84889 4.1287 -1.69131 81 0.0726915 -0.499188 
-8.57211 3.13379 0.696853 83 0.397302 -0.0340449 
-4.32489 5.58593 1.53801 86 -0.517397 0.408288 
-9.48597 2.60618 0.402373 91 0.513839 -0.110248 
-7.84704 3.55241 -1.4571 93 0.272633 -0.430718 
-6.07518 4.57539 0.411442 94 -0.0527021 0.00387214 
-6.7471 4.18746 0.728183 95 0.0983663 0.0423184 
-6.83682 4.13566 0.932129 96 0.119889 0.0785882 
-8.21684 3.33891 0.855065 98 0.348014 0.00489346 
-5.96131 4.64114 0.2828 99 -0.0879065 -0.0181431 
-5.72779 4.77596 -0.0479517 100 -0.150203 -0.0884564 
-4.97487 5.21066 0.882942 102 -0.338641 0.180382 
-8.30606 3.2874 -0.374033 103 0.353782 -0.222278 
-6.83515 4.13663 0.928504 104 0.117127 0.0757872 
-9.49264 2.60233 0.71894 111 0.517238 -0.0578534 
-6.45698 4.35497 0.0373591 113 0.0208585 -0.08976 
-5.86459 4.69698 1.11578 115 -0.0883043 0.177496 
-4.62783 5.41102 -0.263344 122 -0.506694 -0.0976152 
-5.82616 4.71917 1.05356 123 -0.0969977 0.156973 
-7.76272 3.6011 -1.33649 124 0.255255 -0.407167 
-4.37657 5.55609 0.727218 125 -0.540313 0.19412 
-9.4138 2.64784 -0.749638 127 0.506896 -0.298311 
-6.48824 4.33692 0.602459 130 0.0392677 0.0319093 
-9.10665 2.82518 -0.067222 132 0.466624 -0.179953 
-8.31486 3.28232 -0.998132 134 0.345064 -0.335771 
-7.54306 3.72791 -0.636474 136 0.222675 -0.261886 
-8.32648 3.27561 -0.916176 137 0.356259 -0.324505 
-7.75055 3.60812 0.607921 138 0.275686 -0.0225865 
-8.89144 2.94943 -0.995818 139 0.434081 -0.343254 
-8.50915 3.17015 -1.43562 142 0.378343 -0.426504 
-6.25679 4.47054 0.905937 144 -0.00195891 0.10517 
-8.55092 3.14603 -1.2267 145 0.386236 -0.383931 
-9.27136 2.73008 -1.79969 152 0.484493 -0.489651 
-5.45173 4.93535 -0.474326 153 -0.240965 -0.185518 
-7.61388 3.68703 -1.43304 154 0.227592 -0.430809 
-8.81769 2.99201 -0.933105 158 0.425637 -0.329807 
-5.18032 5.09204 -1.54133 165 -0.373508 -0.481014 
-5.69185 4.79671 -0.755463 167 -0.189362 -0.266267 
-6.08649 4.56887 1.43535 170 -0.024934 0.225251 
-6.68884 4.2211 0.597207 171 0.081504 0.0125904 
-7.21392 3.91795 1.54448 173 0.196548 0.175476 
-7.83448 3.55966 -0.735079 174 0.281008 -0.283102 
-5.13805 5.11645 1.50194 175 -0.262422 0.314418 
-9.09008 2.83474 -1.5709 176 0.456792 -0.448998 
-6.73975 4.1917 -1.74479 178 0.0487503 -0.509589 
-5.92197 4.66385 1.33939 179 -0.0631051 0.216536 
-5.55644 4.87489 1.22347 180 -0.161584 0.217297 
-5.92731 4.66077 1.73781 182 -0.0535452 0.296797 
-5.70558 4.78878 -0.80519 184 -0.185165 -0.275216 
-7.69247 3.64165 -1.44056 186 0.243509 -0.430874 
-4.00147 5.77265 1.17768 189 -0.659662 0.35222 
-6.79289 4.16102 0.492295 190 0.1051 -0.00863073 
-8.58962 3.12368 -0.807997 201 0.39555 -0.305352 
-4.54546 5.45858 1.2223 207 -0.456743 0.300908 
-9.31972 2.70216 0.881481 208 0.495242 -0.02911 
-6.12407 4.54717 1.70161 211 -0.0141209 0.279928 
-4.20889 5.6529 1.89089 215 -0.540457 0.509929 
-6.59885 4.27306 -1.66716 216 0.0152538 -0.490406 
-5.75689 4.75916 -1.40167 219 -0.194308 -0.432586 
-4.56488 5.44737 -0.00874334 220 -0.518797 -0.0229917 
-7.86451 3.54233 1.45463 223 0.304967 0.12433 
-7.66224 3.65911 -1.56845 226 0.239161 -0.459771 
-7.55688 3.71994 1.11487 232 0.250191 0.0765293 
-6.86074 4.12186 0.00652214 233 0.107423 -0.109512 
-8.6765 3.07352 1.96596 234 0.418724 0.170224 
-5.83224 4.71566 -1.67191 237 -0.182985 -0.509218 
-7.02658 4.02611 -1.06432 239 0.122507 -0.3515 
-8.03402 3.44446 -0.562411 242 0.308312 -0.253491 
-4.83444 5.29174 -0.69456 244 -0.453445 -0.226275 
-8.14068 3.38288 -0.0878003 245 0.332098 -0.165244 
-6.54441 4.30449 1.25315 248 0.0683704 0.161371 
-9.1587 1.86333 -0.988996 253 0.667957 -0.37148 
-9.52122 2.49124 -1.0717 257 0.533033 -0.35951 
-9.30328 2.11375 1.73712 262 0.611276 0.111469 
-9.13681 1.82542 0.452008 276 0.666626 -0.0991679 
-9.31057 2.12638 -0.0551822 313 0.610557 -0.190199 
-9.37546 2.23878 -1.18001 383 0.585806 -0.389239 
-9.14202 1.83445 -1.39071 391 0.67293 -0.456258 
-9.48121 2.42194 -1.26659 396 0.549381 -0.403756 
-9.44529 2.35972 -1.11888 402 0.565733 -0.37282 
-9.51944 2.48816 0.340095 422 0.538111 -0.118091 
-9.40694 2.29329 1.83376 448 0.574007 0.120127 
-9.45274 2.37263 -1.8729 469 0.553792 -0.51516 
-9.08866 1.74202 1.71988 475 0.68266 0.12406 
-9.2531 2.02685 -1.52478 488 0.628995 -0.466319 
-9.11496 1.78758 0.0633076 493 0.678384 -0.171314 
-9.55916 2.55695 -0.634717 496 0.522765 -0.280466 
