-1.69835 7.10236 -1.49702 1 0.689714 -0.382131 
1.50492 8.95177 -1.01173 5 -0.165732 -0.0150547 
-0.0798114 8.03682 -1.36918 7 0.147576 -0.179167 
2.56137 9.56171 -1.26435 9 -0.321572 -0.0230206 
-1.18389 7.39938 -0.935763 10 0.508848 -0.154192 
-0.178643 7.97976 0.508014 11 0.249196 0.283476 
0.882168 8.59222 -0.707979 12 -0.041721 0.0245507 
0.899845 8.60243 -1.45278 14 -0.0712738 -0.13155 
-0.882633 7.57332 -1.15265 15 0.389618 -0.186245 
0.308716 8.26114 -0.602419 18 0.0826146 0.0237516 
-0.834292 7.60122 -0.745649 20 0.394593 -0.0774369 
1.53151 8.96712 0.925447 27 -0.11392 0.371399 
1.89409 9.17646 -0.898766 30 -0.220129 0.0205072 
1.20489 8.77855 1.35968 34 -0.0420892 0.467741 
0.643979 8.45471 0.172026 37 0.0351032 0.209664 
1.0009 8.66077 1.01151 39 -0.0159013 0.39711 
1.35417 8.86473 -1.19204 41 -0.143298 -0.0555839 
2.2299 9.37034 -1.63427 48 -0.281855 -0.0977851 
-0.421209 7.83972 -1.17149 54 0.248219 -0.155322 
-1.24468 7.36429 0.57792 55 0.619163 0.306057 
-0.449959 7.82312 -0.349133 56 0.292634 0.0551453 
1.11916 8.72905 0.11871 59 -0.0654967 0.199397 
2.502 9.52743 1.21213 60 -0.257227 0.41415 
0.976565 8.64672 0.659001 63 -0.0213856 0.3194 
2.48091 9.51526 -1.52748 64 -0.314054 -0.0752011 
1.84359 9.1473 -0.734752 70 -0.205465 0.0490619 
2.0992 9.29488 1.12901 72 -0.19705 0.404189 
2.43447 9.48845 -1.27169 74 -0.298593 -0.0281191 
0.772201 8.52873 0.816256 76 0.0278688 0.357925 
2.20527 9.35612 0.861552 89 -0.224254 0.352025 
0.17216 8.1823 0.981234 106 0.174886 0.403709 
-1.22592 7.37512 0.548265 107 0.613933 0.298923 
-0.30588 7.9063 0.0837691 108 0.269409 0.174816 
1.53832 8.97105 -0.336704 110 -0.149828 0.11712 
-0.383025 7.86176 0.22409 112 0.297694 0.205906 
1.39446 8.888 1.03195 114 -0.0896162 0.394086 
-0.803108 7.61923 -0.814071 117 0.378524 -0.0942618 
-0.964105 7.52628 0.885878 120 0.527314 0.39939 
1.68572 9.05615 0.970133 121 -0.140773 0.377897 
0.0926466 8.13639 -1.10015 128 0.115008 -0.103903 
-1.20685 7.38613 1.22507 129 0.650602 0.515003 
1.04442 8.6859 0.452906 133 -0.0368919 0.276678 
-1.33285 7.31338 0.696058 135 0.668831 0.348786 
-0.621084 7.72432 1.104 141 0.410137 0.456598 
2.0713 9.27877 -0.869126 143 -0.246017 0.0300412 
2.40916 9.47383 1.43867 146 -0.235847 0.456436 
-0.582336 7.74669 0.181318 147 0.356577 0.197617 
-0.447254 7.82468 0.726916 148 0.337586 0.347302 
-1.07075 7.46471 -0.23607 149 0.507882 0.0574096 
-0.106953 8.02115 -0.188349 150 0.199044 0.106509 
2.34296 9.43561 0.313575 151 -0.255218 0.251873 
1.8128 9.12952 -1.61907 155 -0.226135 -0.118287 
-1.34908 7.30401 -1.57982 156 0.535129 -0.366451 
1.66029 9.04147 -0.791988 162 -0.182934 0.0357511 
1.18573 8.76749 -1.30616 163 -0.117186 -0.0855191 
-0.717429 7.6687 0.357392 164 0.413874 0.241559 
0.0695622 8.12307 1.38063 169 0.219833 0.50859 
0.827608 8.56072 -0.196826 177 -0.0183366 0.129871 
0.817645 8.55497 1.17423 181 0.0285776 0.438754 
-1.43641 7.25359 -1.07042 183 0.604594 -0.218288 
-0.0741699 8.04008 -1.61407 185 0.135035 -0.236358 
-0.509556 7.78871 -1.73933 187 0.243226 -0.314568 
1.11154 8.72465 -0.22035 188 -0.0713631 0.133148 
-1.12203 7.4351 -0.763709 191 0.493632 -0.101495 
-0.560641 7.75922 -0.484044 192 0.315303 0.0163221 
-1.58921 7.16537 -1.2695 193 0.651951 -0.297909 
1.01143 8.66685 -1.03298 194 -0.0765293 -0.0427968 
-1.18082 7.40116 -1.11678 196 0.495128 -0.210319 
1.63059 9.02433 -0.54542 202 -0.166083 0.0814102 
-1.65507 7.12735 -1.39271 204 0.675278 -0.347105 
0.530427 8.38915 0.212413 206 0.0594187 0.214802 
-0.0829147 8.03503 0.967789 213 0.244474 0.40636 
-1.32904 7.31558 0.826885 214 0.674194 0.387293 
0.498224 8.37055 -0.257251 218 0.051484 0.112309 
-1.18272 7.40006 -0.335728 222 0.545273 0.0270517 
-1.58155 7.1698 -0.998108 227 0.669797 -0.213319 
0.842776 8.56948 1.16326 230 0.0259955 0.431173 
2.3848 9.45977 -0.140995 231 -0.26892 0.173568 
1.20088 8.77623 0.396294 235 -0.0679003 0.25822 
-0.177513 7.98042 -1.74127 236 0.158009 -0.273085 
-0.477256 7.80736 0.692004 238 0.348906 0.338348 
2.1672 9.33414 0.137181 241 -0.236518 0.220959 
2.5324 9.54499 -0.521146 243 -0.299701 0.107794 
0.34969 8.2848 -0.208161 246 0.0853725 0.11449 
2.29158 9.40595 0.467399 249 -0.2404 0.281232 
2.79672 9.15593 1.45335 762 -0.329154 0.492717 
3.17581 8.49933 -0.450529 776 -0.514774 0.146496 
2.96438 8.86554 -0.466828 778 -0.436133 0.133962 
2.91765 8.94648 -1.66232 783 -0.440781 -0.0929859 
2.7584 9.22231 -0.310632 792 -0.354645 0.151899 
2.74211 9.25053 -1.73828 813 -0.383466 -0.104244 
2.75988 9.21974 0.955628 841 -0.329957 0.389188 
3.12713 8.58365 0.949699 846 -0.461262 0.441096 
3.4808 7.97107 -1.62753 851 -0.682335 -0.10328 
3.11682 8.6015 1.29664 853 -0.448886 0.516445 
3.21408 8.43306 1.15774 858 -0.489919 0.505261 
3.27878 8.32099 -1.03834 860 -0.572264 0.0244213 
2.83011 9.0981 -0.827008 869 -0.392704 0.0608138 
2.74336 9.24836 0.533191 877 -0.331974 0.310239 
3.15471 8.53588 -0.806247 915 -0.51262 0.072051 
3.37491 8.15449 -1.18787 917 -0.620262 -0.0033361 
3.15548 8.53455 -1.95746 923 -0.539468 -0.160175 
2.665 9.38408 0.586617 924 -0.308965 0.306249 
3.45706 8.01219 0.602811 925 -0.625876 0.417744 
3.20202 8.45395 0.188458 931 -0.510442 0.285668 
2.78152 9.18227 -1.96749 936 -0.39732 -0.145935 
3.02515 8.76029 0.646829 955 -0.432103 0.366476 
2.99518 8.81219 -1.02389 956 -0.454424 0.0247085 
2.88729 8.99907 -0.922446 958 -0.415243 0.0461231 
2.80084 9.14881 -0.0563065 974 -0.366347 0.199606 
2.74799 9.24035 0.800252 981 -0.331122 0.356672 
