-7.4714 -1.05915 0.355818 260 -0.653242 -0.280969 
-6.64917 -2.4833 -0.440182 261 -0.239654 -0.469167 
-7.14741 -1.62032 1.76556 264 -0.491834 0.0870195 
-5.66157 -4.19387 -0.652214 270 0.323317 -0.496368 
-6.94006 -1.97946 1.55981 271 -0.39413 0.051268 
-5.23237 -4.93727 0.70564 274 0.506593 -0.0853021 
-6.17442 -3.3056 1.44019 275 -0.0208186 0.0603351 
-6.35803 -2.98756 0.146678 278 -0.0913305 -0.289538 
-6.14897 -3.34967 0.179673 281 0.0185885 -0.268096 
-6.80803 -2.20814 1.05615 282 -0.329828 -0.0700104 
-5.29126 -4.83526 1.87037 284 0.422092 0.210725 
-6.95343 -1.95631 1.29159 291 -0.397888 -0.0180334 
-6.93825 -1.9826 -0.53082 295 -0.390898 -0.504271 
-7.01036 -1.8577 1.45833 300 -0.432837 0.0171162 
-6.64642 -2.48807 1.41126 310 -0.252906 0.0279293 
-7.11395 -1.67828 -0.473701 317 -0.481567 -0.491228 
-4.92427 -5.47091 0.898447 318 0.669234 -0.0146646 
-7.53876 -0.942491 0.491179 328 -0.685698 -0.245404 
-5.70343 -4.12137 0.704539 329 0.247013 -0.106636 
-5.29142 -4.83499 -0.290764 343 0.526871 -0.365842 
-6.83154 -2.16742 0.486301 345 -0.336782 -0.214885 
-5.42884 -4.59697 1.28117 351 0.375242 0.0582653 
-5.82827 -3.90515 1.73075 357 0.146196 0.148021 
-7.13206 -1.6469 0.386525 358 -0.487589 -0.259345 
-7.24008 -1.45982 0.239176 360 -0.542328 -0.302307 
-6.57086 -2.61894 0.112404 367 -0.198589 -0.30556 
-6.73207 -2.33972 -0.455992 369 -0.277094 -0.475379 
-6.90193 -2.0455 0.150108 371 -0.375302 -0.311033 
-5.20485 -4.98493 0.860305 376 0.515587 -0.0374248 
-5.0994 -5.16757 -0.624233 381 0.657189 -0.466037 
-6.69448 -2.40482 0.483031 384 -0.266895 -0.213379 
-5.96156 -3.67428 1.39164 385 0.0917232 0.0578569 
-5.24676 -4.91235 0.215207 389 0.523056 -0.220807 
-4.97755 -5.37862 1.00983 392 0.63541 0.0125341 
-6.74479 -2.31769 0.740399 393 -0.299569 -0.145288 
-6.97577 -1.91761 -0.4901 401 -0.410819 -0.492486 
-7.52277 -0.970174 1.1088 406 -0.669572 -0.0888667 
-6.46686 -2.79907 -0.256321 409 -0.136458 -0.407652 
-6.97717 -1.91519 1.81959 414 -0.410723 0.105061 
-6.00176 -3.60464 0.426871 430 0.0966097 -0.191851 
-6.84225 -2.14887 1.74644 436 -0.347868 0.100681 
-5.16969 -5.04583 -0.141549 437 0.588897 -0.323446 
-6.48803 -2.7624 0.108587 442 -0.155268 -0.308943 
-7.28007 -1.39054 -0.1606 450 -0.558745 -0.413377 
-6.50928 -2.7256 -0.0902829 452 -0.167357 -0.364554 
-6.03331 -3.55 -0.591601 458 0.110339 -0.489974 
-7.48055 -1.0433 0.202815 459 -0.657084 -0.319236 
-6.65278 -2.47704 -0.576839 463 -0.233171 -0.506004 
-5.68074 -4.16068 0.111245 466 0.27607 -0.267848 
-7.42117 -1.14615 0.204588 467 -0.628491 -0.315404 
-5.94183 -3.70845 -0.699449 468 0.160741 -0.519978 
-6.23302 -3.2041 1.90527 471 -0.0591979 0.168737 
-5.14801 -5.08339 0.214391 472 0.581954 -0.215554 
-5.88723 -3.80302 -0.421933 473 0.185993 -0.438149 
-5.72951 -4.0762 -0.498216 489 0.278588 -0.452496 
-5.30136 -4.81777 0.489233 495 0.479302 -0.143652 
