-7 0.46862 -2.98529 58 0.581631 -0.0484294 
-7 -1.03485 -3.75523 61 0.36058 -0.379796 
-7 0.0943094 -5.21035 64 0.0996895 -0.0922332 
-7 1.11392 -6.02536 65 -0.00225303 0.0922574 
-7 0.886694 -5.35798 67 0.0901086 0.0542855 
-7 1.34911 -4.82912 74 0.184776 0.141924 
-7 0.694743 -5.33965 78 0.0896632 0.0196072 
-7 1.12101 -6.65735 79 -0.0818906 0.0910868 
-7 0.821262 -3.48263 80 0.455011 0.039337 
-7 -1.84392 -6.0007 85 -0.0515803 -0.421585 
-7 -0.295975 -5.19552 90 0.095231 -0.166034 
-7 1.40697 -4.3308 91 0.277864 0.158823 
-7 0.592834 -6.66606 94 -0.0919898 0.00798104 
-7 -1.20087 -3.87679 97 0.330058 -0.410857 
-7 1.52805 -2.92335 98 0.613453 0.209712 
-7 -0.609874 -5.90804 100 -0.0164621 -0.204641 
-5.46333 -1.29075 -7 102 -0.382502 -0.317358 
-4.55559 -0.250499 -7 105 -0.535225 -0.106155 
-5.09885 0.316864 -7 107 -0.406312 0.00452341 
-6.22725 1.4028 -7 110 -0.206523 0.162325 
-5.05591 -0.451909 -7 117 -0.435583 -0.151867 
-6.20015 -0.954561 -7 122 -0.258546 -0.240933 
-6.2831 -0.370457 -7 140 -0.234938 -0.138496 
-5.05277 -1.83336 -7 148 -0.475716 -0.445168 
-6.46998 0.52855 -7 150 -0.192908 0.0103975 
