-7 0.21307 2.3409 51 0.313329 0.327887 
-7 -0.503339 4.01391 52 0.665271 0.147269 
-7 -0.29883 -1.326 55 -0.64382 0.213438 
-7 -0.441068 2.32778 56 0.301456 0.165097 
-7 -1.05185 -1.49538 60 -0.673834 0.00995909 
-7 -1.45394 1.58819 66 0.121986 -0.0758855 
-7 -1.07602 2.04225 70 0.229025 0.0136738 
-7 -1.87164 2.51938 75 0.324985 -0.163429 
-7 -1.9255 2.82609 83 0.389424 -0.172707 
-7 -0.72299 3.2493 84 0.500187 0.097263 
-7 -0.166603 0.216342 87 -0.216328 0.242298 
-7 0.312724 -0.335245 92 -0.371401 0.377799 
-7 -1.0576 1.73598 99 0.158941 0.0172446 
