1.69792 -0.977731 -7 104 545.135 13.9844 
5.64257 -0.481715 -7 109 128.335 69.0072 
2.26927 0.767181 -7 111 412.179 250.877 
2.74139 -0.240151 -7 113 379.269 112.751 
4.50714 -1.04124 -7 119 220.171 12.7339 
2.98659 0.138239 -7 123 342.501 157.084 
4.46367 -0.542201 -7 125 215.407 66.7551 
6.6867 0.183154 -7 127 58.8896 123.452 
3.77354 -0.887468 -7 133 282.937 29.1079 
6.08103 -0.977971 -7 134 106.978 21.5779 
3.34213 1.4046 -7 137 279.736 296.56 
0.97797 0.750031 -7 138 608.834 290.75 
4.29646 -0.0380129 -7 139 220.763 121.801 
6.59087 -1.1778 -7 141 79.3277 4.12691 
4.8725 1.3091 -7 142 155.847 249.541 
6.26277 1.2623 -7 143 69.9566 220.528 
1.9715 1.13953 -7 144 441.229 308.703 
1.45576 0.553777 -7 145 534.195 245.136 
7 0.781169 -6.98961 200 35.6915 170.505 
