-4.80195 0.41523 7 21 569.783 211.029 
-5.92999 -1.73451 7 23 493.981 11.0998 
-5.37012 0.037908 7 24 521.83 171.207 
-5.21106 1.44812 7 29 520.536 299.757 
-5.40598 0.152698 7 30 517.631 181.615 
-5.875 -0.508694 7 36 487.047 122.227 
-5.59816 -0.619665 7 42 509.616 110.661 
-6.33365 0.109205 7 44 450.682 174.326 
-6.25916 0.145289 7 48 455.181 177.469 
-7 0.21307 2.3409 51 3.30367 167.317 
-7 -0.503339 4.01391 52 203.821 100.462 
-7 -0.64261 4.44771 54 244.172 91.6281 
-7 1.81819 2.50338 57 36.9446 352.222 
-7 0.78654 5.75191 68 337.338 224.059 
-7 -0.100249 4.19611 69 220.696 143.241 
-7 -0.527577 4.46053 71 245.074 103.218 
-7 -0.14175 5.47309 72 322.57 146.955 
-7 1.61955 6.53315 73 379.608 282.354 
-7 1.51818 2.67054 81 57.1903 316.725 
-7 0.883221 6.2108 82 364.951 230.243 
-7 -0.72299 3.2493 84 120.902 64.4715 
-7 1.48523 2.57162 86 44.1255 314.782 
-7 1.20864 2.59145 88 45.2434 283.945 
-7 1.46933 5.82185 93 338.942 276.775 
-7 -0.576654 5.65743 96 336.921 110.733 
