-7 0.21307 2.3409 51 355.406 304.353 
-7 -0.503339 4.01391 52 512.287 232.312 
-7 -0.64261 4.44771 54 548.499 220.096 
-7 -0.441068 2.32778 56 355.342 234.234 
-7 1.81819 2.50338 57 368.798 475.861 
-7 1.50288 1.91462 59 308.071 447.431 
-7 1.26508 -0.184774 63 51.457 440.25 
-7 -1.45394 1.58819 66 279.077 119.497 
-7 -0.100249 4.19611 69 527.123 271.839 
-7 -1.07602 2.04225 70 327.105 164.564 
-7 -0.527577 4.46053 71 549.407 231.118 
-7 -0.14175 5.47309 72 627.298 268.698 
-7 -1.87164 2.51938 75 377.299 84.0458 
-7 1.51818 2.67054 81 386.048 442.13 
-7 -1.9255 2.82609 83 407.271 81.8026 
-7 -0.72299 3.2493 84 445.017 207.95 
-7 1.48523 2.57162 86 376.276 439.489 
-7 -0.166603 0.216342 87 110.471 261.104 
-7 1.20864 2.59145 88 378.768 409.809 
-7 0.312724 -0.335245 92 33.6832 320.867 
-7 -1.0576 1.73598 99 294.366 164.502 
