-5.46333 -1.29075 -7 102 581.69 186.229 
-4.55559 -0.250499 -7 105 501.516 277.911 
-2.11042 -0.0563179 -7 106 250.8 273.678 
-5.09885 0.316864 -7 107 534.262 338.86 
-6.22725 1.4028 -7 110 594.389 440.269 
-0.689565 -1.47331 -7 112 59.7438 25.0261 
-5.05591 -0.451909 -7 117 541.993 262.524 
-3.07632 -1.96878 -7 120 396.035 55.2846 
-3.56835 0.827876 -7 121 398.994 390.103 
-6.20015 -0.954561 -7 122 623.147 228.088 
-1.05355 -1.5594 -7 126 125.043 29.2719 
-2.10211 -0.684594 -7 129 261.334 189.745 
-3.11373 -0.303232 -7 130 371.938 255.733 
-1.59533 0.795126 -7 132 162.827 387.108 
-3.58737 1.4874 -7 135 390.322 464.729 
-6.2831 -0.370457 -7 140 620.493 281.467 
-0.615215 -0.161545 -7 146 17.1875 233.522 
-5.05277 -1.83336 -7 148 561.298 125.211 
-6.46998 0.52855 -7 150 619.921 362.24 
