-6.33365 0.109205 7 44 619.322 152.867 
-6.25916 0.145289 7 48 625.07 156.211 
-7 0.21307 2.3409 51 201.841 121.186 
-7 -0.503339 4.01391 52 373.847 65.8382 
-7 -0.64261 4.44771 54 411.364 58.3133 
-7 -0.441068 2.32778 56 203 42.6874 
-7 1.81819 2.50338 57 213.11 294.673 
-7 1.50288 1.91462 59 148.261 263.957 
-7 0.78654 5.75191 68 487.335 200.154 
-7 -0.100249 4.19611 69 385.09 109.346 
-7 -0.527577 4.46053 71 411.103 70.0986 
-7 -0.14175 5.47309 72 480.548 118.715 
-7 1.61955 6.53315 73 523.638 265.701 
-7 1.51818 2.67054 81 231.843 263.963 
-7 0.883221 6.2108 82 514.188 209.197 
-7 -0.72299 3.2493 84 305.019 28.1593 
-7 1.48523 2.57162 86 221.721 260.807 
-7 1.20864 2.59145 88 225.089 232.275 
-7 1.46933 5.82185 93 483.633 255.162 
-7 -0.576654 5.65743 96 498.332 81.5395 
