5.64257 -0.481715 -7 109 441.538 250.426 
6.30632 -1.54879 -7 115 388.522 176.012 
4.50714 -1.04124 -7 119 527.652 179.952 
4.46367 -0.542201 -7 125 539.944 228.774 
6.6867 0.183154 -7 127 384.112 309.864 
6.46481 -1.88245 -7 128 376.698 154.727 
3.77354 -0.887468 -7 133 612.171 176.386 
6.08103 -0.977971 -7 134 407.419 215.772 
4.29646 -0.0380129 -7 139 566.098 278.907 
6.59087 -1.1778 -7 141 376.538 208.238 
4.8725 1.3091 -7 142 529.051 417.083 
6.26277 1.2623 -7 143 419.865 396.214 
6.4687 -1.97232 -7 149 375.659 148.312 
7 -0.0623122 -3.31422 152 68.7488 333.908 
7 -1.59791 -6.35011 157 316.674 182.666 
7 1.75895 -5.06184 159 258.541 477.631 
7 0.863395 -4.44339 163 197.755 407.978 
7 -0.724268 -3.10497 165 37.4261 261.305 
7 -0.863938 -6.09367 166 307.438 237.432 
7 1.33843 -4.95324 172 246.034 440.829 
7 0.759759 -5.08223 173 251.181 383.741 
7 -0.518283 -3.0968 179 37.5898 284.892 
7 0.741437 -4.00824 180 154.14 406.589 
7 -0.563655 -4.89557 181 224.958 266.579 
7 0.831841 -5.58946 182 289.247 380.377 
7 1.69172 -5.79597 183 311.13 450.12 
7 0.0865561 -4.29161 189 177.073 333.756 
7 -1.97934 -4.46413 190 176.851 139.53 
7 0.781169 -6.98961 200 372.527 354.326 
