-7 0.46862 -2.98529 58 504.613 226.744 
-7 -1.03485 -3.75523 61 413.828 74.7143 
-7 -0.184126 -2.39523 62 576.079 148.715 
-7 0.0943094 -5.21035 64 302.781 198.671 
-7 1.11392 -6.02536 65 260.149 279.477 
-7 0.886694 -5.35798 67 300.117 263.888 
-7 1.34911 -4.82912 74 341.517 303.285 
-7 0.694743 -5.33965 78 299.561 248.527 
-7 1.12101 -6.65735 79 224.754 277.962 
-7 0.821262 -3.48263 80 453.362 262.362 
-7 -1.84392 -6.0007 85 230.225 40.9851 
-7 -0.295975 -5.19552 90 300.049 165.109 
-7 1.40697 -4.3308 91 380.718 311.426 
-7 0.592834 -6.66606 94 218.847 240.448 
-7 -1.20087 -3.87679 97 400.683 59.4211 
-7 1.52805 -2.92335 98 515.927 335.371 
-7 -0.609874 -5.90804 100 249.654 144.598 
-5.46333 -1.29075 -7 102 67.8095 94.3949 
-5.09885 0.316864 -7 107 63.8593 250.25 
-6.22725 1.4028 -7 110 166.668 313.73 
-5.05591 -0.451909 -7 117 44.7048 177.104 
-6.20015 -0.954561 -7 122 133.299 127.357 
-6.2831 -0.370457 -7 140 147.225 175.564 
-5.05277 -1.83336 -7 148 15.0901 33.4646 
-6.46998 0.52855 -7 150 170.789 243.627 
