-1.69835 7.10236 -1.49702 1 -0.485209 -0.308051 
-5.21737 5.07065 -0.784054 2 0.679056 0.106104 
-4.28285 5.6102 -0.35009 4 0.346558 0.182027 
-2.36095 6.71981 0.0648834 6 -0.355898 0.20029 
-4.55705 5.45189 0.173982 17 0.421578 0.363114 
-3.41844 6.10927 -1.82689 21 0.109782 -0.297561 
-3.01817 6.34036 -1.63356 23 -0.0350611 -0.267601 
-2.57331 6.5972 -0.0115366 25 -0.27773 0.187693 
-2.71663 6.51445 0.575812 32 -0.265617 0.387888 
-3.74583 5.92025 -0.779907 36 0.176685 0.0210027 
-3.03012 6.33346 -0.976834 38 -0.0577944 -0.0785893 
-4.01906 5.7625 0.688089 42 0.205325 0.498169 
-5.01404 5.18805 -1.36312 47 0.627233 -0.0763394 
-2.14768 6.84294 -0.101629 51 -0.41925 0.130465 
-3.33545 6.15718 -0.435976 52 0.0179531 0.105526 
-3.617 5.99463 -1.57595 71 0.165106 -0.217547 
-4.04408 5.74805 -1.06717 77 0.287768 -0.0444219 
-3.86191 5.85323 -1.48589 82 0.244053 -0.173585 
-2.18179 6.82325 0.0567123 84 -0.422604 0.185551 
-2.31638 6.74554 0.814643 87 -0.428376 0.440752 
-4.13014 5.69837 -1.41351 88 0.332613 -0.142689 
-3.16889 6.25334 -1.4501 90 0.00800827 -0.204721 
-4.96883 5.21415 -1.7676 92 0.623343 -0.193954 
-3.51194 6.05528 0.00121058 101 0.0552475 0.245312 
-2.27819 6.76759 -0.186085 109 -0.371528 0.11216 
-4.62783 5.41102 -0.263344 122 0.456074 0.22935 
-4.73475 5.34929 -1.6572 126 0.540392 -0.1733 
-2.44383 6.67196 -0.385326 131 -0.298371 0.06099 
-2.20806 6.80808 -1.59639 140 -0.306859 -0.30349 
-1.34908 7.30401 -1.57982 156 -0.596122 -0.352341 
-2.79823 6.46735 0.492322 157 -0.22801 0.358686 
-3.75274 5.91626 -1.57757 159 0.209068 -0.210182 
-2.15233 6.84026 -0.0957294 160 -0.419544 0.133665 
-2.43306 6.67818 0.0756168 161 -0.329382 0.205031 
-5.18032 5.09204 -1.54133 165 0.686112 -0.11452 
-2.12399 6.85662 0.667081 166 -0.48899 0.378122 
-1.43641 7.25359 -1.07042 183 -0.604573 -0.199706 
-1.58921 7.16537 -1.2695 193 -0.537492 -0.248856 
-2.76342 6.48744 -1.86079 195 -0.104572 -0.344841 
-1.18082 7.40116 -1.11678 196 -0.690029 -0.232652 
-3.97857 5.78587 -1.48671 197 0.282173 -0.172068 
-3.48498 6.07085 0.402763 199 0.0310813 0.37376 
-2.50658 6.63573 -0.864936 203 -0.247659 -0.0780888 
-1.65507 7.12735 -1.39271 204 -0.508469 -0.277978 
-2.60244 6.58039 -0.419929 205 -0.240734 0.0611224 
-2.88473 6.41741 -0.980824 212 -0.111554 -0.0920412 
-2.20564 6.80948 0.351964 217 -0.431884 0.282207 
-4.56488 5.44737 -0.00874334 220 0.428939 0.306429 
-3.28265 6.18767 0.466932 221 -0.0484572 0.382398 
-1.831 7.02577 -0.964452 224 -0.470867 -0.146798 
-1.58155 7.1698 -0.998108 227 -0.56361 -0.174989 
-2.63039 6.56425 -0.0067306 240 -0.252277 0.191289 
-4.83444 5.29174 -0.69456 244 0.545289 0.111993 
-2.65581 6.54957 -0.244999 247 -0.232464 0.12027 
-3.8183 5.87841 -0.432496 250 0.18435 0.128838 
