7 -0.0623122 -3.31422 152 0.59136 -0.11614 
7 0.36994 -1.65205 155 0.204981 -0.0168756 
7 0.947338 -0.351981 158 -0.106437 0.118339 
7 0.343459 -2.54532 160 0.409199 -0.0228375 
7 -0.647617 -0.188366 161 -0.150478 -0.277234 
7 1.08732 -1.94397 162 0.260007 0.144303 
7 -0.724268 -3.10497 165 0.566437 -0.278178 
7 0.725336 0.960833 171 -0.435618 0.0696945 
7 1.97211 0.0439567 176 -0.197084 0.343602 
7 1.44234 0.716532 178 -0.362862 0.234341 
7 -0.518283 -3.0968 179 0.557803 -0.226808 
7 -0.443496 -0.586995 184 -0.0471732 -0.220687 
7 -1.20096 -0.713027 185 -0.0119092 -0.425396 
7 -0.746732 -0.782938 186 0.00409856 -0.299739 
7 -1.07027 0.309808 197 -0.287693 -0.398898 
7 1.83558 -1.14915 198 0.0743701 0.306516 
