5.64257 -0.481715 -7 109 549.761 232.647 
6.30632 -1.54879 -7 115 487.703 165.082 
6.6867 0.183154 -7 127 485.805 300.448 
6.46481 -1.88245 -7 128 474.225 145.946 
6.08103 -0.977971 -7 134 509.793 201.962 
6.59087 -1.1778 -7 141 475.126 198.505 
6.26277 1.2623 -7 143 529.444 388.012 
6.4687 -1.97232 -7 149 472.96 139.868 
7 -0.0623122 -3.31422 152 197.708 295.524 
7 -1.59791 -6.35011 157 414.149 174.523 
7 1.75895 -5.06184 159 365.174 457.596 
7 0.343459 -2.54532 160 110.799 346.108 
7 1.08732 -1.94397 162 25.0174 453.184 
7 0.863395 -4.44339 163 308.11 379.388 
7 -0.724268 -3.10497 165 173.554 228.121 
7 -0.863938 -6.09367 166 406.753 225.87 
7 1.33843 -4.95324 172 352.804 418.43 
7 0.759759 -5.08223 173 356.8 362.335 
7 -0.518283 -3.0968 179 173.306 248.926 
7 0.741437 -4.00824 180 269.387 372.577 
7 -0.563655 -4.89557 181 331.433 247.02 
7 0.831841 -5.58946 182 392.645 363.733 
7 1.69172 -5.79597 183 415.481 437.605 
7 0.0865561 -4.29161 189 289.403 305.867 
7 -1.97934 -4.46413 190 288.712 128.456 
7 0.781169 -6.98961 200 473.683 347.772 
