-2.36095 6.71981 0.0648834 6 445.215 154.615 
-3.05032 6.3218 1.27862 8 569.478 337.512 
-1.18389 7.39938 -0.935763 10 254.496 23.6155 
-0.178643 7.97976 0.508014 11 130.076 223.557 
0.882168 8.59222 -0.707979 12 4.00772 84.4071 
0.308716 8.26114 -0.602419 18 66.1298 90.768 
-2.78176 6.47686 1.65747 19 516.145 387.357 
-0.834292 7.60122 -0.745649 20 206.844 57.3237 
-2.65363 6.55083 1.42287 22 494.157 352.507 
-2.57331 6.5972 -0.0115366 25 483.767 141.412 
-1.29918 7.33282 1.56526 29 283.369 357.413 
-2.71663 6.51445 0.575812 32 508.094 230.654 
0.643979 8.45471 0.172026 37 38.1129 183.261 
1.0009 8.66077 1.01151 39 8.66095 278.622 
-1.4565 7.24199 0.969849 43 303.257 281.254 
-2.14768 6.84294 -0.101629 51 408.683 131.725 
-0.421209 7.83972 -1.17149 54 148.834 6.74723 
-1.24468 7.36429 0.57792 55 269.892 230.679 
-0.449959 7.82312 -0.349133 56 158.812 112.693 
0.976565 8.64672 0.659001 63 9.33895 238.225 
-1.42581 7.25971 0.982136 67 297.588 284.28 
-2.63329 6.56257 1.86537 75 491.794 412.61 
0.772201 8.52873 0.816256 76 31.806 256.773 
-2.18179 6.82325 0.0567123 84 414.617 154.157 
-1.81168 7.03693 1.23812 85 356.404 317.274 
-2.31638 6.74554 0.814643 87 439.989 262.476 
0.17216 8.1823 0.981234 106 95.7452 276.878 
-1.22592 7.37512 0.548265 107 268.347 226.466 
-0.30588 7.9063 0.0837691 108 143.2 169.185 
-2.27819 6.76759 -0.186085 109 429.818 117.11 
-0.383025 7.86176 0.22409 112 155.45 186.173 
-1.79023 7.04931 1.8524 116 354.557 397.985 
-0.803108 7.61923 -0.814071 117 199.919 44.8042 
-0.964105 7.52628 0.885878 120 233.894 269.759 
0.0926466 8.13639 -1.10015 128 87.1318 25.0309 
-1.20685 7.38613 1.22507 129 267.308 312.878 
-2.44383 6.67196 -0.385326 131 462.066 84.4168 
1.04442 8.6859 0.452906 133 2.17305 217.731 
-1.33285 7.31338 0.696058 135 284.322 244.748 
-0.621084 7.72432 1.104 141 188.403 294.812 
-0.582336 7.74669 0.181318 147 178.091 181.896 
-0.447254 7.82468 0.726916 148 166.812 249.006 
-1.07075 7.46471 -0.23607 149 242.552 121.366 
-0.106953 8.02115 -0.188349 150 119.177 135.995 
-2.79823 6.46735 0.492322 157 526.166 217.103 
-2.15233 6.84026 -0.0957294 160 409.505 131.822 
-2.43306 6.67818 0.0756168 161 457.932 154.547 
-0.717429 7.6687 0.357392 164 199.122 202.061 
-2.12399 6.85662 0.667081 166 403.596 242.168 
0.840218 8.568 1.74362 168 33.9999 353.759 
0.0695622 8.12307 1.38063 169 112.559 320.11 
-1.10514 7.44485 1.99159 172 259.665 403.299 
0.827608 8.56072 -0.196826 177 16.3818 144.377 
0.817645 8.55497 1.17423 181 29.1491 293.964 
-1.43641 7.25359 -1.07042 183 290.732 0.0295592 
-1.12203 7.4351 -0.763709 191 245.734 49.5802 
-0.560641 7.75922 -0.484044 192 174.286 95.6256 
-1.21876 7.37925 1.56713 198 271.218 356.471 
-2.46086 6.66212 1.43715 200 461.061 352.216 
-2.50658 6.63573 -0.864936 203 473.354 7.25357 
-2.60244 6.58039 -0.419929 205 490.74 75.062 
0.530427 8.38915 0.212413 206 49.4277 189.705 
-1.89242 6.99031 1.67854 209 370.252 377.916 
-2.75916 6.4899 1.6333 210 514.748 384.056 
-0.0829147 8.03503 0.967789 213 123.836 276.008 
-1.32904 7.31558 0.826885 214 283.599 263.727 
-2.20564 6.80948 0.351964 217 417.523 195.967 
0.498224 8.37055 -0.257251 218 50.3365 134.951 
-3.28265 6.18767 0.466932 221 621.758 211.145 
-1.18272 7.40006 -0.335728 222 257.209 107.613 
-1.831 7.02577 -0.964452 224 353.616 8.243 
-1.58155 7.1698 -0.998108 227 314.552 8.10914 
0.843826 8.57009 1.93717 228 36.1382 375.096 
-2.92339 6.39508 1.13342 229 545.167 312.388 
0.842776 8.56948 1.16326 230 29.9114 293.778 
-0.477256 7.80736 0.692004 238 169.899 242.85 
-2.63039 6.56425 -0.0067306 240 493.407 142.274 
0.34969 8.2848 -0.208161 246 66.5525 139.961 
-2.65581 6.54957 -0.244999 247 500.799 103.137 
