7 -1.49784 0.349314 151 103.966 36.6051 
7 -0.0623122 -3.31422 152 512.231 224.182 
7 0.36994 -1.65205 155 343.202 268.604 
7 0.947338 -0.351981 158 197.864 332.921 
7 0.343459 -2.54532 160 434.767 265.484 
7 -0.647617 -0.188366 161 176.463 149.536 
7 1.08732 -1.94397 162 370.111 342.229 
7 0.863395 -4.44339 163 602.862 313.915 
7 -0.724268 -3.10497 165 498.449 153.971 
7 0.725336 0.960833 171 34.9532 311.819 
7 1.33843 -4.95324 172 639.111 355.562 
7 1.97211 0.0439567 176 153.451 442.84 
7 1.44234 0.716532 178 70.5986 391.52 
7 -0.518283 -3.0968 179 495.746 176.034 
7 0.741437 -4.00824 180 566.926 303.291 
7 -0.443496 -0.586995 184 225.269 175.768 
7 -1.20096 -0.713027 185 240.908 84.7077 
7 -0.746732 -0.782938 186 248.834 140.565 
7 0.0865561 -4.29161 189 598.957 240.038 
7 -1.56385 -0.742436 193 244.856 39.2974 
7 -1.07027 0.309808 197 111.114 93.2546 
7 1.83558 -1.14915 198 285.253 420.603 
