5.64257 -0.481715 -7 109 413.088 246.87 
6.30632 -1.54879 -7 115 362.959 170.038 
4.50714 -1.04124 -7 119 497.961 180.338 
4.46367 -0.542201 -7 125 508.264 229.403 
6.6867 0.183154 -7 127 356.248 303.554 
6.46481 -1.88245 -7 128 351.719 147.926 
3.77354 -0.887468 -7 133 578.81 180.575 
6.08103 -0.977971 -7 134 380.683 210.882 
4.29646 -0.0380129 -7 139 531.574 279.775 
6.59087 -1.1778 -7 141 350.633 201.981 
4.8725 1.3091 -7 142 492.349 412.479 
6.26277 1.2623 -7 143 389.103 389.248 
6.4687 -1.97232 -7 149 350.807 141.362 
7 -0.0623122 -3.31422 152 30.2161 331.396 
7 -1.59791 -6.35011 157 290.675 175.12 
7 1.75895 -5.06184 159 227.139 470.55 
7 0.863395 -4.44339 163 165.486 403.458 
7 -0.863938 -6.09367 166 280.289 230.839 
7 1.33843 -4.95324 172 214.796 434.805 
7 0.759759 -5.08223 173 220.654 378.266 
7 0.741437 -4.00824 180 120.257 403.041 
7 -0.563655 -4.89557 181 194.712 261.013 
7 0.831841 -5.58946 182 259.573 374.189 
7 1.69172 -5.79597 183 280.711 442.277 
7 0.0865561 -4.29161 189 144.399 329.558 
7 -1.97934 -4.46413 190 145.01 130.453 
7 0.781169 -6.98961 200 344.236 346.942 
