-3.11304 -8.60806 -1.9166 254 0.5655 -0.308249 
-3.48222 -7.96863 1.84681 255 0.571625 0.501738 
-3.07463 -8.67459 -1.54793 266 0.590387 -0.238154 
-2.72709 -9.27655 -1.48729 269 0.694234 -0.227002 
-5.66157 -4.19387 -0.652214 270 -0.545666 0.0670316 
-5.67473 -4.17108 -1.85136 273 -0.590398 -0.278604 
-5.23237 -4.93727 0.70564 274 -0.2437 0.417813 
-3.88769 -7.26632 -1.50954 277 0.312616 -0.217345 
-4.24528 -6.64697 0.694015 279 0.241149 0.307628 
-5.01096 -5.32075 -0.777348 280 -0.168863 -0.00710348 
-3.32874 -8.23445 -1.42324 285 0.511705 -0.207101 
-3.49888 -7.93976 0.772929 286 0.527182 0.264263 
-5.29575 -4.82749 -1.96199 288 -0.359386 -0.31036 
-4.95189 -5.42307 -0.262658 289 -0.122267 0.125726 
-4.9932 -5.35153 -1.23628 292 -0.173369 -0.12903 
-3.44968 -8.02497 0.167007 293 0.524514 0.126876 
-3.22332 -8.41705 1.89644 304 0.654193 0.481182 
-3.93868 -7.178 -1.57121 306 0.290885 -0.226232 
-5.13363 -5.10828 -1.10309 312 -0.243535 -0.0874615 
-3.32508 -8.2408 -1.51403 315 0.514242 -0.223777 
-3.63057 -7.71167 -1.43695 316 0.40742 -0.204013 
-4.92427 -5.47091 0.898447 318 -0.0681197 0.434378 
-4.81248 -5.66455 -1.64507 319 -0.0921692 -0.233275 
-3.09129 -8.64573 1.79249 320 0.692323 0.443946 
-4.10365 -6.89227 -1.45523 322 0.231399 -0.198715 
-3.06428 -8.69251 -0.666718 324 0.619185 -0.0620789 
-4.30377 -6.54565 0.385968 326 0.205916 0.237625 
-5.23373 -4.93491 -1.84234 327 -0.319341 -0.276114 
-5.70343 -4.12137 0.704539 329 -0.539683 0.484535 
-4.07384 -6.9439 0.0649336 330 0.294184 0.143241 
-4.85494 -5.591 -1.94807 331 -0.126567 -0.308167 
-3.49997 -7.93787 0.446165 333 0.51338 0.188153 
-3.35488 -8.18918 1.50964 334 0.598137 0.406849 
-5.49704 -4.47884 -1.16972 335 -0.457144 -0.0883695 
-4.50583 -6.19567 0.376914 336 0.115754 0.253356 
-4.09708 -6.90364 0.281542 338 0.28668 0.202276 
-3.77569 -7.46032 0.825581 340 0.428386 0.297608 
-4.16753 -6.78163 0.981089 341 0.283445 0.363857 
-5.29142 -4.83499 -0.290764 343 -0.311238 0.146383 
-4.78378 -5.71426 0.966713 344 0.0047732 0.430311 
-3.62005 -7.72989 0.845456 350 0.488731 0.286919 
-4.2793 -6.58803 -1.32765 353 0.158929 -0.170007 
-5.36533 -4.70697 -0.794508 356 -0.368782 0.00830053 
-3.10287 -8.62567 -0.357131 361 0.617147 0.00189622 
-4.93982 -5.44397 -1.05261 362 -0.139281 -0.0829468 
-3.98712 -7.09411 0.170839 364 0.327868 0.162775 
-4.44212 -6.30602 -1.20213 365 0.0915451 -0.137731 
-3.32955 -8.23305 -1.41411 368 0.510504 -0.205475 
-5.20485 -4.98493 0.860305 376 -0.226381 0.462687 
-5.40008 -4.64678 -1.78435 379 -0.413557 -0.262344 
-5.0994 -5.16757 -0.624233 381 -0.208973 0.0360895 
-3.72571 -7.54688 0.335972 382 0.436957 0.183904 
-3.02092 -8.76762 -1.67324 386 0.600648 -0.259686 
-5.24676 -4.91235 0.215207 389 -0.267803 0.280731 
-3.14704 -8.54917 1.54174 390 0.668486 0.397391 
-4.97755 -5.37862 1.00983 392 -0.095072 0.469298 
-4.85021 -5.5992 -1.40794 394 -0.102572 -0.177441 
-5.6307 -4.24734 -0.845678 398 -0.532022 0.0100395 
-3.18967 -8.47533 1.85927 400 0.666478 0.472932 
-3.33676 -8.22056 -0.399899 404 0.542482 0.0009999 
-3.20418 -8.4502 0.757211 405 0.623649 0.234619 
-3.32846 -8.23494 1.89335 407 0.619673 0.491498 
-4.67743 -5.89845 0.0191106 408 0.0269604 0.173821 
-4.7162 -5.8313 -1.22464 411 -0.0321085 -0.13412 
-3.05904 -8.70159 0.925619 412 0.676072 0.257934 
-4.24744 -6.64321 -1.92173 418 0.159025 -0.306378 
-4.59318 -6.04438 0.332137 419 0.074706 0.249094 
-5.68549 -4.15243 -1.43883 421 -0.585894 -0.16101 
-3.28794 -8.30512 -0.582867 425 0.556438 -0.0366156 
-4.10084 -6.89714 -0.211774 427 0.271253 0.0845861 
-3.57786 -7.80296 1.13653 429 0.517201 0.349463 
-4.2527 -6.63411 -0.951124 431 0.183278 -0.0838601 
-4.54469 -6.12836 -1.52013 432 0.0358957 -0.208153 
-3.71801 -7.56021 -1.73791 433 0.371255 -0.270175 
-5.71018 -4.10968 -1.61545 434 -0.606305 -0.205754 
-2.84073 -9.07972 -1.27039 435 0.669002 -0.183498 
-5.16969 -5.04583 -0.141549 437 -0.233012 0.1746 
-4.68557 -5.88436 -1.8811 438 -0.0356829 -0.29549 
-4.8407 -5.61566 -0.0396453 440 -0.0538581 0.172045 
-5.69392 -4.13784 -0.92901 443 -0.578964 -0.0107117 
-4.21563 -6.69831 -0.927394 445 0.196912 -0.0727781 
-4.75369 -5.76637 0.970583 446 0.0227552 0.430035 
-4.02746 -7.02424 -1.63148 447 0.255039 -0.24271 
-2.97704 -8.84361 -0.559065 449 0.648879 -0.0429058 
-4.46089 -6.27351 1.45209 451 0.169806 0.520164 
-3.13049 -8.57784 0.930095 453 0.652204 0.26873 
-2.83311 -9.09292 -0.904736 454 0.681083 -0.112526 
-3.07985 -8.66554 0.939564 456 0.66954 0.268333 
-5.32858 -4.77062 -1.23715 462 -0.356885 -0.111786 
-5.60301 -4.2953 -1.17858 464 -0.527494 -0.0883866 
-5.68074 -4.16068 0.111245 466 -0.54383 0.298165 
-4.41902 -6.34603 0.58457 470 0.158894 0.295804 
-5.14801 -5.08339 0.214391 472 -0.208646 0.273541 
-5.88723 -3.80302 -0.421933 473 -0.695173 0.161629 
-4.6459 -5.95307 0.77707 474 0.0663007 0.366576 
-3.62908 -7.71426 0.283949 480 0.464394 0.16245 
-4.72984 -5.80768 1.01961 483 0.0272949 0.440649 
-3.75747 -7.49188 -0.114405 484 0.403477 0.0861284 
-5.72951 -4.0762 -0.498216 489 -0.58799 0.120008 
-4.07094 -6.94893 1.07534 490 0.325679 0.376824 
-4.92481 -5.46997 -1.54112 491 -0.143844 -0.204435 
-3.63585 -7.70252 0.600044 494 0.475688 0.23501 
-5.30136 -4.81777 0.489233 495 -0.289823 0.366158 
-3.6271 -7.71768 0.36592 497 0.47014 0.182009 
-3.46213 -8.00341 0.473249 499 0.528638 0.190942 
-3.9326 -7.18855 1.52347 500 0.395065 0.474964 
