-7 -1.03485 -3.75523 61 0.678922 -0.283917 
-7 0.0943094 -5.21035 64 0.359114 0.00707905 
-7 1.11392 -6.02536 65 0.228202 0.19755 
-7 0.886694 -5.35798 67 0.338319 0.161895 
-7 1.34911 -4.82912 74 0.447083 0.265219 
-7 0.694743 -5.33965 78 0.340145 0.12452 
-7 1.12101 -6.65735 79 0.138373 0.191522 
-7 -1.84392 -6.0007 85 0.216303 -0.313399 
-7 -0.295975 -5.19552 90 0.358647 -0.068575 
-7 1.40697 -4.3308 91 0.563357 0.291986 
-7 0.592834 -6.66606 94 0.135272 0.103983 
-7 -1.20087 -3.87679 97 0.642733 -0.313691 
-7 -0.609874 -5.90804 100 0.236661 -0.108194 
-3.17768 1.79522 -7 101 -0.592705 0.459916 
-5.46333 -1.29075 -7 102 -0.0958227 -0.238627 
-4.55559 -0.250499 -7 105 -0.2454 -0.0666751 
-5.09885 0.316864 -7 107 -0.15155 0.0554248 
-6.22725 1.4028 -7 110 0.00883414 0.247902 
-5.05591 -0.451909 -7 117 -0.157982 -0.0958276 
-3.56835 0.827876 -7 121 -0.470398 0.178843 
-6.20015 -0.954561 -7 122 0.00117125 -0.155884 
-3.11373 -0.303232 -7 130 -0.588043 -0.120142 
-3.58737 1.4874 -7 135 -0.470676 0.349934 
-6.2831 -0.370457 -7 140 0.0121529 -0.0570555 
-5.05277 -1.83336 -7 148 -0.157484 -0.35754 
-6.46998 0.52855 -7 150 0.0358668 0.0945772 
