-7 0.21307 2.3409 51 255.589 174.11 
-7 -0.503339 4.01391 52 419.756 114.198 
-7 -0.64261 4.44771 54 456.352 105.218 
-7 -0.441068 2.32778 56 257.506 100.427 
-7 1.81819 2.50338 57 264.44 341.467 
-7 1.50288 1.91462 59 203.446 312.563 
-7 0.78654 5.75191 68 534.855 241.133 
-7 -0.100249 4.19611 69 431.128 155.505 
-7 -1.07602 2.04225 70 228.168 20.0848 
-7 -0.527577 4.46053 71 456.243 116.539 
-7 -0.14175 5.47309 72 526.203 160.675 
-7 1.61955 6.53315 73 573.863 306.493 
-7 1.51818 2.67054 81 282.655 310.889 
-7 0.883221 6.2108 82 562.587 249.405 
-7 -0.72299 3.2493 84 353.385 81.8666 
-7 1.48523 2.57162 86 272.996 308 
-7 1.20864 2.59145 88 276.46 280.045 
-7 1.46933 5.82185 93 532.293 296.658 
-7 -0.576654 5.65743 96 543.312 123.55 
-7 -1.0576 1.73598 99 191.11 15.6728 
