1.50492 8.95177 -1.01173 5 0.226894 -0.12411 
-0.0798114 8.03682 -1.36918 7 0.640078 -0.250905 
2.56137 9.56171 -1.26435 9 0.0604894 -0.152197 
-0.178643 7.97976 0.508014 11 0.636392 0.25746 
0.882168 8.59222 -0.707979 12 0.354562 -0.068393 
0.899845 8.60243 -1.45278 14 0.358189 -0.230413 
0.308716 8.26114 -0.602419 18 0.501319 -0.046807 
1.53151 8.96712 0.925447 27 0.185085 0.252745 
1.89409 9.17646 -0.898766 30 0.156417 -0.10249 
1.20489 8.77855 1.35968 34 0.238179 0.364996 
0.643979 8.45471 0.172026 37 0.387148 0.132368 
1.0009 8.66077 1.01151 39 0.285378 0.302967 
1.35417 8.86473 -1.19204 41 0.254822 -0.167205 
2.2299 9.37034 -1.63427 48 0.112943 -0.227292 
1.11916 8.72905 0.11871 59 0.279224 0.103736 
2.502 9.52743 1.21213 60 0.0240944 0.259719 
0.976565 8.64672 0.659001 63 0.298203 0.223086 
2.48091 9.51526 -1.52748 64 0.0780576 -0.203594 
1.84359 9.1473 -0.734752 70 0.161922 -0.0720828 
2.0992 9.29488 1.12901 72 0.0853273 0.264389 
2.43447 9.48845 -1.27169 74 0.0805125 -0.157991 
0.772201 8.52873 0.816256 76 0.346469 0.271304 
2.20527 9.35612 0.861552 89 0.0718046 0.212475 
0.17216 8.1823 0.981234 106 0.508487 0.359102 
-0.30588 7.9063 0.0837691 108 0.692789 0.144237 
1.53832 8.97105 -0.336704 110 0.206195 0.00337166 
1.39446 8.888 1.03195 114 0.206642 0.283125 
1.29458 8.83033 1.97538 118 0.206924 0.487408 
1.68572 9.05615 0.970133 121 0.155685 0.257521 
0.0926466 8.13639 -1.10015 128 0.575248 -0.178874 
1.04442 8.6859 0.452906 133 0.296019 0.179161 
2.0713 9.27877 -0.869126 143 0.125846 -0.0917714 
2.40916 9.47383 1.43867 146 0.0321767 0.304791 
-0.106953 8.02115 -0.188349 150 0.624656 0.0645166 
2.34296 9.43561 0.313575 151 0.0626796 0.10951 
1.8128 9.12952 -1.61907 155 0.17984 -0.234443 
1.66029 9.04147 -0.791988 162 0.197341 -0.0801984 
1.18573 8.76749 -1.30616 163 0.292463 -0.189776 
0.840218 8.568 1.74362 168 0.315099 0.481925 
0.0695622 8.12307 1.38063 169 0.534766 0.476177 
0.827608 8.56072 -0.196826 177 0.353948 0.0427985 
0.817645 8.55497 1.17423 181 0.329172 0.351952 
-0.0741699 8.04008 -1.61407 185 0.640883 -0.311383 
1.11154 8.72465 -0.22035 188 0.287354 0.0326141 
1.01143 8.66685 -1.03298 194 0.326258 -0.136529 
1.63059 9.02433 -0.54542 202 0.19754 -0.0362566 
0.530427 8.38915 0.212413 206 0.42337 0.144971 
-0.0829147 8.03503 0.967789 213 0.592569 0.37966 
0.498224 8.37055 -0.257251 218 0.438544 0.0301581 
1.50761 8.95332 1.78202 225 0.169654 0.424731 
0.842776 8.56948 1.16326 230 0.320502 0.346437 
2.3848 9.45977 -0.140995 231 0.0680891 0.0306283 
1.20088 8.77623 0.396294 235 0.25695 0.159288 
-0.177513 7.98042 -1.74127 236 0.679498 -0.350067 
2.1672 9.33414 0.137181 241 0.0940298 0.0835152 
2.5324 9.54499 -0.521146 243 0.0529987 -0.0323006 
0.34969 8.2848 -0.208161 246 0.478767 0.0492357 
2.29158 9.40595 0.467399 249 0.0690443 0.143582 
4.31342 6.52894 -1.60055 753 -0.592233 -0.447891 
3.95041 7.15768 -0.115486 754 -0.437124 -0.0229142 
4.31954 6.51834 0.440036 760 -0.667884 0.100269 
2.79672 9.15593 1.45335 762 -0.0457508 0.303135 
3.65369 7.67162 -0.409443 763 -0.295938 -0.0729847 
3.63308 7.70731 -0.253667 767 -0.29137 -0.0327917 
3.94821 7.16151 -0.305332 771 -0.432889 -0.0688949 
3.17581 8.49933 -0.450529 776 -0.119459 -0.0559017 
2.96438 8.86554 -0.466828 778 -0.0545434 -0.043579 
3.01964 8.76982 1.66075 782 -0.117239 0.352813 
2.91765 8.94648 -1.66232 783 -0.0201134 -0.252723 
4.09862 6.90098 -0.651429 789 -0.494187 -0.167556 
3.94393 7.16891 1.20445 790 -0.477238 0.297274 
2.7584 9.22231 -0.310632 792 -0.00797243 -0.00508596 
4.05686 6.97332 -1.81735 802 -0.436833 -0.442789 
3.73411 7.53233 -1.49404 804 -0.301773 -0.313165 
3.68413 7.6189 -0.207288 807 -0.309835 -0.031798 
2.74211 9.25053 -1.73828 813 0.024467 -0.250938 
3.75485 7.49641 -1.09591 823 -0.317928 -0.231532 
3.57856 7.80176 -0.875216 840 -0.254401 -0.165996 
2.75988 9.21974 0.955628 841 -0.0292501 0.214707 
3.12713 8.58365 0.949699 846 -0.138193 0.220415 
4.15625 6.80116 -0.0422045 847 -0.552789 -0.0218456 
3.4808 7.97107 -1.62753 851 -0.197226 -0.309958 
3.61746 7.73437 -1.94874 852 -0.240032 -0.395875 
3.11682 8.6015 1.29664 853 -0.13897 0.286299 
3.59494 7.77338 0.739111 854 -0.299019 0.175021 
3.21408 8.43306 1.15774 858 -0.168483 0.263654 
3.63106 7.71081 -1.67758 859 -0.256141 -0.341405 
3.27878 8.32099 -1.03834 860 -0.14391 -0.171114 
4.3546 6.4576 0.374594 864 -0.681886 0.0810513 
4.06751 6.95487 -1.6458 865 -0.451513 -0.402549 
3.50474 7.92962 1.97827 867 -0.293144 0.448526 
2.83011 9.0981 -0.827008 869 -0.0133405 -0.100845 
3.62176 7.72692 0.659348 870 -0.306885 0.166753 
4.25903 6.62315 1.93355 875 -0.681457 0.51289 
4.41808 6.34766 -1.43643 876 -0.659181 -0.419037 
2.74336 9.24836 0.533191 877 -0.0141778 0.142029 
3.47475 7.98155 1.30736 888 -0.267233 0.299329 
3.96207 7.13749 -0.131759 891 -0.444094 -0.0276675 
4.38822 6.39938 -1.26668 892 -0.642587 -0.372293 
3.79506 7.42677 -1.15471 899 -0.333739 -0.247771 
4.24153 6.65346 -1.08896 903 -0.565091 -0.298119 
4.24347 6.65009 0.760465 912 -0.624351 0.188043 
3.15471 8.53588 -0.806247 915 -0.106911 -0.115862 
3.62319 7.72445 -0.430218 916 -0.278942 -0.073778 
3.37491 8.15449 -1.18787 917 -0.170965 -0.2097 
3.88292 7.27458 0.732852 918 -0.430741 0.17856 
3.5513 7.84897 1.93783 920 -0.31461 0.440309 
3.89561 7.2526 -0.984565 922 -0.385451 -0.222642 
3.15548 8.53455 -1.95746 923 -0.0867149 -0.334523 
2.665 9.38408 0.586617 924 0.00609835 0.148947 
3.45706 8.01219 0.602811 925 -0.241852 0.149624 
3.20202 8.45395 0.188458 931 -0.14461 0.0714969 
2.78152 9.18227 -1.96749 936 0.0229926 -0.289424 
3.59191 7.77864 1.36064 942 -0.316597 0.314183 
3.89811 7.24827 1.30532 954 -0.45557 0.319899 
3.02515 8.76029 0.646829 955 -0.0997415 0.157071 
2.99518 8.81219 -1.02389 956 -0.0488506 -0.142552 
2.88729 8.99907 -0.922446 958 -0.0305702 -0.11799 
4.28105 6.58501 -0.348295 969 -0.613824 -0.112326 
4.4012 6.3769 -1.37641 973 -0.650355 -0.402075 
2.80084 9.14881 -0.0563065 974 -0.0236308 0.0388613 
4.12313 6.85854 -0.122495 977 -0.525984 -0.0363145 
2.74799 9.24035 0.800252 981 -0.0206024 0.187764 
4.26624 6.61065 0.689474 996 -0.643862 0.172443 
