-2.11042 -0.0563179 -7 106 0.593327 -0.208626 
-0.235026 1.16667 -7 114 0.0737428 0.308761 
-0.0787955 1.33173 -7 116 0.0339036 0.372996 
-1.66978 1.93068 -7 118 0.578685 0.453965 
0.474792 -0.485198 -7 124 -0.269103 -0.183737 
-2.10211 -0.684594 -7 129 0.551571 -0.410276 
-1.59533 0.795126 -7 132 0.484545 0.0973744 
1.03314 -1.58354 -7 136 -0.532125 -0.514199 
0.97797 0.750031 -7 138 -0.352577 0.257061 
1.9715 1.13953 -7 144 -0.660017 0.455965 
1.45576 0.553777 -7 145 -0.526298 0.225638 
-0.615215 -0.161545 -7 146 0.110133 -0.147829 
0.206379 -1.0164 -7 147 -0.215942 -0.376552 
