7 -0.0623122 -3.31422 152 635.429 164.816 
7 0.36994 -1.65205 155 450.278 212.114 
7 0.947338 -0.351981 158 305.104 274.763 
7 0.343459 -2.54532 160 547.079 209.383 
7 -0.647617 -0.188366 161 286.152 90.5607 
7 1.08732 -1.94397 162 475.271 287.997 
7 -0.724268 -3.10497 165 624.652 87.1195 
7 0.725336 0.960833 171 156.066 251.563 
7 1.97211 0.0439567 176 263.071 378.256 
7 1.44234 0.716532 178 188.455 327.235 
7 -0.518283 -3.0968 179 620.057 111.829 
7 -0.443496 -0.586995 184 333.597 116.681 
7 -1.20096 -0.713027 185 350.752 20.1606 
7 -0.746732 -0.782938 186 357.69 79.3348 
7 -1.07027 0.309808 197 223.681 34.3788 
7 1.83558 -1.14915 198 387.711 362.856 
