-4.80195 0.41523 7 21 534.283 236.269 
-5.92999 -1.73451 7 23 454.632 42.1414 
-5.37012 0.037908 7 24 487.43 197.206 
-5.21106 1.44812 7 29 491.705 323.611 
-5.40598 0.152698 7 30 483.909 207.342 
-3.76175 1.7333 7 32 636.779 396.916 
-5.875 -0.508694 7 36 452.567 149.26 
-4.02466 -0.174699 7 39 625.687 178.847 
-5.59816 -0.619665 7 42 473.382 138.259 
-6.33365 0.109205 7 44 420.095 199.859 
-6.25916 0.145289 7 48 424.505 202.966 
-7 -0.503339 4.01391 52 169.433 136.914 
-7 -0.64261 4.44771 54 210.556 126.408 
-7 0.78654 5.75191 68 309.67 252.532 
-7 -0.100249 4.19611 69 187.93 178.411 
-7 -0.527577 4.46053 71 211.81 137.759 
-7 -0.14175 5.47309 72 292.04 177.149 
-7 1.61955 6.53315 73 354.667 308.095 
-7 1.51818 2.67054 81 20.49 362.585 
-7 0.883221 6.2108 82 337.883 257.165 
-7 -0.72299 3.2493 84 82.8662 105.044 
-7 1.48523 2.57162 86 6.50807 361.427 
-7 1.20864 2.59145 88 7.21207 329.73 
-7 1.46933 5.82185 93 313.156 304.901 
-7 -0.576654 5.65743 96 305.313 140.971 
