7.15996 -3.9491 0.231069 501 -0.164009 -0.104426 
7.75999 -3.60267 0.808332 502 -0.0430432 -0.0131926 
9.29836 -2.71449 1.94602 503 0.175359 0.107849 
9.54954 -2.56948 1.62614 504 0.196446 0.0481359 
9.1254 -2.81435 -0.972402 505 0.144192 -0.344602 
8.36902 -3.25105 -1.59632 512 0.028209 -0.468122 
7.62157 -3.68259 0.309022 516 -0.0799015 -0.10092 
5.54127 -4.88365 0.584966 517 -0.577547 0.0342432 
7.24861 -3.89792 -1.1423 520 -0.172837 -0.397183 
9.51565 -2.58904 1.12107 521 0.194217 -0.016383 
5.3746 -4.97988 1.7937 525 -0.581074 0.338646 
8.29682 -3.29273 -0.961132 526 0.0258257 -0.345537 
7.67594 -3.6512 1.18816 529 -0.0570407 0.054634 
9.28962 -2.71954 -1.63781 531 0.155926 -0.456812 
5.78814 -4.74112 0.731293 533 -0.493528 0.0552213 
7.01301 -4.03394 -0.97463 534 -0.218421 -0.359555 
7.77252 -3.59544 -0.54676 544 -0.0599176 -0.273297 
8.80092 -3.00169 1.19755 545 0.107342 0.0146893 
5.8167 -4.72463 -0.692834 547 -0.540748 -0.305718 
5.94865 -4.64845 -0.108768 552 -0.474554 -0.153322 
5.60572 -4.84644 -1.12497 564 -0.64231 -0.430544 
8.06725 -3.42528 1.6113 573 0.00790303 0.107127 
7.62174 -3.68249 1.0201 577 -0.0735325 0.0294663 
5.79079 -4.73959 0.326224 579 -0.510709 -0.0402624 
6.08574 -4.5693 -0.422393 587 -0.447798 -0.23432 
5.95338 -4.64572 1.4698 588 -0.421732 0.213669 
6.59806 -4.27351 1.37278 589 -0.267471 0.144706 
8.43181 -3.2148 -0.531218 590 0.0384843 -0.265233 
7.71485 -3.62873 -1.31027 594 -0.080973 -0.428083 
5.81744 -4.72421 1.86454 597 -0.444866 0.306947 
8.52047 -3.16361 0.124086 605 0.0634108 -0.150693 
8.21821 -3.33812 0.87683 609 0.020983 -0.0194141 
8.95105 -2.91501 -0.0284258 613 0.12381 -0.183332 
8.58134 -3.12847 1.5153 614 0.0800976 0.0689247 
5.91431 -4.66828 0.963849 617 -0.448934 0.098291 
7.88394 -3.53111 -1.51631 618 -0.0549874 -0.463802 
8.24406 -3.3232 1.57934 624 0.0314952 0.0958693 
8.74387 -3.03463 -1.74637 631 0.0845649 -0.488466 
8.37201 -3.24932 -1.42691 633 0.0291917 -0.434938 
7.92744 -3.50599 0.853241 634 -0.0206918 -0.0147923 
7.04767 -4.01393 1.30024 635 -0.166372 0.102978 
5.60109 -4.84911 1.5746 636 -0.523214 0.262966 
6.13888 -4.53862 1.31542 644 -0.371927 0.162585 
6.14497 -4.53511 -1.1835 648 -0.457801 -0.430418 
7.74644 -3.6105 0.0375105 649 -0.0570106 -0.156319 
7.0982 -3.98476 0.68195 653 -0.170959 -0.0161293 
7.02559 -4.02668 0.448994 659 -0.189916 -0.0585699 
8.5643 -3.13831 0.571234 665 0.0698528 -0.0760281 
8.78782 -3.00925 1.27741 666 0.109071 0.0283417 
6.55913 -4.29599 -1.18896 667 -0.337546 -0.423604 
8.98332 -2.89638 -0.0875092 671 0.127567 -0.192904 
6.39838 -4.3888 1.60708 675 -0.303108 0.208583 
9.50215 -2.59683 -1.80067 679 0.184839 -0.477614 
8.96859 -2.90489 1.45636 680 0.13268 0.0494905 
9.51544 -2.58916 0.00507541 681 0.187611 -0.187599 
8.52145 -3.16304 1.28747 684 0.0689837 0.0405315 
5.70419 -4.78959 -0.684915 686 -0.575737 -0.299449 
7.92479 -3.50752 1.32245 688 -0.0153875 0.0694863 
8.15199 -3.37635 -0.280505 689 0.00779927 -0.217261 
8.26763 -3.30959 0.733282 692 0.0308603 -0.0437441 
5.39876 -4.96593 1.88504 697 -0.56816 0.353624 
8.01947 -3.45286 0.702216 699 -0.00742267 -0.0419697 
7.30395 -3.86597 1.05537 703 -0.128811 0.0450836 
6.39348 -4.39163 0.914159 705 -0.326521 0.0607335 
7.22497 -3.91156 0.961317 706 -0.14062 0.0319235 
5.49777 -4.90876 0.072566 709 -0.61744 -0.0919599 
6.01108 -4.6124 1.08959 711 -0.417218 0.126942 
8.16644 -3.36801 1.19775 712 0.0206821 0.0376711 
8.51548 -3.16649 1.61138 714 0.0678921 0.08964 
5.45807 -4.93168 0.702726 724 -0.601944 0.0702765 
6.58729 -4.27973 1.46929 725 -0.26385 0.164865 
9.11375 -2.82108 -0.331225 726 0.143501 -0.231418 
7.50171 -3.75179 -1.28329 731 -0.121347 -0.422396 
7.13639 -3.96271 -0.718485 732 -0.188364 -0.307539 
6.09889 -4.56171 1.10908 735 -0.392286 0.121623 
9.21579 -2.76217 -1.66979 736 0.149217 -0.460121 
9.10626 -2.8254 1.29642 737 0.146789 0.0216163 
6.72719 -4.19896 0.433244 741 -0.25516 -0.0509867 
8.61615 -3.10837 -1.12108 742 0.0683242 -0.377971 
5.33057 -5.0053 -0.178382 743 -0.69114 -0.156997 
8.54451 -3.14973 -0.0560757 747 0.0668497 -0.182468 
7.49302 -3.75681 0.49302 748 -0.0962624 -0.0653886 
9.02166 -1.62597 0.310692 751 0.340805 -0.132895 
8.84921 -1.32728 1.80752 757 0.390088 0.120318 
9.23701 -1.99898 0.725578 758 0.28186 -0.0685046 
8.51992 -0.756939 0.408137 759 0.518798 -0.110949 
8.29274 -0.363451 -1.35134 761 0.64311 -0.509404 
9.27207 -2.0597 -0.388348 784 0.272805 -0.250122 
8.5833 -0.866718 0.816146 801 0.490826 -0.0353495 
8.79364 -1.23104 1.71911 805 0.410111 0.112977 
8.27608 -0.334586 -0.00492856 815 0.630219 -0.195914 
8.79838 -1.23924 -0.076131 817 0.417428 -0.201848 
8.9917 -1.57408 -0.263508 820 0.353559 -0.238014 
8.44778 -0.631981 -1.44841 825 0.572699 -0.510095 
9.26539 -2.04812 -1.79237 829 0.27285 -0.493797 
8.37839 -0.511796 0.804967 830 0.571296 -0.0312247 
9.00086 -1.58994 1.58986 834 0.34611 0.0769526 
8.22434 -0.244979 -0.782358 838 0.670061 -0.373712 
8.81824 -1.27364 -0.967993 842 0.410612 -0.376563 
9.4474 -2.36338 -1.09642 844 0.22478 -0.362289 
8.71228 -1.09011 -0.848161 845 0.454957 -0.357854 
8.83929 -1.31011 1.12568 849 0.393442 0.007858 
8.421 -0.585604 -0.76008 856 0.574586 -0.3568 
8.71634 -1.09715 -1.05762 862 0.45121 -0.402446 
8.79205 -1.22828 1.24024 880 0.414186 0.0295509 
9.26617 -2.04948 1.18971 881 0.270922 0.000850537 
8.55161 -0.811824 0.960383 887 0.500947 -0.00514312 
8.75985 -1.1725 0.775444 893 0.42187 -0.0476693 
8.49526 -0.714226 0.0445874 902 0.532891 -0.180943 
9.19568 -1.92739 0.768329 913 0.290636 -0.059479 
8.84897 -1.32687 1.20156 929 0.393307 0.0216166 
8.21418 -0.227369 1.2496 933 0.638408 0.070994 
8.99498 -1.57975 1.82216 934 0.34409 0.114819 
8.51325 -0.745376 -0.600431 941 0.529014 -0.317335 
8.81557 -1.26902 -1.19832 944 0.415656 -0.418741 
8.73736 -1.13355 1.94259 946 0.427595 0.152678 
8.23755 -0.267852 -0.0508432 959 0.646071 -0.205357 
9.40671 -2.2929 1.01021 963 0.236049 -0.0296865 
8.33271 -0.432673 -0.868744 976 0.61401 -0.38834 
9.36968 -2.22876 1.49865 979 0.243274 0.0408096 
9.47971 -2.41934 0.180696 982 0.213537 -0.157545 
8.14802 -0.112783 1.12075 986 0.670364 0.0489016 
8.42012 -0.584075 0.413676 987 0.562365 -0.104651 
8.18073 -0.169436 -0.844467 988 0.693799 -0.394399 
9.45187 -2.37112 -1.5872 989 0.217538 -0.448707 
8.99905 -1.58682 1.73484 994 0.341624 0.103747 
8.82589 -1.28688 1.75285 1000 0.401132 0.114646 
