-7 0.0943094 -5.21035 64 0.588035 0.195961 
-7 1.11392 -6.02536 65 0.418259 0.380369 
-7 0.886694 -5.35798 67 0.553453 0.363562 
-7 1.34911 -4.82912 74 0.683776 0.505175 
-7 0.694743 -5.33965 78 0.557939 0.322223 
-7 1.12101 -6.65735 79 0.3135 0.355481 
-7 -1.84392 -6.0007 85 0.438598 -0.165508 
-7 -0.295975 -5.19552 90 0.591791 0.113224 
-7 0.592834 -6.66606 94 0.316483 0.260376 
-7 -0.609874 -5.90804 100 0.448776 0.0512779 
-5.46333 -1.29075 -7 102 0.11109 -0.108006 
-4.55559 -0.250499 -7 105 -0.0440481 0.0605968 
-2.11042 -0.0563179 -7 106 -0.665268 0.0199656 
-5.09885 0.316864 -7 107 0.0330916 0.188931 
-6.22725 1.4028 -7 110 0.172851 0.401759 
-5.05591 -0.451909 -7 117 0.0402835 0.0340572 
-3.07632 -1.96878 -7 120 -0.294123 -0.40474 
-3.56835 0.827876 -7 121 -0.273697 0.298355 
-6.20015 -0.954561 -7 122 0.197462 -0.0223652 
-2.10211 -0.684594 -7 129 -0.630893 -0.167907 
-3.11373 -0.303232 -7 130 -0.345223 -0.0024683 
-3.58737 1.4874 -7 135 -0.292364 0.47395 
-6.2831 -0.370457 -7 140 0.200469 0.0795774 
-5.05277 -1.83336 -7 148 0.0631578 -0.226193 
-6.46998 0.52855 -7 150 0.211983 0.239505 
