-3.11304 -8.60806 -1.9166 254 -0.427744 -0.457542 
-2.75039 -9.23619 0.329719 263 -0.374707 0.0106142 
-3.07463 -8.67459 -1.54793 266 -0.425485 -0.378569 
-2.57499 -9.53998 1.60069 268 -0.35689 0.226866 
-2.72709 -9.27655 -1.48729 269 -0.311084 -0.318971 
-3.32874 -8.23445 -1.42324 285 -0.541421 -0.388569 
-3.44968 -8.02497 0.167007 293 -0.651944 -0.0389375 
-3.04378 -8.72802 1.54345 294 -0.515937 0.242398 
-3.22332 -8.41705 1.89644 304 -0.604939 0.323453 
-3.32508 -8.2408 -1.51403 315 -0.534337 -0.411805 
-3.09129 -8.64573 1.79249 320 -0.539042 0.291746 
-3.06428 -8.69251 -0.666718 324 -0.458613 -0.198357 
-3.49997 -7.93787 0.446165 333 -0.691069 0.0226439 
-3.35488 -8.18918 1.50964 334 -0.649321 0.250589 
-2.64072 -9.42615 1.95256 355 -0.387065 0.291469 
-3.10287 -8.62567 -0.357131 361 -0.48013 -0.133185 
-3.32955 -8.23305 -1.41411 368 -0.536819 -0.392344 
-2.62582 -9.45194 -1.96759 374 -0.267558 -0.391695 
-3.02092 -8.76762 -1.67324 386 -0.406955 -0.397442 
-3.14704 -8.54917 1.54174 390 -0.558552 0.24143 
-2.75281 -9.23199 0.225616 395 -0.37301 -0.00861761 
-3.18967 -8.47533 1.85927 400 -0.58322 0.309204 
-3.33676 -8.22056 -0.399899 404 -0.575397 -0.163875 
-3.20418 -8.4502 0.757211 405 -0.561039 0.0884821 
-3.32846 -8.23494 1.89335 407 -0.652178 0.336272 
-3.05904 -8.70159 0.925619 412 -0.499823 0.12134 
-2.74941 -9.23788 0.292754 416 -0.370122 0.00225607 
-3.28794 -8.30512 -0.582867 425 -0.548406 -0.198429 
-2.88356 -9.00553 1.61269 428 -0.460331 0.24703 
-2.84073 -9.07972 -1.27039 435 -0.352482 -0.290759 
-2.97704 -8.84361 -0.559065 449 -0.427856 -0.162057 
-3.13049 -8.57784 0.930095 453 -0.531891 0.123153 
-2.83311 -9.09292 -0.904736 454 -0.365852 -0.219837 
-3.07985 -8.66554 0.939564 456 -0.510676 0.122398 
-2.82678 -9.10387 0.818773 460 -0.41664 0.10104 
-2.94605 -8.89729 1.87197 478 -0.489693 0.294856 
-2.61113 -9.47739 -1.5069 492 -0.278293 -0.305075 
-3.46213 -8.00341 0.473249 499 -0.668429 0.0267085 
-0.751588 -8.51683 0.0534651 508 -0.0246961 0.0411248 
-0.489466 -8.3655 1.99316 509 -0.0515523 0.47498 
0.697982 -7.67992 -1.90184 511 0.449319 -0.406037 
-0.577812 -8.4165 -1.88021 514 0.0907799 -0.383432 
1.01972 -7.49417 -0.323822 518 0.469307 0.0521573 
1.55304 -7.18626 -0.142317 519 0.670026 0.15377 
0.57886 -7.7487 0.424617 532 0.280041 0.225489 
-1.33469 -8.85349 -0.250941 535 -0.122692 -0.0491598 
-0.805849 -8.54816 -1.1322 539 0.0108366 -0.214692 
-1.55768 -8.98223 1.00965 540 -0.202647 0.185289 
-0.942173 -8.62687 -1.81306 542 0.0117416 -0.365371 
-2.54087 -9.54988 -1.96382 546 -0.244447 -0.384041 
-0.435565 -8.33438 0.0499532 548 0.0424346 0.0593573 
0.488173 -7.80106 0.703509 550 0.239315 0.287244 
-2.17518 -9.33875 -0.02102 551 -0.257702 -0.03587 
-1.37853 -8.8788 -0.140968 554 -0.132023 -0.0270613 
-0.337383 -8.27769 -1.23289 555 0.11644 -0.233962 
0.766945 -7.64011 0.115194 558 0.354648 0.159091 
0.990941 -7.51078 -1.55331 559 0.538097 -0.306828 
-1.35618 -8.8659 -1.86663 561 -0.0669333 -0.37888 
-0.751362 -8.5167 -0.54808 562 -0.00158494 -0.0892387 
0.285019 -7.91835 -1.67271 565 0.303323 -0.335801 
-2.39776 -9.46725 -1.50147 566 -0.242034 -0.30148 
-0.453946 -8.34499 1.0501 568 -0.00246559 0.273286 
1.27527 -7.34662 -0.861902 571 0.599467 -0.090248 
-0.48463 -8.36271 0.158388 572 0.0227758 0.0766078 
-1.19047 -8.77022 1.45663 578 -0.15521 0.294193 
-0.0029851 -8.08463 -0.961949 580 0.193946 -0.162015 
1.33215 -7.31379 -0.490916 582 0.598653 0.0240913 
-0.413276 -8.32151 0.783569 583 0.0128678 0.22007 
-1.13416 -8.73771 1.81808 584 -0.160775 0.37571 
-2.13398 -9.31496 -0.61668 585 -0.230367 -0.141229 
-1.80668 -9.12599 1.44164 586 -0.254534 0.252604 
0.848258 -7.59316 -0.946016 591 0.443709 -0.127215 
1.26618 -7.35187 -0.159086 592 0.553588 0.12402 
-0.665112 -8.46691 -0.0591155 593 -0.00507223 0.0246201 
0.587659 -7.74362 -1.86164 595 0.410293 -0.395569 
-1.05884 -8.69422 -0.500411 598 -0.0653111 -0.0909728 
-1.85453 -9.15362 1.00414 599 -0.243886 0.166982 
-0.29479 -8.2531 -0.936867 601 0.117678 -0.165004 
-1.02236 -8.67316 1.83715 602 -0.142196 0.386095 
-0.918376 -8.61313 -1.76208 603 0.0122079 -0.353949 
-0.41102 -8.32021 0.556759 610 0.0250672 0.173092 
-2.0658 -9.2756 0.128408 612 -0.247664 -0.00113389 
-2.28434 -9.40177 0.767727 616 -0.295811 0.103143 
-1.43619 -8.91209 -1.99412 619 -0.0768982 -0.397333 
0.337754 -7.8879 -1.59112 620 0.314154 -0.317614 
-0.478158 -8.35897 -0.638973 621 0.0593445 -0.102468 
-1.39269 -8.88697 -0.919729 622 -0.105412 -0.185663 
-1.85496 -9.15386 1.85126 623 -0.27362 0.316929 
-2.10532 -9.29841 0.971801 625 -0.280797 0.145198 
-0.802806 -8.5464 1.53266 628 -0.0917336 0.350408 
-0.197251 -8.19679 0.70261 629 0.0672425 0.217868 
0.695133 -7.68157 0.336635 637 0.321541 0.208412 
-1.41788 -8.90152 -1.16565 639 -0.102666 -0.235098 
-0.795119 -8.54197 -0.566815 642 -0.00868075 -0.0934072 
-1.37552 -8.87706 0.232198 643 -0.146486 0.0460353 
-1.56414 -8.98596 -0.787846 645 -0.13881 -0.160673 
-0.814491 -8.55315 0.400562 646 -0.0481867 0.109909 
-0.0537926 -8.11396 -0.334741 647 0.146035 -0.0121084 
0.279953 -7.92127 1.12217 656 0.161597 0.368203 
-0.574829 -8.41478 0.349602 657 -0.000430519 0.117625 
0.172776 -7.98315 1.03516 658 0.138977 0.333662 
-1.00763 -8.66466 -0.50403 660 -0.0524563 -0.0873995 
1.12851 -7.43136 0.338853 661 0.466981 0.254791 
-0.613939 -8.43736 -0.547652 664 0.023383 -0.08214 
-0.867771 -8.58391 0.768917 668 -0.0767926 0.185198 
-0.769826 -8.52736 1.76192 670 -0.09794 0.397859 
-0.250485 -8.22752 -1.46169 672 0.146911 -0.2894 
-1.48552 -8.94057 0.517606 676 -0.171469 0.093034 
-1.10245 -8.71941 -0.567007 677 -0.0746938 -0.106326 
0.0842166 -8.03428 0.452304 685 0.148351 0.185346 
1.16029 -7.41301 -1.93088 690 0.631609 -0.431716 
1.43203 -7.25612 -1.20582 693 0.694905 -0.191118 
0.676712 -7.6922 0.794688 695 0.292632 0.331262 
0.242541 -7.94287 -1.30659 700 0.269799 -0.245957 
0.735422 -7.65831 -0.141939 702 0.360431 0.0831634 
-0.0286901 -8.09947 1.01989 704 0.0902973 0.312332 
-2.31293 -9.41827 1.81431 707 -0.328237 0.281048 
1.12928 -7.43091 0.660268 716 0.444587 0.352046 
0.300349 -7.9095 -1.99348 717 0.328697 -0.424218 
-0.939569 -8.62536 -0.32294 718 -0.0476003 -0.0464627 
-1.908 -9.18449 1.52916 719 -0.266123 0.258114 
1.34298 -7.30754 -1.15975 722 0.653579 -0.178806 
-0.734402 -8.50691 1.2467 730 -0.0707666 0.29231 
-0.562661 -8.40776 1.95132 740 -0.060404 0.464571 
-0.329699 -8.27326 1.956 745 -0.013667 0.486563 
-1.49578 -8.94649 0.981389 746 -0.190195 0.18667 
-0.0589625 -8.11695 -0.531896 750 0.152973 -0.0584792 
