-7 0.21307 2.3409 51 622.17 356.884 
-7 -1.78251 -2.62609 53 62.9194 137.724 
-7 -0.29883 -1.326 55 188.432 294.379 
-7 -0.441068 2.32778 56 610.091 278.713 
-7 -1.05185 -1.49538 60 175.454 211.481 
-7 -0.184126 -2.39523 62 65.9505 307.289 
-7 -1.45394 1.58819 66 513.368 168.509 
-7 -1.07602 2.04225 70 568.277 208.101 
-7 -1.87164 2.51938 75 610.467 125.796 
-7 0.577231 -1.47952 76 163.124 399.686 
-7 -1.86155 -2.22478 77 105.584 129.795 
-7 -0.166603 0.216342 87 365.541 310.133 
-7 0.312724 -0.335245 92 300.749 367.532 
-7 -1.56958 -3.12031 95 8.29953 158.962 
-7 -1.0576 1.73598 99 533.898 210.152 
