-7 -1.03485 -3.75523 61 639.735 113.541 
-7 0.0943094 -5.21035 64 490.819 247.098 
-7 1.11392 -6.02536 65 429.804 334.677 
-7 0.886694 -5.35798 67 480.966 318.55 
-7 1.34911 -4.82912 74 531.423 366.727 
-7 0.694743 -5.33965 78 481.863 301.281 
-7 1.12101 -6.65735 79 388.178 331.6 
-7 -1.84392 -6.0007 85 425.113 99.2439 
-7 -0.295975 -5.19552 90 490.695 212.195 
-7 1.40697 -4.3308 91 585.578 379.547 
-7 0.592834 -6.66606 94 386.902 291.189 
-7 -1.20087 -3.87679 97 622.903 99.76 
-7 -0.609874 -5.90804 100 434.207 193.659 
-3.17768 1.79522 -7 101 52.3356 453.224 
-5.46333 -1.29075 -7 102 281.514 133.122 
-4.55559 -0.250499 -7 105 212.678 211.809 
-5.09885 0.316864 -7 107 255.285 268.134 
-6.22725 1.4028 -7 110 328.389 357.256 
-5.05591 -0.451909 -7 117 252.727 198.579 
-3.56835 0.827876 -7 121 109.159 324.15 
-6.20015 -0.954561 -7 122 325.732 171.258 
-3.11373 -0.303232 -7 130 56.6102 186.674 
-3.58737 1.4874 -7 135 108.452 402.918 
-6.2831 -0.370457 -7 140 330.556 216.716 
-5.05277 -1.83336 -7 148 253.622 78.5417 
-6.46998 0.52855 -7 150 341.121 286.594 
