-7.56816 3.71342 -1.91336 13 -0.355115 -0.408993 
-7.32861 3.85173 1.20236 16 -0.433221 0.188634 
-8.8069 2.99824 -0.956076 24 -0.148373 -0.18211 
-8.89169 2.94928 -0.604829 26 -0.136673 -0.123194 
-7.27042 3.88532 -0.762006 28 -0.43137 -0.208766 
-9.15905 2.79493 1.33263 40 -0.113119 0.186703 
-6.52013 4.31851 -0.668232 44 -0.62561 -0.226187 
-8.69401 3.06342 -0.315471 46 -0.168003 -0.0784555 
-9.17118 2.78792 0.352843 50 -0.106304 0.0307615 
-6.99514 4.04426 0.162238 53 -0.505921 -0.0249244 
-7.12929 3.9668 -0.413303 57 -0.45985 -0.145063 
-7.76282 3.60104 -1.23079 58 -0.319953 -0.273846 
-9.06868 2.8471 0.616604 61 -0.120306 0.0738771 
-8.32689 3.27537 0.102633 68 -0.226922 -0.0149704 
-9.53193 2.57964 -0.151691 69 -0.0576348 -0.0389243 
-6.73615 4.19379 -0.772225 73 -0.563563 -0.242381 
-8.43422 3.2134 0.143156 79 -0.212269 -0.00742974 
-7.01524 4.03265 0.767731 80 -0.506799 0.102033 
-6.84889 4.1287 -1.69131 81 -0.523802 -0.430095 
-8.57211 3.13379 0.696853 83 -0.195259 0.0830185 
-9.48597 2.60618 0.402373 91 -0.0659508 0.0396851 
-7.84704 3.55241 -1.4571 93 -0.303405 -0.307396 
-6.7471 4.18746 0.728183 95 -0.579412 0.0929022 
-6.83682 4.13566 0.932129 96 -0.556372 0.143415 
-8.21684 3.33891 0.855065 98 -0.252425 0.113946 
-8.30606 3.2874 -0.374033 103 -0.226292 -0.102015 
-6.83515 4.13663 0.928504 104 -0.55784 0.143248 
-9.49264 2.60233 0.71894 111 -0.0640072 0.0853678 
-6.45698 4.35497 0.0373591 113 -0.661322 -0.065334 
-7.76272 3.6011 -1.33649 124 -0.32073 -0.293976 
-9.4138 2.64784 -0.749638 127 -0.0686897 -0.131818 
-6.48824 4.33692 0.602459 130 -0.654729 0.0709566 
-9.10665 2.82518 -0.067222 132 -0.10999 -0.0378666 
-8.31486 3.28232 -0.998132 134 -0.223901 -0.205119 
-7.54306 3.72791 -0.636474 136 -0.366766 -0.173391 
-8.32648 3.27561 -0.916176 137 -0.22131 -0.192006 
-7.75055 3.60812 0.607921 138 -0.336589 0.0709357 
-8.89144 2.94943 -0.995818 139 -0.137062 -0.181609 
-8.50915 3.17015 -1.43562 142 -0.188511 -0.272676 
-8.55092 3.14603 -1.2267 145 -0.184478 -0.234563 
-9.27136 2.73008 -1.79969 152 -0.0829174 -0.292426 
-7.61388 3.68703 -1.43304 154 -0.345117 -0.317301 
-8.81769 2.99201 -0.933105 158 -0.145174 -0.179684 
-6.68884 4.2211 0.597207 171 -0.590189 0.0656735 
-7.21392 3.91795 1.54448 173 -0.467655 0.265333 
-7.83448 3.55966 -0.735079 174 -0.30792 -0.181827 
-9.09008 2.83474 -1.5709 176 -0.109156 -0.266207 
-6.73975 4.1917 -1.74479 178 -0.550501 -0.450495 
-7.69247 3.64165 -1.44056 186 -0.335562 -0.313202 
-6.79289 4.16102 0.492295 190 -0.56288 0.0426794 
-8.58962 3.12368 -0.807997 201 -0.179072 -0.162654 
-9.31972 2.70216 0.881481 208 -0.086863 0.109661 
-6.59885 4.27306 -1.66716 216 -0.590793 -0.450472 
-7.86451 3.54233 1.45463 223 -0.319677 0.229875 
-7.66224 3.65911 -1.56845 226 -0.335907 -0.339797 
-7.55688 3.71994 1.11487 232 -0.38486 0.168378 
-6.86074 4.12186 0.00652214 233 -0.538463 -0.0638893 
-8.6765 3.07352 1.96596 234 -0.181224 0.298128 
-7.02658 4.02611 -1.06432 239 -0.482798 -0.286168 
-8.03402 3.44446 -0.562411 242 -0.27618 -0.139574 
-8.14068 3.38288 -0.0878003 245 -0.257973 -0.0540296 
-6.54441 4.30449 1.25315 248 -0.645229 0.225312 
-8.26463 0.314754 1.16404 251 0.301618 0.199263 
-7.46287 -1.07392 -1.59589 252 0.676078 -0.430388 
-9.1587 1.86333 -0.988996 253 0.0346219 -0.179955 
-8.41737 0.579321 1.27562 256 0.246091 0.213939 
-9.52122 2.49124 -1.0717 257 -0.0407941 -0.177737 
-8.93601 1.47762 -0.633868 259 0.0955026 -0.130633 
-7.4714 -1.05915 0.355818 260 0.67811 0.040797 
-9.30328 2.11375 1.73712 262 -0.00261961 0.24684 
-8.62862 0.94521 0.119044 265 0.179954 -0.00401554 
-9.05625 1.68588 -1.53396 267 0.070159 -0.267138 
-9.13681 1.82542 0.452008 276 0.0408823 0.0502915 
-8.62523 0.939344 -1.18054 287 0.189907 -0.234289 
-8.12164 0.0670859 0.804812 290 0.357824 0.131047 
-8.26682 0.318554 -1.13985 297 0.305583 -0.249227 
-8.648 0.978768 1.29878 299 0.170466 0.20584 
-7.95776 -0.216756 -0.267516 301 0.431039 -0.0904681 
-8.24121 0.274194 1.30161 302 0.310506 0.224433 
-7.50388 -1.00291 -1.74177 307 0.655673 -0.457053 
-7.75587 -0.566441 -1.28568 308 0.523328 -0.320703 
-8.641 0.966654 -0.16123 311 0.183607 -0.0572694 
-9.31057 2.12638 -0.0551822 313 0.00598506 -0.0270888 
-7.51344 -0.986333 -0.814325 323 0.647965 -0.234005 
-8.81253 1.26375 -0.857651 325 0.131531 -0.17188 
-7.53876 -0.942491 0.491179 328 0.639075 0.0744868 
-7.72464 -0.62053 -0.0248013 332 0.541012 -0.0460748 
-7.68847 -0.683171 1.35649 337 0.557626 0.273355 
-7.95987 -0.213096 0.306596 339 0.429958 0.0268185 
-8.52917 0.772963 -1.76171 342 0.219102 -0.344374 
-7.96405 -0.205854 1.31542 346 0.421429 0.246068 
-8.12381 0.0708475 -1.49958 347 0.359979 -0.331045 
-8.00123 -0.141456 -0.325795 349 0.410037 -0.10192 
-7.45408 -1.08915 -1.1234 354 0.684327 -0.314428 
-8.82998 1.29397 -1.283 359 0.125233 -0.239128 
-8.26227 0.31067 0.618929 366 0.299916 0.089099 
-8.81299 1.26454 1.68087 370 0.120241 0.262704 
-7.92892 -0.2667 1.10434 372 0.44168 0.202647 
-8.43087 0.60269 -0.733047 375 0.246933 -0.165278 
-9.0577 1.6884 -0.174837 377 0.0639216 -0.0461792 
-8.19099 0.187209 -1.2445 378 0.335753 -0.274531 
-7.6338 -0.777869 -0.0587155 380 0.587753 -0.0554407 
-9.37546 2.23878 -1.18001 383 -0.0138116 -0.196685 
-8.12127 0.0664484 1.25361 388 0.360036 0.224594 
-9.14202 1.83445 -1.39071 391 0.0497617 -0.244427 
-9.48121 2.42194 -1.26659 396 -0.0346331 -0.206877 
-8.52092 0.758672 -1.7528 399 0.223682 -0.34387 
-9.44529 2.35972 -1.11888 402 -0.0255874 -0.186814 
-7.81782 -0.459131 0.076778 403 0.490864 -0.0221838 
-7.52277 -0.970174 1.1088 406 0.648678 0.227068 
-7.63883 -0.769162 -0.119058 410 0.581263 -0.0697504 
-8.91993 1.44977 0.165011 413 0.0996865 0.00528465 
-8.21371 0.226557 -0.790225 417 0.324518 -0.189711 
-7.84199 -0.417283 -1.30465 420 0.483794 -0.317134 
-9.51944 2.48816 0.340095 422 -0.0471465 0.0305668 
-7.91669 -0.287895 -0.0147918 423 0.447381 -0.0377057 
-8.92471 1.45805 -1.88576 426 0.101743 -0.33535 
-8.05966 -0.0402563 -0.2345 439 0.385731 -0.0801024 
-9.40694 2.29329 1.83376 448 -0.0262745 0.257262 
-8.18295 0.173293 -0.148578 455 0.33989 -0.0620476 
-8.15687 0.12812 0.541817 457 0.346627 0.0747249 
-7.48055 -1.0433 0.202815 459 0.673808 0.00599179 
-8.06618 -0.0289635 1.04644 461 0.384827 0.186393 
-8.66593 1.00983 0.45259 465 0.172975 0.0559998 
-9.45274 2.37263 -1.8729 469 -0.0244826 -0.291774 
-9.08866 1.74202 1.71988 475 0.0459366 0.258659 
-7.72533 -0.619337 0.904189 476 0.53672 0.166056 
-8.78933 1.22356 1.82285 477 0.127257 0.29076 
-7.83655 -0.426699 0.919261 479 0.482255 0.16679 
-8.11594 0.0572182 0.887934 486 0.359046 0.146874 
-8.80838 1.25656 1.8581 487 0.121156 0.29998 
-9.2531 2.02685 -1.52478 488 0.0218719 -0.248911 
-9.11496 1.78758 0.0633076 493 0.0471351 -0.0118713 
-9.55916 2.55695 -0.634717 496 -0.0518063 -0.111355 
-9.00888 1.60385 -0.973121 498 0.079214 -0.180243 
