-7 -0.29883 -1.326 55 627.332 147.099 
-7 0.46862 -2.98529 58 419.399 238.689 
-7 -1.05185 -1.49538 60 606.562 47.9025 
-7 -1.03485 -3.75523 61 337.024 87.6563 
-7 -0.184126 -2.39523 62 482.741 168.363 
-7 0.0943094 -5.21035 64 231.432 203.301 
-7 1.11392 -6.02536 65 190.174 281.749 
-7 0.886694 -5.35798 67 229.216 267.558 
-7 1.34911 -4.82912 74 269.198 307.145 
-7 0.577231 -1.47952 76 599.078 255.609 
-7 0.694743 -5.33965 78 228.586 252.42 
-7 1.12101 -6.65735 79 154.913 279.223 
-7 0.821262 -3.48263 80 373.168 270.752 
-7 -1.84392 -6.0007 85 158.007 39.6763 
-7 1.69039 -1.92004 89 537.852 370.619 
-7 -0.295975 -5.19552 90 228.572 169.853 
-7 1.40697 -4.3308 91 306.191 315.837 
-7 0.592834 -6.66606 94 148.575 241.452 
-7 -1.56958 -3.12031 95 397.098 16.6255 
-7 -1.20087 -3.87679 97 324.706 71.6872 
-7 1.52805 -2.92335 98 428.852 340.805 
-7 -0.609874 -5.90804 100 178.589 146.469 
-6.22725 1.4028 -7 110 92.1555 316.528 
-6.20015 -0.954561 -7 122 54.0819 125.225 
-6.2831 -0.370457 -7 140 70.0887 175.306 
-6.46998 0.52855 -7 150 96.7529 244.919 
