9.29836 -2.71449 1.94602 503 115.205 281.205 
9.54954 -2.56948 1.62614 504 133.007 254.264 
9.1254 -2.81435 -0.972402 505 80.9285 63.0888 
9.51565 -2.58904 1.12107 521 127.342 223.398 
9.28962 -2.71954 -1.63781 531 88.0517 7.96799 
8.80092 -3.00169 1.19755 545 72.0659 239.369 
8.06725 -3.42528 1.6113 573 8.20602 286.337 
8.43181 -3.2148 -0.531218 590 19.7847 94.2053 
8.52047 -3.16361 0.124086 605 35.4195 153.066 
8.21821 -3.33812 0.87683 609 14.4252 222.155 
8.95105 -2.91501 -0.0284258 613 75.6973 140.938 
8.58134 -3.12847 1.5153 614 56.257 265.941 
8.24406 -3.3232 1.57934 624 26.0846 278.987 
8.37201 -3.24932 -1.42691 633 1.47928 7.60127 
8.5643 -3.13831 0.571234 665 45.3008 190.864 
8.78782 -3.00925 1.27741 666 73.4317 244.952 
8.98332 -2.89638 -0.0875092 671 77.1014 134.7 
9.50215 -2.59683 -1.80067 679 106.99 0.224181 
8.96859 -2.90489 1.45636 680 90.2529 255.84 
9.51544 -2.58916 0.00507541 681 120.143 143.674 
8.52145 -3.16304 1.28747 684 49.8924 252.116 
8.26763 -3.30959 0.733282 692 16.6527 207.786 
8.16644 -3.36801 1.19775 712 13.5569 250.154 
8.51548 -3.16649 1.61138 714 53.6075 277.139 
9.11375 -2.82108 -0.331225 726 87.432 114.97 
9.21579 -2.76217 -1.66979 736 85.0608 4.79692 
9.10626 -2.8254 1.29642 737 98.8167 241.515 
8.61615 -3.10837 -1.12108 742 32.4179 41.8248 
8.54451 -3.14973 -0.0560757 747 37.6087 139.206 
9.02166 -1.62597 0.310692 751 181.445 169.971 
8.84921 -1.32728 1.80752 757 208.871 282.096 
9.23701 -1.99898 0.725578 758 159.696 196.642 
8.51992 -0.756939 0.408137 759 243.234 177.932 
8.29274 -0.363451 -1.35134 761 271.351 11.4558 
6.72499 2.35198 -0.698686 765 610.367 54.4452 
7.18459 1.55593 0.710517 768 472.647 224.294 
7.75054 0.575679 1.75169 773 358.389 308.03 
8.11102 -0.0486967 -1.08378 774 301.166 37.4889 
7.65875 0.734657 0.495993 779 378.328 193.565 
6.87834 2.08637 1.48366 780 535.116 314.407 
9.27207 -2.0597 -0.388348 784 150.933 112.081 
7.07393 1.74759 -1.06522 794 517.04 13.1489 
7.7677 0.545948 0.346374 797 358.131 181.051 
6.99287 1.88799 0.446143 798 522.49 196.922 
8.5833 -0.866718 0.816146 801 237.204 212.025 
8.79364 -1.23104 1.71911 805 215.013 276.47 
7.79816 0.49319 1.85753 808 351.531 315.083 
7.81192 0.469365 1.38832 814 349.835 276.087 
8.27608 -0.334586 -0.00492856 815 276.757 143.324 
7.72815 0.61446 -0.217688 816 368.863 123.648 
8.79838 -1.23924 -0.076131 817 204.267 136.611 
8.9917 -1.57408 -0.263508 820 182.615 122.384 
8.44778 -0.631981 -1.44841 825 249.407 8.0547 
7.71438 0.638309 -0.336083 827 370.122 110.111 
7.15574 1.60589 0.615543 828 480.842 214.769 
8.37839 -0.511796 0.804967 830 262.378 214.478 
7.85255 0.39899 0.707979 831 345.843 211.492 
9.00086 -1.58994 1.58986 834 191.315 263.339 
6.68672 2.41826 0.33091 836 602.474 188.815 
8.05704 0.0447927 0.347131 837 311.784 176.127 
8.22434 -0.244979 -0.782358 838 283.127 68.4321 
8.81824 -1.27364 -0.967993 842 200.926 59.6196 
9.4474 -2.36338 -1.09642 844 128.331 57.0098 
8.71228 -1.09011 -0.848161 845 213.348 67.8324 
8.83929 -1.31011 1.12568 849 206.909 232.453 
8.421 -0.585604 -0.76008 856 254.69 74.3671 
8.71634 -1.09715 -1.05762 862 213.041 51.1185 
7.07604 1.74394 0.502742 871 499.704 203.15 
6.81272 2.20003 1.31801 874 554.974 300.196 
8.05963 0.040311 0.283874 878 310.342 170.911 
8.79205 -1.22828 1.24024 880 212.986 242.022 
9.26617 -2.04948 1.18971 881 159.678 230.43 
6.67343 2.44128 -1.01357 882 632.644 8.26148 
8.55161 -0.811824 0.960383 887 240.731 224.216 
8.75985 -1.1725 0.775444 893 213.692 206.779 
7.68639 0.686781 -1.10309 898 379.082 26.7625 
7.3611 1.2502 0.0561545 900 441.842 152.437 
7.13224 1.6466 -0.977877 901 501.329 27.5089 
8.49526 -0.714226 0.0445874 902 247.31 147.482 
6.93416 1.98968 -1.06451 904 554.924 8.77142 
6.87866 2.08582 -0.0270921 907 554.996 142.93 
6.77251 2.26967 -0.747548 908 594.211 48.5998 
9.19568 -1.92739 0.768329 913 164.122 200.725 
7.703 0.65802 -0.183774 927 371.883 127.102 
8.84897 -1.32687 1.20156 929 205.723 239.212 
7.30009 1.35587 1.86648 930 442.242 332.507 
8.21418 -0.227369 1.2496 933 287.417 254.071 
8.99498 -1.57975 1.82216 934 191.632 280.454 
6.67513 2.43834 -0.321965 935 619.948 105.131 
7.22829 1.48023 1.7576 937 455.922 326.532 
6.75528 2.29951 -0.729401 938 603.578 51.0986 
8.51325 -0.745376 -0.600431 941 241.211 89.7575 
8.81557 -1.26902 -1.19832 944 197.916 38.1749 
8.73736 -1.13355 1.94259 946 222.72 294.21 
7.78699 0.51253 1.89064 949 353.394 318.108 
7.15835 1.60138 1.8444 951 470.651 338.787 
8.23755 -0.267852 -0.0508432 959 283.289 137.834 
9.40671 -2.2929 1.01021 963 145.087 215.606 
6.68153 2.42724 -0.314303 968 618.397 105.788 
7.36792 1.23839 -0.614933 971 443.293 75.3331 
8.33271 -0.432673 -0.868744 976 265.785 61.1276 
7.61247 0.814808 -0.677047 978 391.2 71.6859 
9.36968 -2.22876 1.49865 979 151.349 250.074 
6.66636 2.45352 1.76174 980 587.486 353.345 
9.47971 -2.41934 0.180696 982 131.042 156.528 
8.14802 -0.112783 1.12075 986 298.213 244.327 
8.42012 -0.584075 0.413676 987 258.45 180.565 
8.18073 -0.169436 -0.844467 988 290.474 63.3272 
9.45187 -2.37112 -1.5872 989 123.93 18.157 
8.99905 -1.58682 1.73484 994 192.018 273.267 
8.82589 -1.28688 1.75285 1000 212.005 279.379 
