1.69792 -0.977731 -7 104 -0.265531 -0.0239018 
2.77254 -1.94854 -7 108 -0.579265 -0.266818 
-0.689565 -1.47331 -7 112 0.492487 -0.279599 
2.74139 -0.240151 -7 113 -0.55219 0.233181 
2.98659 0.138239 -7 123 -0.615916 0.355917 
0.474792 -0.485198 -7 124 0.132179 0.0931523 
-1.05355 -1.5594 -7 126 0.619902 -0.326247 
-1.30535 -1.94469 -7 131 0.69158 -0.466035 
1.03314 -1.58354 -7 136 -0.0803924 -0.234612 
1.45576 0.553777 -7 145 -0.155686 0.466675 
-0.615215 -0.161545 -7 146 0.531613 0.171187 
0.206379 -1.0164 -7 147 0.202409 -0.0910947 
