1.69792 -0.977731 -7 104 0.575534 -0.511273 
5.64257 -0.481715 -7 109 -0.35307 -0.377508 
2.26927 0.767181 -7 111 0.271772 0.0152221 
2.74139 -0.240151 -7 113 0.198313 -0.287103 
4.50714 -1.04124 -7 119 -0.154741 -0.502874 
2.98659 0.138239 -7 123 0.116579 -0.189361 
4.46367 -0.542201 -7 125 -0.164208 -0.384507 
6.6867 0.183154 -7 127 -0.500154 -0.258758 
3.77354 -0.887468 -7 133 -0.0163604 -0.468916 
6.08103 -0.977971 -7 134 -0.400371 -0.479868 
3.34213 1.4046 -7 137 -0.0203974 0.112735 
4.29646 -0.0380129 -7 139 -0.151551 -0.26474 
6.59087 -1.1778 -7 141 -0.460312 -0.516876 
4.8725 1.3091 -7 142 -0.289409 0.0108052 
6.26277 1.2623 -7 143 -0.473521 -0.0513663 
1.9715 1.13953 -7 144 0.336475 0.141347 
1.45576 0.553777 -7 145 0.546847 0.00335687 
7 0.781169 -6.98961 200 -0.54771 -0.157825 
