1.69792 -0.977731 -7 104 182.141 228.053 
2.77254 -1.94854 -7 108 34.1212 117.36 
-0.689565 -1.47331 -7 112 527.547 105.877 
2.74139 -0.240151 -7 113 50.4936 349.459 
2.98659 0.138239 -7 123 21.567 407.02 
0.474792 -0.485198 -7 124 366.004 278.925 
-1.05355 -1.5594 -7 126 584.77 83.956 
-1.30535 -1.94469 -7 131 616.229 19.9035 
1.03314 -1.58354 -7 136 266.291 129.568 
0.97797 0.750031 -7 138 310.992 479.891 
1.45576 0.553777 -7 145 236.281 453.273 
-0.615215 -0.161545 -7 146 547.828 311.293 
0.206379 -1.0164 -7 147 396.921 193.882 
