-7 0.21307 2.3409 51 378.224 329.832 
-7 -0.503339 4.01391 52 535.282 254.965 
-7 -0.64261 4.44771 54 571.787 242.085 
-7 -0.441068 2.32778 56 377.212 259.108 
-7 1.50288 1.91462 59 332.236 476.629 
-7 1.26508 -0.184774 63 76.4926 469.93 
-7 -1.45394 1.58819 66 300.444 146.482 
-7 -0.100249 4.19611 69 551.425 294.876 
-7 -1.07602 2.04225 70 348.257 190.066 
-7 -0.527577 4.46053 71 573.027 253.226 
-7 -1.87164 2.51938 75 396.929 109.644 
-7 1.51818 2.67054 81 411.279 470.936 
-7 -1.9255 2.82609 83 426.612 106.791 
-7 -0.72299 3.2493 84 466.701 231.415 
-7 1.48523 2.57162 86 401.29 468.226 
-7 -0.166603 0.216342 87 135.542 289.142 
-7 1.20864 2.59145 88 403.36 437.525 
-7 0.312724 -0.335245 92 60.2935 349.553 
-7 -1.0576 1.73598 99 315.871 190.574 
