4.31342 6.52894 -1.60055 753 0.297934 -0.291493 
3.95041 7.15768 -0.115486 754 0.47935 0.0515482 
5.20903 4.97769 -0.50044 755 -0.1116 0.00826548 
4.31954 6.51834 0.440036 760 0.333449 0.201233 
3.65369 7.67162 -0.409443 763 0.588361 -0.0242843 
6.15778 3.33441 -0.551726 764 -0.686467 0.0388644 
3.63308 7.70731 -0.253667 767 0.596467 0.0083107 
4.46197 6.27165 0.273057 769 0.261674 0.165867 
4.61126 6.01306 1.59096 770 0.224797 0.512635 
3.94821 7.16151 -0.305332 771 0.473985 0.0116751 
5.03444 5.28009 -1.71136 772 -0.0497555 -0.311053 
5.86576 3.8402 -1.56683 775 -0.517404 -0.270032 
4.57465 6.07647 -0.980151 777 0.191303 -0.13455 
5.7277 4.07932 -1.90892 781 -0.437431 -0.36631 
5.84347 3.87882 -1.54309 787 -0.501235 -0.261221 
4.09862 6.90098 -0.651429 789 0.408518 -0.0683369 
3.94393 7.16891 1.20445 790 0.509356 0.357316 
5.18216 5.02423 -0.915456 795 -0.105166 -0.101862 
5.95878 3.67909 -1.91848 799 -0.585084 -0.371465 
4.59582 6.03981 -1.8766 800 0.161701 -0.357678 
4.05686 6.97332 -1.81735 802 0.396569 -0.340022 
3.73411 7.53233 -1.49404 804 0.530388 -0.265906 
4.51996 6.17121 -1.82406 806 0.197592 -0.339534 
3.68413 7.6189 -0.207288 807 0.57655 0.0214654 
5.10188 5.16328 -1.16456 819 -0.0692932 -0.169503 
5.52148 4.43652 -0.0547931 822 -0.274728 0.145735 
3.75485 7.49641 -1.09591 823 0.533907 -0.177757 
5.5405 4.40357 -1.44396 835 -0.31857 -0.236324 
3.57856 7.80176 -0.875216 840 0.608611 -0.132466 
4.15625 6.80116 -0.0422045 847 0.391737 0.079944 
4.99376 5.35056 -0.727822 848 -0.0067603 -0.0580221 
3.4808 7.97107 -1.62753 851 0.626704 -0.301996 
3.61746 7.73437 -1.94874 852 0.571399 -0.369484 
3.59494 7.77338 0.739111 854 0.632658 0.226958 
5.62913 4.25005 -0.845981 855 -0.358675 -0.065071 
3.63106 7.71081 -1.67758 859 0.570395 -0.311893 
4.56207 6.09827 -1.67131 861 0.182588 -0.305047 
5.34442 4.7432 -0.804129 863 -0.193916 -0.0615843 
4.3546 6.4576 0.374594 864 0.320931 0.184848 
4.06751 6.95487 -1.6458 865 0.399283 -0.304703 
3.50474 7.92962 1.97827 867 0.687532 0.495571 
4.94977 5.42675 -0.328941 868 0.02272 0.0438927 
3.62176 7.72692 0.659348 870 0.615731 0.214226 
5.87176 3.82982 -1.86513 873 -0.528693 -0.35505 
4.41808 6.34766 -1.43643 876 0.254132 -0.248715 
5.30638 4.80908 -0.846641 879 -0.175402 -0.0834297 
4.56699 6.08973 -1.84141 883 0.178414 -0.345377 
4.79043 5.70272 0.841803 884 0.124726 0.333549 
5.48992 4.49117 1.01765 885 -0.232279 0.445068 
6.14997 3.34793 -0.772956 886 -0.68349 -0.0244639 
3.47475 7.98155 1.30736 888 0.685552 0.346181 
3.96207 7.13749 -0.131759 891 0.47369 0.0497888 
4.38822 6.39938 -1.26668 892 0.26709 -0.211812 
5.33186 4.76494 0.690372 894 -0.153143 0.340823 
5.88934 3.79937 -0.91473 896 -0.518741 -0.0753067 
5.07479 5.21021 -0.592079 897 -0.0437081 -0.0216099 
3.79506 7.42677 -1.15471 899 0.517311 -0.188798 
4.24153 6.65346 -1.08896 903 0.337522 -0.167213 
4.97651 5.38043 -1.78963 905 -0.0181266 -0.333602 
5.14042 5.09654 0.266927 906 -0.0590559 0.208782 
4.61439 6.00765 -1.15812 909 0.167428 -0.175213 
4.70431 5.85189 0.465414 910 0.16189 0.23317 
6.05282 3.51621 -1.75001 911 -0.641176 -0.321365 
4.24347 6.65009 0.760465 912 0.372823 0.273873 
3.62319 7.72445 -0.430218 916 0.597544 -0.0328338 
3.37491 8.15449 -1.18787 917 0.674138 -0.203484 
3.88292 7.27458 0.732852 918 0.520074 0.248718 
4.81756 5.65573 0.693441 919 0.111524 0.296774 
3.5513 7.84897 1.93783 920 0.667783 0.495288 
4.74735 5.77734 -1.4318 921 0.100113 -0.241512 
3.89561 7.2526 -0.984565 922 0.482498 -0.148402 
3.45706 8.01219 0.602811 925 0.684757 0.191257 
5.93483 3.72057 -1.99581 926 -0.571146 -0.394358 
4.92972 5.46147 0.685045 928 0.0567583 0.30391 
4.89688 5.51835 -1.08993 939 0.0317153 -0.15302 
4.93218 5.45722 -0.369873 940 0.0312348 0.0321491 
3.59191 7.77864 1.36064 942 0.647392 0.371329 
5.5287 4.42402 0.271974 943 -0.277694 0.24147 
5.34394 4.74403 -0.45553 947 -0.185543 0.0259648 
5.85587 3.85734 -1.13495 948 -0.500143 -0.141686 
5.80798 3.94029 0.203205 953 -0.440316 0.239292 
3.89811 7.24827 1.30532 954 0.522119 0.381096 
4.95506 5.41758 -0.74361 957 0.0105022 -0.0599284 
6.10007 3.43436 0.816237 960 -0.613416 0.449179 
5.615 4.27453 -0.380425 961 -0.339963 0.0648223 
5.29086 4.83597 -1.98418 962 -0.188017 -0.385651 
5.54904 4.38878 0.419383 964 -0.280577 0.284671 
6.0817 3.46619 -1.62949 965 -0.657812 -0.281808 
4.28105 6.58501 -0.348295 969 0.338368 0.0114539 
5.19076 5.00935 -1.7233 970 -0.130025 -0.311137 
4.4012 6.3769 -1.37641 973 0.264039 -0.237806 
4.12313 6.85854 -0.122495 977 0.406508 0.0603555 
4.93575 5.45104 -0.7803 984 0.0222391 -0.0727234 
5.51818 4.44223 -1.47775 990 -0.306525 -0.242845 
5.75493 4.03217 1.14041 991 -0.38606 0.507618 
4.40456 6.37107 0.274064 992 0.288093 0.164262 
5.53617 4.41107 -1.97751 993 -0.325085 -0.380754 
5.97808 3.64567 0.0489525 995 -0.550348 0.207424 
4.26624 6.61065 0.689474 996 0.360324 0.258145 
4.40907 6.36327 1.15293 997 0.312148 0.378411 
4.63799 5.96676 0.669191 998 0.19912 0.282643 
