5.64257 -0.481715 -7 109 0.274418 0.0228752 
6.30632 -1.54879 -7 115 0.158163 -0.138007 
4.50714 -1.04124 -7 119 0.462149 -0.13179 
4.46367 -0.542201 -7 125 0.489556 -0.0257622 
6.6867 0.183154 -7 127 0.149305 0.153107 
6.46481 -1.88245 -7 128 0.132263 -0.183988 
3.77354 -0.887468 -7 133 0.647235 -0.140973 
6.08103 -0.977971 -7 134 0.199642 -0.0519624 
4.29646 -0.0380129 -7 139 0.547417 0.0830959 
6.59087 -1.1778 -7 141 0.132205 -0.0678379 
4.8725 1.3091 -7 142 0.467588 0.385435 
6.26277 1.2623 -7 143 0.228038 0.341021 
6.4687 -1.97232 -7 149 0.129963 -0.197881 
7 -0.0623122 -3.31422 152 -0.532786 0.20332 
7 -1.59791 -6.35011 157 0.00206725 -0.123053 
7 1.75895 -5.06184 159 -0.122589 0.51771 
7 0.863395 -4.44339 163 -0.254442 0.365288 
7 -0.724268 -3.10497 165 -0.599974 0.0459976 
7 -0.863938 -6.09367 166 -0.0176493 -0.00436381 
7 1.33843 -4.95324 172 -0.149833 0.43733 
7 0.759759 -5.08223 173 -0.13887 0.313091 
7 -0.518283 -3.0968 179 -0.599685 0.0969981 
7 0.741437 -4.00824 180 -0.348715 0.361821 
7 -0.563655 -4.89557 181 -0.195952 0.0584317 
7 0.831841 -5.58946 182 -0.0563917 0.306129 
7 1.69172 -5.79597 183 -0.00857012 0.45834 
7 0.0865561 -4.29161 189 -0.299257 0.203832 
7 -1.97934 -4.46413 190 -0.299983 -0.216625 
7 0.781169 -6.98961 200 0.124241 0.25015 
