-9.17118 2.78792 0.352843 50 -0.665389 0.329915 
-9.06868 2.8471 0.616604 61 -0.687962 0.388442 
-9.53193 2.57964 -0.151691 69 -0.585767 0.237491 
-9.48597 2.60618 0.402373 91 -0.600703 0.335246 
-9.49264 2.60233 0.71894 111 -0.60773 0.393142 
-9.4138 2.64784 -0.749638 127 -0.59522 0.139895 
-9.10665 2.82518 -0.067222 132 -0.668751 0.258401 
-8.89144 2.94943 -0.995818 139 -0.692807 0.090043 
-9.27136 2.73008 -1.79969 152 -0.606163 -0.0325345 
-9.09008 2.83474 -1.5709 176 -0.644301 -0.00321759 
-9.31972 2.70216 0.881481 208 -0.642705 0.42791 
-7.46287 -1.07392 -1.59589 252 0.0532436 -0.0706259 
-9.1587 1.86333 -0.988996 253 -0.477428 0.0954645 
-9.52122 2.49124 -1.0717 257 -0.556347 0.0856053 
-8.93601 1.47762 -0.633868 259 -0.423229 0.155449 
-7.4714 -1.05915 0.355818 260 0.0634979 0.373305 
-6.64917 -2.4833 -0.440182 261 0.461466 0.179859 
-8.62862 0.94521 0.119044 265 -0.346634 0.296266 
-9.05625 1.68588 -1.53396 267 -0.444771 0.000516087 
-9.13681 1.82542 0.452008 276 -0.4888 0.350337 
-6.35803 -2.98756 0.146678 278 0.667956 0.347861 
-6.90676 -2.03715 -0.996423 283 0.311005 0.043524 
-8.62523 0.939344 -1.18054 287 -0.331748 0.0510178 
-8.12164 0.0670859 0.804812 290 -0.190416 0.450875 
-6.93825 -1.9826 -0.53082 295 0.305558 0.157986 
-6.74023 -2.32557 -0.914689 296 0.397774 0.0571742 
-8.26682 0.318554 -1.13985 297 -0.222097 0.049307 
-7.95776 -0.216756 -0.267516 301 -0.127268 0.223556 
-7.19832 -1.53215 -0.65154 305 0.17922 0.12867 
-7.50388 -1.00291 -1.74177 307 0.0360244 -0.0947515 
-7.75587 -0.566441 -1.28568 308 -0.0546184 0.00502742 
-8.641 0.966654 -0.16123 311 -0.35063 0.238372 
-9.31057 2.12638 -0.0551822 313 -0.523572 0.257246 
-6.53509 -2.68089 -1.87527 314 0.488827 -0.189602 
-7.11395 -1.67828 -0.473701 317 0.220632 0.171008 
-6.44508 -2.83679 -1.6951 321 0.547858 -0.157166 
-7.51344 -0.986333 -0.814325 323 0.0393183 0.0945816 
-8.81253 1.26375 -0.857651 325 -0.390691 0.111602 
-7.53876 -0.942491 0.491179 328 0.0338419 0.402825 
-7.72464 -0.62053 -0.0248013 332 -0.0401621 0.277363 
-7.95987 -0.213096 0.306596 339 -0.130207 0.349518 
-8.52917 0.772963 -1.76171 342 -0.301925 -0.0510856 
-6.83154 -2.16742 0.486301 345 0.377288 0.431322 
-8.12381 0.0708475 -1.49958 347 -0.184354 -0.0242062 
-8.00123 -0.141456 -0.325795 349 -0.142208 0.208312 
-7.28977 -1.37375 -1.87683 352 0.127969 -0.139617 
-7.45408 -1.08915 -1.1234 354 0.0568422 0.0332778 
-7.13206 -1.6469 0.386525 358 0.218495 0.388331 
-8.82998 1.29397 -1.283 359 -0.389441 0.0340134 
-7.24008 -1.45982 0.239176 360 0.168289 0.346104 
-8.26227 0.31067 0.618929 366 -0.236608 0.407918 
-6.57086 -2.61894 0.112404 367 0.527181 0.33071 
-6.73207 -2.33972 -0.455992 369 0.41468 0.176027 
-6.90193 -2.0455 0.150108 371 0.332932 0.336764 
-6.32726 -3.04087 -1.31425 373 0.633448 -0.0662883 
-8.43087 0.60269 -0.733047 375 -0.281175 0.13143 
-9.0577 1.6884 -0.174837 377 -0.460401 0.234344 
-8.19099 0.187209 -1.2445 378 -0.205267 0.0304499 
-7.6338 -0.777869 -0.0587155 380 -0.00816 0.270559 
-9.37546 2.23878 -1.18001 383 -0.524729 0.0713164 
-6.69448 -2.40482 0.483031 384 0.457877 0.434752 
-9.14202 1.83445 -1.39071 391 -0.464999 0.029641 
-6.74479 -2.31769 0.740399 393 0.441991 0.509775 
-9.48121 2.42194 -1.26659 396 -0.544493 0.0548515 
-7.37732 -1.22211 -1.65372 397 0.0919616 -0.0861155 
-8.52092 0.758672 -1.7528 399 -0.297995 -0.0556869 
-6.97577 -1.91761 -0.4901 401 0.28536 0.167221 
-9.44529 2.35972 -1.11888 402 -0.538801 0.0761483 
-7.81782 -0.459131 0.076778 403 -0.0769739 0.297864 
-6.46686 -2.79907 -0.256321 409 0.578694 0.22563 
-7.63883 -0.769162 -0.119058 410 -0.00966927 0.255558 
-8.91993 1.44977 0.165011 413 -0.426983 0.299552 
-7.3798 -1.21781 -1.93698 415 0.0885162 -0.145533 
-8.21371 0.226557 -0.790225 417 -0.215804 0.117999 
-7.84199 -0.417283 -1.30465 420 -0.0874858 0.00346302 
-9.51944 2.48816 0.340095 422 -0.578314 0.325615 
-7.91669 -0.287895 -0.0147918 423 -0.115432 0.275867 
-8.92471 1.45805 -1.88576 426 -0.405343 -0.0604987 
-8.05966 -0.0402563 -0.2345 439 -0.165407 0.229452 
-6.44049 -2.84475 -0.804824 441 0.581445 0.0750419 
-6.48803 -2.7624 0.108587 442 0.576206 0.336778 
-6.23335 -3.20352 -1.64394 444 0.677661 -0.160732 
-7.28007 -1.39054 -0.1606 450 0.144812 0.24708 
-6.50928 -2.7256 -0.0902829 452 0.560239 0.275889 
-8.18295 0.173293 -0.148578 455 -0.2091 0.246885 
-8.15687 0.12812 0.541817 457 -0.201945 0.393379 
-7.48055 -1.0433 0.202815 459 0.0587996 0.331796 
-8.06618 -0.0289635 1.04644 461 -0.17061 0.509563 
-6.65278 -2.47704 -0.576839 463 0.46056 0.139382 
-8.66593 1.00983 0.45259 465 -0.365759 0.359214 
-7.42117 -1.14615 0.204588 467 0.0853701 0.337781 
-9.45274 2.37263 -1.8729 469 -0.528623 -0.0378421 
-7.72533 -0.619337 0.904189 476 -0.0407034 0.494199 
-7.83655 -0.426699 0.919261 479 -0.0879847 0.493605 
-7.18002 -1.56384 -1.73226 481 0.173603 -0.11251 
-7.03065 -1.82256 -1.92608 482 0.239023 -0.165172 
-6.7498 -2.309 -0.746357 485 0.397337 0.0989736 
-8.11594 0.0572182 0.887934 486 -0.188564 0.47033 
-9.2531 2.02685 -1.52478 488 -0.492631 0.00999085 
-9.11496 1.78758 0.0633076 493 -0.474769 0.278356 
-9.55916 2.55695 -0.634717 496 -0.570046 0.158082 
-9.00888 1.60385 -0.973121 498 -0.438108 0.102476 
