-3.17768 1.79522 -7 101 0.157379 0.493822 
-5.46333 -1.29075 -7 102 0.667405 -0.211499 
-4.55559 -0.250499 -7 105 0.489532 -0.000990045 
-2.11042 -0.0563179 -7 106 -0.0562796 -0.00100578 
-5.09885 0.316864 -7 107 0.564781 0.133474 
-5.05591 -0.451909 -7 117 0.579655 -0.0369965 
-3.07632 -1.96878 -7 120 0.244285 -0.49642 
-3.56835 0.827876 -7 121 0.26933 0.248351 
-2.10211 -0.684594 -7 129 -0.0402845 -0.185356 
-3.11373 -0.303232 -7 130 0.202968 -0.0450703 
-1.59533 0.795126 -7 132 -0.231404 0.244927 
-3.58737 1.4874 -7 135 0.254642 0.40941 
-0.615215 -0.161545 -7 146 -0.545924 -0.0783046 
-5.05277 -1.83336 -7 148 0.619219 -0.349695 
