-8.26463 0.314754 1.16404 251 83.8998 391.509 
-7.46287 -1.07392 -1.59589 252 226.947 122.954 
-8.41737 0.579321 1.27562 256 63.6412 401.909 
-7.4714 -1.05915 0.355818 260 220.55 323.594 
-6.64917 -2.4833 -0.440182 261 394.242 244.149 
-8.62862 0.94521 0.119044 265 33.4076 290.532 
-6.94006 -1.97946 1.55981 271 325.493 466.684 
-6.35803 -2.98756 0.146678 278 464.636 315.672 
-6.14897 -3.34967 0.179673 281 517.236 322.508 
-6.80803 -2.20814 1.05615 282 355.54 413.579 
-6.90676 -2.03715 -0.996423 283 337.695 181.676 
-8.62523 0.939344 -1.18054 287 38.6771 174.842 
-8.12164 0.0670859 0.804812 290 109.503 359.247 
-6.95343 -1.95631 1.29159 291 323.076 436.229 
-6.93825 -1.9826 -0.53082 295 329.532 231.005 
-6.74023 -2.32557 -0.914689 296 371.59 189.946 
-8.26682 0.318554 -1.13985 297 91.5905 176.485 
-6.06852 -3.48901 -1.9959 298 541.681 52.3869 
-8.648 0.978768 1.29878 299 28.3692 396.237 
-7.01036 -1.8577 1.45833 300 310.849 452.294 
-7.95776 -0.216756 -0.267516 301 137.807 258.532 
-8.24121 0.274194 1.30161 302 89.1908 406.966 
-6.1528 -3.34303 -1.89329 303 517.073 67.2555 
-7.19832 -1.53215 -0.65154 305 276.544 218.985 
-7.50388 -1.00291 -1.74177 307 219.807 111.457 
-7.75587 -0.566441 -1.28568 308 175.376 157.22 
-6.04128 -3.53619 -1.20014 309 548.333 149.175 
-6.64642 -2.48807 1.41126 310 391.697 459.901 
-8.641 0.966654 -0.16123 311 33.5944 266.226 
-6.53509 -2.68089 -1.87527 314 421.568 78.2312 
-7.11395 -1.67828 -0.473701 317 291.903 238.369 
-6.44508 -2.83679 -1.6951 321 444.211 96.051 
-7.51344 -0.986333 -0.814325 323 216.067 203.373 
-8.81253 1.26375 -0.857651 325 13.4082 203.407 
-7.53876 -0.942491 0.491179 328 209.057 337.057 
-7.72464 -0.62053 -0.0248013 332 176.418 282.582 
-7.68847 -0.683171 1.35649 337 180.787 422.031 
-7.95987 -0.213096 0.306596 339 134.635 314.521 
-8.52917 0.772963 -1.76171 342 51.9598 121.002 
-6.83154 -2.16742 0.486301 345 352.667 348.129 
-7.96405 -0.205854 1.31542 346 134.159 411.843 
-8.12381 0.0708475 -1.49958 347 113.973 140.048 
-8.00123 -0.141456 -0.325795 349 131.173 253.431 
-7.28977 -1.37375 -1.87683 352 260.036 91.8856 
-7.45408 -1.08915 -1.1234 354 227.786 172.687 
-7.13206 -1.6469 0.386525 358 287.359 332.884 
-8.82998 1.29397 -1.283 359 10.9428 165.737 
-7.24008 -1.45982 0.239176 360 264.762 314.815 
-8.26227 0.31067 0.618929 366 87.5127 339.738 
-6.57086 -2.61894 0.112404 367 410.525 306.749 
-6.73207 -2.33972 -0.455992 369 373.427 242.072 
-8.81299 1.26454 1.68087 370 4.59919 429.612 
-6.90193 -2.0455 0.150108 371 336.588 309.071 
-7.92892 -0.2667 1.10434 372 139.301 393.407 
-6.32726 -3.04087 -1.31425 373 472.584 140.391 
-8.43087 0.60269 -0.733047 375 65.748 213.982 
-8.19099 0.187209 -1.2445 378 101.7 165.741 
-7.6338 -0.777869 -0.0587155 380 192.922 280.412 
-6.69448 -2.40482 0.483031 384 381.893 351.281 
-8.12127 0.0664484 1.25361 388 107.41 405.353 
-6.74479 -2.31769 0.740399 393 367.946 378.865 
-7.37732 -1.22211 -1.65372 397 243.94 114.073 
-8.52092 0.758672 -1.7528 399 55.662 122.247 
-6.97577 -1.91761 -0.4901 401 323.054 237.031 
-7.81782 -0.459131 0.076778 403 158.226 292.647 
-7.52277 -0.970174 1.1088 406 210.833 401.402 
-6.46686 -2.79907 -0.256321 409 438.564 266.765 
-7.63883 -0.769162 -0.119058 410 191.873 271.999 
-7.3798 -1.21781 -1.93698 415 245.344 88.087 
-8.21371 0.226557 -0.790225 417 97.2011 206.028 
-7.84199 -0.417283 -1.30465 420 160.994 155.535 
-7.91669 -0.287895 -0.0147918 423 143.431 282.733 
-6.09064 -3.4507 -1.01841 424 535.056 171.488 
-6.00176 -3.60464 0.426871 430 558.664 357.097 
-8.05966 -0.0402563 -0.2345 439 120.689 263.397 
-6.44049 -2.84475 -0.804824 441 442.394 203.172 
-6.48803 -2.7624 0.108587 442 431.16 308.873 
-6.23335 -3.20352 -1.64394 444 497.723 101.012 
-7.28007 -1.39054 -0.1606 450 259.038 272.243 
-6.50928 -2.7256 -0.0902829 452 424.309 284.868 
-8.18295 0.173293 -0.148578 455 102.701 268.4 
-8.15687 0.12812 0.541817 457 104.506 332.895 
-6.03331 -3.55 -0.591601 458 550.613 227.669 
-7.48055 -1.0433 0.202815 459 219.127 307.334 
-8.06618 -0.0289635 1.04644 461 115.601 384.422 
-6.65278 -2.47704 -0.576839 463 394.746 227.988 
-8.66593 1.00983 0.45259 465 27.0722 320.778 
-7.42117 -1.14615 0.204588 467 231.305 309.292 
-5.94183 -3.70845 -0.699449 468 574.837 211.485 
-5.88723 -3.80302 -0.421933 473 592.445 248.153 
-7.72533 -0.619337 0.904189 476 174.116 376.674 
-8.78933 1.22356 1.82285 477 6.57964 442.18 
-7.83655 -0.426699 0.919261 479 153.951 376.716 
-7.18002 -1.56384 -1.73226 481 283.724 104.164 
-7.03065 -1.82256 -1.92608 482 312.803 84.4628 
-6.7498 -2.309 -0.746357 485 370.236 209.184 
-8.11594 0.0572182 0.887934 486 107.982 368.692 
-8.80838 1.25656 1.8581 487 4.61401 444.967 
-5.72951 -4.0762 -0.498216 489 639.066 238.658 
