4.31342 6.52894 -1.60055 753 0.374221 -0.278377 
3.95041 7.15768 -0.115486 754 0.578598 0.0557036 
5.20903 4.97769 -0.50044 755 -0.0223917 0.0293915 
4.31954 6.51834 0.440036 760 0.431899 0.22163 
3.65369 7.67162 -0.409443 763 0.685563 -0.0195326 
6.15778 3.33441 -0.551726 764 -0.566935 0.0658789 
4.46197 6.27165 0.273057 769 0.367461 0.184319 
3.94821 7.16151 -0.305332 771 0.574578 0.0147816 
5.03444 5.28009 -1.71136 772 0.03261 -0.290417 
5.86576 3.8402 -1.56683 775 -0.411965 -0.230873 
4.57465 6.07647 -0.980151 777 0.271749 -0.11798 
5.7277 4.07932 -1.90892 781 -0.344915 -0.323984 
5.84347 3.87882 -1.54309 787 -0.401363 -0.226686 
4.09862 6.90098 -0.651429 789 0.494011 -0.0563754 
3.94393 7.16891 1.20445 790 0.619477 0.383269 
6.3358 3.02608 -0.89504 793 -0.685822 -0.0219878 
5.18216 5.02423 -0.915456 795 -0.0262466 -0.0818766 
5.95878 3.67909 -1.91848 799 -0.467842 -0.325487 
4.59582 6.03981 -1.8766 800 0.233251 -0.33164 
4.05686 6.97332 -1.81735 802 0.476078 -0.327205 
3.73411 7.53233 -1.49404 804 0.618776 -0.264316 
4.51996 6.17121 -1.82406 806 0.273567 -0.325405 
3.68413 7.6189 -0.207288 807 0.678768 0.0247314 
5.10188 5.16328 -1.16456 819 0.0154961 -0.150074 
5.52148 4.43652 -0.0547931 822 -0.177758 0.163004 
3.75485 7.49641 -1.09591 823 0.62431 -0.174513 
5.5405 4.40357 -1.44396 835 -0.226147 -0.206134 
4.15625 6.80116 -0.0422045 847 0.491789 0.0877492 
4.99376 5.35056 -0.727822 848 0.0770287 -0.0419825 
3.61746 7.73437 -1.94874 852 0.650046 -0.360872 
5.62913 4.25005 -0.845981 855 -0.256722 -0.0431234 
3.63106 7.71081 -1.67758 859 0.652788 -0.304397 
4.56207 6.09827 -1.67131 861 0.2617 -0.28744 
5.34442 4.7432 -0.804129 863 -0.0993558 -0.0425718 
4.3546 6.4576 0.374594 864 0.420489 0.204023 
4.06751 6.95487 -1.6458 865 0.480747 -0.291341 
4.94977 5.42675 -0.328941 868 0.112859 0.0573823 
5.87176 3.82982 -1.86513 873 -0.426402 -0.311462 
4.41808 6.34766 -1.43643 876 0.33232 -0.232501 
5.30638 4.80908 -0.846641 879 -0.0818244 -0.0568052 
4.56699 6.08973 -1.84141 883 0.255175 -0.328457 
4.79043 5.70272 0.841803 884 0.229999 0.354446 
5.48992 4.49117 1.01765 885 -0.132414 0.468676 
6.14997 3.34793 -0.772956 886 -0.569942 0.0032636 
3.96207 7.13749 -0.131759 891 0.571388 0.058446 
4.38822 6.39938 -1.26668 892 0.346337 -0.19686 
5.33186 4.76494 0.690372 894 -0.0552025 0.360558 
5.88934 3.79937 -0.91473 896 -0.4099 -0.0511868 
5.07479 5.21021 -0.592079 897 0.0451384 -0.00284014 
3.79506 7.42677 -1.15471 899 0.604891 -0.183094 
4.24153 6.65346 -1.08896 903 0.419546 -0.156012 
4.97651 5.38043 -1.78963 905 0.0589281 -0.304585 
5.14042 5.09654 0.266927 906 0.035195 0.229276 
4.61439 6.00765 -1.15812 909 0.247261 -0.162382 
4.70431 5.85189 0.465414 910 0.25792 0.248468 
6.05282 3.51621 -1.75001 911 -0.524974 -0.275552 
4.24347 6.65009 0.760465 912 0.480717 0.290701 
3.88292 7.27458 0.732852 918 0.633722 0.260035 
4.81756 5.65573 0.693441 919 0.210746 0.317368 
4.74735 5.77734 -1.4318 921 0.18451 -0.22382 
3.89561 7.2526 -0.984565 922 0.572364 -0.143531 
5.93483 3.72057 -1.99581 926 -0.462701 -0.344593 
4.92972 5.46147 0.685045 928 0.153447 0.326674 
4.89688 5.51835 -1.08993 939 0.11872 -0.134962 
4.93218 5.45722 -0.369873 940 0.124683 0.0476972 
5.5287 4.42402 0.271974 943 -0.177243 0.255529 
5.34394 4.74403 -0.45553 947 -0.0927756 0.0447465 
5.85587 3.85734 -1.13495 948 -0.39732 -0.113375 
6.22795 3.21288 -0.545567 952 -0.612412 0.0712038 
5.80798 3.94029 0.203205 953 -0.339259 0.262138 
3.89811 7.24827 1.30532 954 0.647093 0.401226 
4.95506 5.41758 -0.74361 957 0.0994094 -0.0453979 
6.10007 3.43436 0.816237 960 -0.501514 0.471585 
5.615 4.27453 -0.380425 961 -0.245123 0.086948 
5.29086 4.83597 -1.98418 962 -0.0974175 -0.354441 
5.54904 4.38878 0.419383 964 -0.18403 0.304084 
6.0817 3.46619 -1.62949 965 -0.534898 -0.244952 
4.28105 6.58501 -0.348295 969 0.425434 0.021504 
5.19076 5.00935 -1.7233 970 -0.0482516 -0.288224 
4.4012 6.3769 -1.37641 973 0.340236 -0.223824 
4.12313 6.85854 -0.122495 977 0.502766 0.0676854 
6.2372 3.19685 0.871776 983 -0.589293 0.502367 
4.93575 5.45104 -0.7803 984 0.110527 -0.0560271 
5.51818 4.44223 -1.47775 990 -0.212902 -0.214848 
4.40456 6.37107 0.274064 992 0.391865 0.18142 
5.53617 4.41107 -1.97751 993 -0.235868 -0.351399 
5.97808 3.64567 0.0489525 995 -0.440298 0.23153 
4.26624 6.61065 0.689474 996 0.470111 0.275111 
4.40907 6.36327 1.15293 997 0.417751 0.402723 
4.63799 5.96676 0.669191 998 0.300581 0.295681 
