-1.97014 0.361326 7 3 595.443 293.522 
-2.93389 0.906698 7 9 472.672 379.707 
-2.14837 -1.21575 7 10 519.125 89.9929 
-4.80195 0.41523 7 21 282.242 338.035 
-3.28746 -0.347612 7 22 403.119 233.901 
-5.92999 -1.73451 7 23 186.31 169.339 
-5.37012 0.037908 7 24 237.927 308.209 
-5.21106 1.44812 7 29 266.548 441.251 
-5.40598 0.152698 7 30 236.98 318.983 
-2.84657 -0.836733 7 31 440.794 165.014 
-2.21352 -0.0799941 7 33 543.211 238.297 
-5.875 -0.508694 7 36 201.382 267.328 
-4.02466 -0.174699 7 39 335.862 268.211 
-3.22548 0.288125 7 40 423.47 306.1 
-5.59816 -0.619665 7 42 216.308 253.649 
-3.26615 1.27581 7 43 441.403 427.403 
-6.33365 0.109205 7 44 182.29 323.934 
-2.70348 -0.732172 7 47 460.141 172.136 
-6.25916 0.145289 7 48 186.62 326.278 
-7 0.78654 5.75191 68 52.5371 409.991 
-7 -0.14175 5.47309 72 17.4213 324.847 
-7 1.61955 6.53315 73 127.82 464.707 
-7 0.883221 6.2108 82 95.5176 407.465 
-7 1.46933 5.82185 93 64.4999 475.36 
-7 -0.576654 5.65743 96 33.7336 282.137 
