7 -1.49784 0.349314 151 -0.608175 -0.409878 
7 -0.0623122 -3.31422 152 0.294237 0.00574921 
7 0.36994 -1.65205 155 -0.0704757 0.102841 
7 0.947338 -0.351981 158 -0.403683 0.251778 
7 1.75895 -5.06184 159 0.586377 0.369196 
7 0.343459 -2.54532 160 0.131102 0.0953333 
7 -0.647617 -0.188366 161 -0.447263 -0.162176 
7 1.08732 -1.94397 162 -0.0080047 0.267966 
7 0.863395 -4.44339 163 0.493649 0.19902 
7 -0.724268 -3.10497 165 0.259586 -0.143441 
7 1.33843 -4.95324 172 0.57435 0.289154 
7 0.759759 -5.08223 173 0.604076 0.17481 
7 1.97211 0.0439567 176 -0.514329 0.515202 
7 -0.518283 -3.0968 179 0.255595 -0.0970022 
7 0.741437 -4.00824 180 0.41706 0.176535 
7 -0.563655 -4.89557 181 0.592125 -0.0917103 
7 0.831841 -5.58946 182 0.68498 0.186236 
7 -0.443496 -0.586995 184 -0.336494 -0.103333 
7 -1.20096 -0.713027 185 -0.299904 -0.299566 
7 -0.746732 -0.782938 186 -0.282769 -0.179419 
7 0.0865561 -4.29161 189 0.477154 0.0399648 
7 -1.97934 -4.46413 190 0.537276 -0.398551 
7 -1.56385 -0.742436 193 -0.29063 -0.395193 
7 -1.07027 0.309808 197 -0.595192 -0.28755 
7 1.83558 -1.14915 198 -0.200263 0.453417 
