1.69792 -0.977731 -7 104 437.717 76.9952 
5.64257 -0.481715 -7 109 40.9755 120.213 
2.26927 0.767181 -7 111 325.895 304.339 
2.74139 -0.240151 -7 113 290.312 167.386 
6.30632 -1.54879 -7 115 13.0934 19.4762 
4.50714 -1.04124 -7 119 134.341 66.6638 
2.98659 0.138239 -7 123 256.278 210.832 
0.474792 -0.485198 -7 124 627.939 159.087 
4.46367 -0.542201 -7 125 129.848 119.696 
3.77354 -0.887468 -7 133 196.135 84.3479 
6.08103 -0.977971 -7 134 19.2968 72.0137 
3.34213 1.4046 -7 137 196.898 354.295 
0.97797 0.750031 -7 138 508.877 340.191 
4.29646 -0.0380129 -7 139 135.51 174.839 
4.8725 1.3091 -7 142 68.5079 307.375 
1.9715 1.13953 -7 144 355.664 362.428 
1.45576 0.553777 -7 145 439.268 296.716 
