-7 1.12101 -6.65735 79 546.036 465.337 
-7 -1.84392 -6.0007 85 630.008 213.651 
-7 0.592834 -6.66606 94 550.196 418.496 
-7 -0.609874 -5.90804 100 629.527 325.437 
-5.46333 -1.29075 -7 102 459.682 235.373 
-4.55559 -0.250499 -7 105 383.381 318.687 
-2.11042 -0.0563179 -7 106 117.705 305.499 
-5.09885 0.316864 -7 107 415.387 379.536 
-5.05591 -0.451909 -7 117 422.78 305.177 
-3.07632 -1.96878 -7 120 282.942 102.233 
-3.56835 0.827876 -7 121 275.764 431.025 
-6.20015 -0.954561 -7 122 498.311 275.934 
-2.10211 -0.684594 -7 129 135.303 220.038 
-3.11373 -0.303232 -7 130 251.656 291.981 
-1.30535 -1.94469 -7 131 52.9403 12.5781 
-1.59533 0.795126 -7 132 3.0097 427.466 
-6.2831 -0.370457 -7 140 496.857 325.784 
-5.05277 -1.83336 -7 148 440.378 178.697 
-6.46998 0.52855 -7 150 497.825 403.633 
