-7 -1.78251 -2.62609 53 119.738 103.78 
-7 -0.29883 -1.326 55 243.028 253.568 
-7 0.46862 -2.98529 58 56.3445 337.794 
-7 -1.05185 -1.49538 60 228.955 173.666 
-7 -0.184126 -2.39523 62 126.927 265.659 
-7 1.26508 -0.184774 63 371.993 443.847 
-7 -1.45394 1.58819 66 569.423 127.112 
-7 -1.07602 2.04225 70 627.347 166.682 
-7 0.577231 -1.47952 76 220.747 353.663 
-7 -1.86155 -2.22478 77 160.081 95.3635 
-7 -0.166603 0.216342 87 417.635 269.177 
-7 0.312724 -0.335245 92 353.637 324.523 
-7 -1.56958 -3.12031 95 69.0632 125.028 
-7 1.52805 -2.92335 98 47.7882 465.439 
-7 -1.0576 1.73598 99 590.903 169.099 
