-1.97014 0.361326 7 3 389.324 285.62 
-2.93389 0.906698 7 9 270.842 352.78 
-2.14837 -1.21575 7 10 366.371 81.038 
-0.578608 0.00250695 7 11 609.363 230.405 
-0.39693 -1.00404 7 12 635.559 69.6849 
-4.80195 0.41523 7 21 100.631 287.43 
-3.28746 -0.347612 7 22 237.51 200.053 
-5.92999 -1.73451 7 23 35.8167 89.5869 
-5.37012 0.037908 7 24 61.3485 249.348 
-5.21106 1.44812 7 29 63.4515 393.272 
-5.40598 0.152698 7 30 58.1144 260.653 
-2.84657 -0.836733 7 31 284.896 138.487 
-3.76175 1.7333 7 32 182.578 445.239 
-2.21352 -0.0799941 7 33 357.69 226.684 
-5.875 -0.508694 7 36 31.258 199.241 
-4.02466 -0.174699 7 39 167.68 223.515 
-3.22548 0.288125 7 40 241.638 274.851 
-5.59816 -0.619665 7 42 50.0486 187.26 
-3.26615 1.27581 7 43 233.938 395.986 
-2.70348 -0.732172 7 47 300.413 149.113 
-6.25916 0.145289 7 48 2.83457 260.581 
