-7 1.12101 -6.65735 79 567.672 469.051 
-7 0.592834 -6.66606 94 572.375 421.957 
-5.46333 -1.29075 -7 102 481.72 236.692 
-4.55559 -0.250499 -7 105 404.476 321.43 
-2.11042 -0.0563179 -7 106 142.654 310.044 
-5.09885 0.316864 -7 107 436.149 382.294 
-5.05591 -0.451909 -7 117 444.033 307.577 
-3.07632 -1.96878 -7 120 304.957 104.285 
-3.56835 0.827876 -7 121 297.387 433.796 
-6.20015 -0.954561 -7 122 520.484 277.428 
-1.05355 -1.5594 -7 126 21.3834 57.2811 
-2.10211 -0.684594 -7 129 159.466 224.942 
-3.11373 -0.303232 -7 130 273.755 295.618 
-1.30535 -1.94469 -7 131 78.0886 18.4119 
-1.59533 0.795126 -7 132 32.8638 430.383 
-6.2831 -0.370457 -7 140 518.554 327.869 
-5.05277 -1.83336 -7 148 462.629 179.37 
-6.46998 0.52855 -7 150 518.82 406.263 
