-2.11042 -0.0563179 -7 106 0.577637 -0.219743 
-0.235026 1.16667 -7 114 0.0591283 0.296128 
-0.0787955 1.33173 -7 116 0.019303 0.36023 
-1.66978 1.93068 -7 118 0.561228 0.43992 
0.474792 -0.485198 -7 124 -0.28415 -0.196742 
-2.10211 -0.684594 -7 129 0.536672 -0.421326 
-1.59533 0.795126 -7 132 0.468704 0.0852815 
0.97797 0.750031 -7 138 -0.367669 0.24483 
1.9715 1.13953 -7 144 -0.676492 0.444241 
1.45576 0.553777 -7 145 -0.542309 0.213467 
-0.615215 -0.161545 -7 146 0.0958893 -0.159992 
0.206379 -1.0164 -7 147 -0.230825 -0.390178 
