-3.11304 -8.60806 -1.9166 254 392.791 99.6428 
-3.48222 -7.96863 1.84681 255 388.186 438.373 
-4.57399 -6.07762 1.59563 258 162.449 475.849 
-2.75039 -9.23619 0.329719 263 463.854 277.924 
-3.07463 -8.67459 -1.54793 266 400.464 128.022 
-2.57499 -9.53998 1.60069 268 500.181 380.558 
-2.72709 -9.27655 -1.48729 269 445.029 137.152 
-4.57341 -6.07862 1.60241 272 161.532 474.979 
-3.88769 -7.26632 -1.50954 277 281.066 115.747 
-4.24528 -6.64697 0.694015 279 232.216 343.524 
-5.01096 -5.32075 -0.777348 280 18.4647 174.32 
-3.32874 -8.23445 -1.42324 285 370.027 132.111 
-3.49888 -7.93976 0.772929 286 369.331 331.745 
-4.95189 -5.42307 -0.262658 289 41.2944 242.407 
-4.9932 -5.35153 -1.23628 292 23.4666 118.079 
-3.44968 -8.02497 0.167007 293 368.872 272.921 
-3.04378 -8.72802 1.54345 294 446.786 391.094 
-3.22332 -8.41705 1.89644 304 424.088 431.495 
-3.93868 -7.178 -1.57121 306 268.855 108.932 
-3.32508 -8.2408 -1.51403 315 368.09 125.382 
-3.63057 -7.71167 -1.43695 316 323.927 127.562 
-4.92427 -5.47091 0.898447 318 52.7583 400.378 
-4.81248 -5.66455 -1.64507 319 73.6798 75.7725 
-3.09129 -8.64573 1.79249 320 441.725 416.31 
-4.10365 -6.89227 -1.45523 322 238.83 116.956 
-3.06428 -8.69251 -0.666718 324 412.521 199.904 
-4.30377 -6.54565 0.385968 326 215.493 310.253 
-4.07384 -6.9439 0.0649336 330 260.543 270.247 
-4.85494 -5.591 -1.94807 331 61.2745 38.1785 
-3.49997 -7.93787 0.446165 333 362.753 299.29 
-3.35488 -8.18918 1.50964 334 402.682 399.726 
-4.50583 -6.19567 0.376914 336 168.746 314.322 
-4.09708 -6.90364 0.281542 338 259.55 293.837 
-3.77569 -7.46032 0.825581 340 324.821 343.257 
-4.16753 -6.78163 0.981089 341 250.888 372.986 
-4.78378 -5.71426 0.966713 344 97.6768 402.943 
-4.31667 -6.52331 1.57757 348 225.384 454.408 
-3.62005 -7.72989 0.845456 350 352.336 342.53 
-4.2793 -6.58803 -1.32765 353 206.303 124.786 
-2.64072 -9.42615 1.95256 355 498.766 413.18 
-3.10287 -8.62567 -0.357131 361 411.637 223.403 
-4.93982 -5.44397 -1.05261 362 40.3203 142.117 
-4.34584 -6.47278 1.58859 363 219.094 458.068 
-3.98712 -7.09411 0.170839 364 279.033 279.416 
-4.44212 -6.30602 -1.20213 365 169.043 134.698 
-3.32955 -8.23305 -1.41411 368 370.307 133.516 
-2.62582 -9.45194 -1.96759 374 449.716 103.845 
-3.72571 -7.54688 0.335972 382 328.481 293.649 
-3.02092 -8.76762 -1.67324 386 405.97 119.442 
-4.55591 -6.10892 1.47438 387 166.246 456.451 
-3.14704 -8.54917 1.54174 390 431.497 393.512 
-4.97755 -5.37862 1.00983 392 36.8216 419.934 
-4.85021 -5.5992 -1.40794 394 64.7603 101.916 
-2.75281 -9.23199 0.225616 395 461.737 270.474 
-3.18967 -8.47533 1.85927 400 427.066 425.923 
-3.33676 -8.22056 -0.399899 404 377.594 218.551 
-3.20418 -8.4502 0.757211 405 411.98 323.024 
-3.32846 -8.23494 1.89335 407 410.552 436.168 
-4.67743 -5.89845 0.0191106 408 121.021 276.165 
-4.7162 -5.8313 -1.22464 411 102.427 124.561 
-3.05904 -8.70159 0.925619 412 432.088 336.382 
-2.74941 -9.23788 0.292754 416 463.581 275.499 
-4.24744 -6.64321 -1.92173 418 206.917 68.9583 
-4.59318 -6.04438 0.332137 419 145.557 311.597 
-3.28794 -8.30512 -0.582867 425 383.359 204.572 
-4.10084 -6.89714 -0.211774 427 252.716 243.3 
-2.88356 -9.00553 1.61269 428 464.961 390.398 
-3.57786 -7.80296 1.13653 429 362.372 370.413 
-4.2527 -6.63411 -0.951124 431 214.306 163.877 
-4.54469 -6.12836 -1.52013 432 144.848 97.7752 
-3.71801 -7.56021 -1.73791 433 305.786 97.0099 
-2.84073 -9.07972 -1.27039 435 433.581 149.772 
-4.68557 -5.88436 -1.8811 438 106.644 56.6123 
-4.8407 -5.61566 -0.0396453 440 73.2682 270.644 
-4.21563 -6.69831 -0.927394 445 224.048 167.477 
-4.75369 -5.76637 0.970583 446 106.693 401.464 
-4.02746 -7.02424 -1.63148 447 251.746 100.361 
-2.97704 -8.84361 -0.559065 449 424.302 208.716 
-4.46089 -6.27351 1.45209 451 188.388 449.229 
-3.13049 -8.57784 0.930095 453 423.641 336.447 
-2.83311 -9.09292 -0.904736 454 438.082 180.701 
-3.07985 -8.66554 0.939564 456 432.339 335.582 
-2.82678 -9.10387 0.818773 460 460.129 319.852 
-4.41902 -6.34603 0.58457 470 190.686 337.735 
-4.6459 -5.95307 0.77707 474 133.748 371.673 
-2.94605 -8.89729 1.87197 478 461.602 416.204 
-3.62908 -7.71426 0.283949 480 344.069 285.901 
-4.72984 -5.80768 1.01961 483 114.465 406.705 
-3.75747 -7.49188 -0.114405 484 316.059 248.959 
-4.07094 -6.94893 1.07534 490 271.18 380.947 
-4.92481 -5.46997 -1.54112 491 43.6995 83.5671 
-2.61113 -9.47739 -1.5069 492 455.738 136.472 
-3.63585 -7.70252 0.600044 494 344.937 318.863 
-3.6271 -7.71768 0.36592 497 343.297 294.118 
-3.46213 -8.00341 0.473249 499 371.044 301.051 
-3.9326 -7.18855 1.52347 500 303.027 424.792 
-1.33469 -8.85349 -0.250941 535 584.854 202.897 
-0.805849 -8.54816 -1.1322 539 633.46 95.2734 
-1.55768 -8.98223 1.00965 540 587.619 329.648 
-0.942173 -8.62687 -1.81306 542 601.307 38.8851 
-2.54087 -9.54988 -1.96382 546 457.806 103.696 
-2.17518 -9.33875 -0.02102 551 510.888 242.643 
-1.37853 -8.8788 -0.140968 554 583.081 217.014 
-1.35618 -8.8659 -1.86663 561 556.05 57.8332 
-2.39776 -9.46725 -1.50147 566 472.817 133.598 
-2.13398 -9.31496 -0.61668 585 503.126 193.863 
-1.80668 -9.12599 1.44164 586 566.12 370.969 
-1.05884 -8.69422 -0.500411 598 615.775 172.087 
-1.85453 -9.15362 1.00414 599 554.69 328.998 
-0.918376 -8.61313 -1.76208 603 605.377 42.5902 
-2.0658 -9.2756 0.128408 612 521.036 254.117 
-2.28434 -9.40177 0.767727 616 511.557 311.449 
-1.43619 -8.91209 -1.99412 619 546.408 51.076 
-1.39269 -8.88697 -0.919729 622 566.779 144.301 
-1.85496 -9.15386 1.85126 623 567.827 409.493 
-2.10532 -9.29841 0.971801 625 531.757 326.965 
-1.41788 -8.90152 -1.16565 639 561.431 122.744 
-1.37552 -8.87706 0.232198 643 591.829 253.462 
-1.56414 -8.98596 -0.787846 645 552.9 161.316 
-1.00763 -8.66466 -0.50403 660 619.363 169.513 
-1.48552 -8.94057 0.517606 676 583.592 282.231 
-1.10245 -8.71941 -0.567007 677 609.572 164.91 
-2.31293 -9.41827 1.81431 707 525.157 400.557 
-0.939569 -8.62536 -0.32294 718 634.273 184.381 
-1.908 -9.18449 1.52916 719 557.217 378.771 
-1.49578 -8.94649 0.981389 746 591.728 326.012 
