-7 0.21307 2.3409 51 496.332 398.321 
-7 -0.29883 -1.326 55 58.8151 343.904 
-7 -0.441068 2.32778 56 489.085 322.005 
-7 -1.05185 -1.49538 60 46.0283 252.074 
-7 -1.45394 1.58819 66 403.604 210.978 
-7 -1.07602 2.04225 70 453.839 251.831 
-7 -1.87164 2.51938 75 496.723 170.062 
-7 0.577231 -1.47952 76 27.2299 460.299 
-7 -1.9255 2.82609 83 526.639 165.497 
-7 -0.72299 3.2493 84 581.941 290.23 
-7 -0.166603 0.216342 87 250.579 357.499 
-7 0.312724 -0.335245 92 180.591 419.716 
-7 -1.0576 1.73598 99 421.386 253.627 
