-4.80195 0.41523 7 21 0.635533 -0.111694 
-5.37012 0.037908 7 24 0.526893 -0.20009 
-5.21106 1.44812 7 29 0.511879 0.0862512 
-5.40598 0.152698 7 30 0.516104 -0.176668 
-5.875 -0.508694 7 36 0.450201 -0.309079 
-5.59816 -0.619665 7 42 0.503977 -0.335901 
-6.33365 0.109205 7 44 0.361325 -0.191485 
-6.25916 0.145289 7 48 0.371445 -0.184584 
-7 0.21307 2.3409 51 -0.590443 -0.244033 
-7 -0.503339 4.01391 52 -0.169531 -0.373078 
-7 -0.64261 4.44771 54 -0.0831666 -0.389394 
-7 -0.441068 2.32778 56 -0.601887 -0.428313 
-7 1.81819 2.50338 57 -0.529392 0.155912 
-7 0.78654 5.75191 68 0.106618 -0.0878745 
-7 -0.100249 4.19611 69 -0.136508 -0.277218 
-7 -0.527577 4.46053 71 -0.0820309 -0.363609 
-7 -0.14175 5.47309 72 0.080843 -0.259873 
-7 1.61955 6.53315 73 0.192898 0.045035 
-7 1.51818 2.67054 81 -0.486509 0.0826218 
-7 0.883221 6.2108 82 0.165574 -0.0713427 
-7 -0.72299 3.2493 84 -0.342151 -0.458987 
-7 1.48523 2.57162 86 -0.513134 0.0769809 
-7 1.20864 2.59145 88 -0.5095 0.0111484 
-7 1.46933 5.82185 93 0.105941 0.0281682 
-7 -0.576654 5.65743 96 0.114641 -0.339232 
