1.50492 8.95177 -1.01173 5 306.199 244.121 
-0.0798114 8.03682 -1.36918 7 460.423 177.846 
2.56137 9.56171 -1.26435 9 234.486 235.472 
-0.178643 7.97976 0.508014 11 496.689 401.973 
0.882168 8.59222 -0.707979 12 363.027 264.564 
0.899845 8.60243 -1.45278 14 355.586 192.225 
-0.882633 7.57332 -1.15265 15 585.585 182.683 
0.308716 8.26114 -0.602419 18 422.774 271.356 
-0.834292 7.60122 -0.745649 20 582.214 238.302 
1.53151 8.96712 0.925447 27 315.618 423.047 
1.89409 9.17646 -0.898766 30 280.496 257.853 
1.20489 8.77855 1.35968 34 349.49 470.705 
0.643979 8.45471 0.172026 37 392.346 354.116 
1.0009 8.66077 1.01151 39 363.689 440.108 
1.35417 8.86473 -1.19204 41 317.066 223.542 
2.2299 9.37034 -1.63427 48 255.151 202.626 
-0.421209 7.83972 -1.17149 54 512.621 194.745 
-0.449959 7.82312 -0.349133 56 525.664 295.367 
1.11916 8.72905 0.11871 59 343.863 347.03 
2.502 9.52743 1.21213 60 246.654 433.159 
0.976565 8.64672 0.659001 63 364.077 403.757 
2.48091 9.51526 -1.52748 64 238.566 212.362 
1.84359 9.1473 -0.734752 70 284.457 271.03 
2.0992 9.29488 1.12901 72 272.327 431.837 
2.43447 9.48845 -1.27169 74 243.012 232.613 
0.772201 8.52873 0.816256 76 383.627 422.678 
2.20527 9.35612 0.861552 89 264.946 408.841 
0.17216 8.1823 0.981234 106 455.117 452.49 
-0.30588 7.9063 0.0837691 108 510.565 350.687 
1.53832 8.97105 -0.336704 110 307.394 302.43 
-0.383025 7.86176 0.22409 112 523.506 369.047 
1.39446 8.888 1.03195 114 325.856 434.676 
-0.803108 7.61923 -0.814071 117 577.485 229.49 
-0.964105 7.52628 0.885878 120 637.54 474.224 
1.68572 9.05615 0.970133 121 302.84 423.729 
0.0926466 8.13639 -1.10015 128 443.147 212.03 
1.04442 8.6859 0.452906 133 356.362 381.066 
2.0713 9.27877 -0.869126 143 267.26 261.191 
2.40916 9.47383 1.43867 146 253.642 455.092 
-0.582336 7.74669 0.181318 147 554.373 366.223 
-0.447254 7.82468 0.726916 148 541.967 435.333 
-1.07075 7.46471 -0.23607 149 638.039 306.171 
-0.106953 8.02115 -0.188349 150 478.966 316.626 
2.34296 9.43561 0.313575 151 252.392 360.206 
1.8128 9.12952 -1.61907 155 282.607 193.208 
1.66029 9.04147 -0.791988 162 296.739 263.578 
1.18573 8.76749 -1.30616 163 331.083 211.197 
-0.717429 7.6687 0.357392 164 581.565 388.954 
0.827608 8.56072 -0.196826 177 370.75 316.188 
0.817645 8.55497 1.17423 181 382.931 460.726 
-0.0741699 8.04008 -1.61407 185 459.089 151.846 
-0.509556 7.78871 -1.73933 187 517.173 121.271 
1.11154 8.72465 -0.22035 188 343.865 312.287 
-1.12203 7.4351 -0.763709 191 636.699 230.842 
-0.560641 7.75922 -0.484044 192 539.742 274.665 
1.01143 8.66685 -1.03298 194 349.857 235.061 
1.63059 9.02433 -0.54542 202 298.903 286 
0.530427 8.38915 0.212413 206 405.831 360.555 
-0.0829147 8.03503 0.967789 213 488.514 458.578 
0.498224 8.37055 -0.257251 218 404.973 309.219 
0.842776 8.56948 1.16326 230 379.287 458.401 
2.3848 9.45977 -0.140995 231 249.85 321.864 
1.20088 8.77623 0.396294 235 341.358 375.787 
-0.177513 7.98042 -1.74127 236 470.708 133.873 
-0.477256 7.80736 0.692004 238 543.877 430.873 
2.1672 9.33414 0.137181 241 266.728 344.927 
2.5324 9.54499 -0.521146 243 239.452 290.926 
0.34969 8.2848 -0.208161 246 420.739 315.844 
2.29158 9.40595 0.467399 249 259.325 372.729 
2.79672 9.15593 1.45335 762 215.053 465.835 
3.65369 7.67162 -0.409443 763 51.867 314.589 
3.63308 7.70731 -0.253667 767 55.7756 332.095 
3.17581 8.49933 -0.450529 776 148.441 303.755 
2.96438 8.86554 -0.466828 778 183.165 301.33 
2.91765 8.94648 -1.66232 783 185.7 198.248 
2.7584 9.22231 -0.310632 792 214.065 311.293 
3.73411 7.53233 -1.49404 804 31.4152 196.87 
3.68413 7.6189 -0.207288 807 44.6128 338.883 
2.74211 9.25053 -1.73828 813 211.309 195.373 
3.75485 7.49641 -1.09591 823 25.9614 240.635 
3.57856 7.80176 -0.875216 840 68.0791 261.995 
2.75988 9.21974 0.955628 841 215.309 419.36 
3.12713 8.58365 0.949699 846 158.475 438.018 
3.4808 7.97107 -1.62753 851 89.894 188.653 
3.61746 7.73437 -1.94874 852 58.0779 151.258 
3.11682 8.6015 1.29664 853 161.742 471.398 
3.59494 7.77338 0.739111 854 64.3252 443.462 
3.21408 8.43306 1.15774 858 144.691 462.532 
3.63106 7.71081 -1.67758 859 55.3035 178.515 
3.27878 8.32099 -1.03834 860 128.351 247.6 
2.83011 9.0981 -0.827008 869 201.794 268.094 
3.62176 7.72692 0.659348 870 58.5561 434.972 
2.74336 9.24836 0.533191 877 219.22 380.501 
3.79506 7.42677 -1.15471 899 15.2847 230.955 
3.15471 8.53588 -0.806247 915 149.707 269.786 
3.62319 7.72445 -0.430218 916 57.6501 312.831 
3.37491 8.15449 -1.18787 917 110.096 231.679 
3.15548 8.53455 -1.95746 923 148.65 165.12 
2.665 9.38408 0.586617 924 229.578 384.497 
3.45706 8.01219 0.602811 925 94.4863 416.78 
3.20202 8.45395 0.188458 931 144.871 365.751 
2.78152 9.18227 -1.96749 936 205.117 177.14 
3.02515 8.76029 0.646829 955 177.477 402.853 
2.99518 8.81219 -1.02389 956 177.38 249.521 
2.88729 8.99907 -0.922446 958 192.534 259.203 
2.80084 9.14881 -0.0563065 974 209.792 332.274 
2.74799 9.24035 0.800252 981 219.148 404.263 
