5.64257 -0.481715 -7 109 391.411 240.514 
6.30632 -1.54879 -7 115 343.534 161.917 
4.50714 -1.04124 -7 119 475.56 176.672 
4.46367 -0.542201 -7 125 484.31 225.879 
6.6867 0.183154 -7 127 334.833 295.334 
6.46481 -1.88245 -7 128 332.766 139.167 
3.77354 -0.887468 -7 133 553.734 179.487 
6.08103 -0.977971 -7 134 360.317 203.587 
3.34213 1.4046 -7 137 637.472 453.474 
4.29646 -0.0380129 -7 139 505.47 276.325 
6.59087 -1.1778 -7 141 330.865 193.715 
4.8725 1.3091 -7 142 464.481 405.109 
6.26277 1.2623 -7 143 365.46 380.492 
6.4687 -1.97232 -7 149 331.963 132.479 
7 -1.59791 -6.35011 157 270.703 165.56 
7 1.75895 -5.06184 159 202.395 460.674 
7 0.863395 -4.44339 163 139.913 395.031 
7 -0.863938 -6.09367 166 259.292 221.931 
7 1.33843 -4.95324 172 190.165 425.645 
7 0.759759 -5.08223 173 196.644 369.624 
7 0.741437 -4.00824 180 93.2667 394.96 
7 -0.563655 -4.89557 181 170.946 252.129 
7 0.831841 -5.58946 182 236.358 365.355 
7 1.69172 -5.79597 183 256.927 432.344 
7 0.0865561 -4.29161 189 118.483 321.257 
7 -1.97934 -4.46413 190 119.9 118.312 
7 0.781169 -6.98961 200 322.414 337.982 
