-7 0.21307 2.3409 51 557.664 390.166 
-7 -0.29883 -1.326 55 123.612 331.07 
-7 -0.441068 2.32778 56 547.412 312.299 
-7 -1.05185 -1.49538 60 111.334 243.39 
-7 -1.45394 1.58819 66 456.272 201.433 
-7 -1.07602 2.04225 70 508.643 241.668 
-7 -1.87164 2.51938 75 550.091 159.821 
-7 0.577231 -1.47952 76 94.5898 443.105 
-7 -1.86155 -2.22478 77 37.605 155.802 
-7 -1.9255 2.82609 83 580.926 154.83 
-7 -0.166603 0.216342 87 307.228 345.966 
-7 0.312724 -0.335245 92 239.98 406.388 
-7 -1.0576 1.73598 99 475.518 243.579 
