7 -1.49784 0.349314 151 33.6829 52.2144 
7 -0.0623122 -3.31422 152 449.842 243.919 
7 0.36994 -1.65205 155 281.978 288.621 
7 0.947338 -0.351981 158 127.615 357.628 
7 1.75895 -5.06184 159 584.782 411.236 
7 0.343459 -2.54532 160 374.94 285.142 
7 -0.647617 -0.188366 161 107.841 166.312 
7 1.08732 -1.94397 162 310.909 364.9 
7 0.863395 -4.44339 163 541.782 332.83 
7 -0.724268 -3.10497 165 433.69 175.4 
7 1.33843 -4.95324 172 579.039 374.321 
7 0.759759 -5.08223 173 592.338 321.647 
7 -0.518283 -3.0968 179 431.931 196.706 
7 0.741437 -4.00824 180 506.577 322.5 
7 -0.563655 -4.89557 181 586.105 199.3 
7 0.831841 -5.58946 182 629.413 326.877 
7 1.69172 -5.79597 183 638.677 400.828 
7 -0.443496 -0.586995 184 159.057 193.488 
7 -1.20096 -0.713027 185 176.092 103.263 
7 -0.746732 -0.782938 186 183.942 158.494 
7 0.0865561 -4.29161 189 533.83 259.669 
7 -1.97934 -4.46413 190 560.22 59.0298 
7 -1.56385 -0.742436 193 180.424 59.4054 
7 -1.07027 0.309808 197 39.4864 108.46 
7 1.83558 -1.14915 198 221.925 451.049 
