-7 -1.78251 -2.62609 53 183.349 57.8984 
-7 -0.29883 -1.326 55 309.028 205.569 
-7 0.46862 -2.98529 58 132.706 286.568 
-7 -1.05185 -1.49538 60 293.389 125.953 
-7 -1.03485 -3.75523 61 72.55 134.227 
-7 -0.184126 -2.39523 62 196.258 218.016 
-7 1.26508 -0.184774 63 439.483 390.997 
-7 0.577231 -1.47952 76 289.18 302.748 
-7 -1.86155 -2.22478 77 222.726 48.0965 
-7 0.821262 -3.48263 80 81.2249 322.791 
-7 -0.166603 0.216342 87 487.065 220.215 
-7 1.69039 -1.92004 89 235.54 429.908 
-7 0.312724 -0.335245 92 420.884 275.374 
-7 -1.56958 -3.12031 95 135.209 80.6851 
-7 -1.20087 -3.87679 97 63.0992 118.698 
-7 1.52805 -2.92335 98 130.441 403.657 
