-6.33365 0.109205 7 44 0.656707 -0.185948 
-6.25916 0.145289 7 48 0.669276 -0.178661 
-7 0.21307 2.3409 51 -0.250448 -0.253505 
-7 -0.503339 4.01391 52 0.122505 -0.374243 
-7 -0.64261 4.44771 54 0.203947 -0.390744 
-7 -0.441068 2.32778 56 -0.247767 -0.423588 
-7 1.81819 2.50338 57 -0.226399 0.122837 
-7 1.50288 1.91462 59 -0.366816 0.0562497 
-7 0.78654 5.75191 68 0.369134 -0.083005 
-7 -0.100249 4.19611 69 0.146898 -0.279899 
-7 -0.527577 4.46053 71 0.203383 -0.365174 
-7 -0.14175 5.47309 72 0.354303 -0.259934 
-7 1.61955 6.53315 73 0.448216 0.05947 
-7 1.51818 2.67054 81 -0.18573 0.0561344 
-7 0.883221 6.2108 82 0.427574 -0.0634116 
-7 -0.72299 3.2493 84 -0.0267565 -0.455589 
-7 1.48523 2.57162 86 -0.207665 0.0492986 
-7 1.20864 2.59145 88 -0.20031 -0.0126365 
-7 1.46933 5.82185 93 0.36113 0.0366082 
-7 -0.576654 5.65743 96 0.392935 -0.340737 
