-7 -0.29883 -1.326 55 553.26 155.437 
-7 0.46862 -2.98529 58 361.194 241.153 
-7 -1.05185 -1.49538 60 534.204 60.3973 
-7 -1.03485 -3.75523 61 282.969 89.7049 
-7 -0.184126 -2.39523 62 421.153 172.892 
-7 0.0943094 -5.21035 64 177.441 203.044 
-7 1.11392 -6.02536 65 134.415 282.903 
-7 0.886694 -5.35798 67 174.3 268.557 
-7 1.34911 -4.82912 74 213.955 309.198 
-7 0.577231 -1.47952 76 528.29 259.42 
-7 0.694743 -5.33965 78 173.88 253.069 
-7 1.12101 -6.65735 79 98.2223 280.111 
-7 0.821262 -3.48263 80 316.594 272.744 
-7 -1.84392 -6.0007 85 105.726 35.1052 
-7 1.69039 -1.92004 89 472.416 372.015 
-7 -0.295975 -5.19552 90 175.038 169.043 
-7 1.40697 -4.3308 91 250.657 318.069 
-7 0.592834 -6.66606 94 92.3755 240.981 
-7 -1.56958 -3.12031 95 341.069 22.2336 
-7 -1.20087 -3.87679 97 271.155 73.4893 
-7 1.52805 -2.92335 98 369.79 343.001 
-7 -0.609874 -5.90804 100 124.843 144.111 
-6.22725 1.4028 -7 110 28.1611 317.475 
-6.2831 -0.370457 -7 140 8.17755 169.82 
-6.46998 0.52855 -7 150 35.7833 243.055 
