1.50492 8.95177 -1.01173 5 0.0761708 -0.0322022 
-0.0798114 8.03682 -1.36918 7 0.439952 -0.159551 
2.56137 9.56171 -1.26435 9 -0.0811893 -0.0568037 
-0.178643 7.97976 0.508014 11 0.4878 0.340378 
0.882168 8.59222 -0.707979 12 0.198147 0.019736 
0.899845 8.60243 -1.45278 14 0.195843 -0.132727 
0.308716 8.26114 -0.602419 18 0.339999 0.0425534 
1.53151 8.96712 0.925447 27 0.0723573 0.352467 
1.89409 9.17646 -0.898766 30 0.0173618 -0.00427842 
1.20489 8.77855 1.35968 34 0.129919 0.467076 
0.643979 8.45471 0.172026 37 0.257195 0.221959 
1.0009 8.66077 1.01151 39 0.175606 0.399863 
1.35417 8.86473 -1.19204 41 0.107362 -0.0732527 
2.2299 9.37034 -1.63427 48 -0.0346121 -0.128527 
-0.421209 7.83972 -1.17149 54 0.55854 -0.119779 
-0.449959 7.82312 -0.349133 56 0.57614 0.111229 
1.11916 8.72905 0.11871 59 0.148867 0.199058 
2.502 9.52743 1.21213 60 -0.0798058 0.369847 
0.976565 8.64672 0.659001 63 0.180186 0.320662 
2.48091 9.51526 -1.52748 64 -0.070529 -0.101777 
1.84359 9.1473 -0.734752 70 0.0226457 0.0238084 
2.0992 9.29488 1.12901 72 -0.023633 0.369996 
2.43447 9.48845 -1.27169 74 -0.0613849 -0.0649709 
0.772201 8.52873 0.816256 76 0.222605 0.365593 
2.20527 9.35612 0.861552 89 -0.0364311 0.316214 
0.17216 8.1823 0.981234 106 0.383361 0.446604 
-0.30588 7.9063 0.0837691 108 0.529257 0.229569 
1.53832 8.97105 -0.336704 110 0.0717785 0.0976501 
-0.383025 7.86176 0.22409 112 0.557879 0.268851 
1.39446 8.888 1.03195 114 0.0961943 0.384627 
1.68572 9.05615 0.970133 121 0.045743 0.358893 
0.0926466 8.13639 -1.10015 128 0.394066 -0.0798105 
1.04442 8.6859 0.452906 133 0.165578 0.272569 
2.0713 9.27877 -0.869126 143 -0.00991711 0.00562746 
2.40916 9.47383 1.43867 146 -0.0689655 0.417189 
-0.582336 7.74669 0.181318 147 0.635103 0.262015 
-0.447254 7.82468 0.726916 148 0.593119 0.42188 
-0.106953 8.02115 -0.188349 150 0.460915 0.148328 
2.34296 9.43561 0.313575 151 -0.0574837 0.21225 
1.8128 9.12952 -1.61907 155 0.034306 -0.136886 
1.66029 9.04147 -0.791988 162 0.0534282 0.0132064 
1.18573 8.76749 -1.30616 163 0.138108 -0.0968913 
-0.717429 7.6687 0.357392 164 0.689282 0.328975 
0.827608 8.56072 -0.196826 177 0.215261 0.141044 
0.817645 8.55497 1.17423 181 0.213991 0.447164 
-0.0741699 8.04008 -1.61407 185 0.441861 -0.215979 
-0.509556 7.78871 -1.73933 187 0.58484 -0.275292 
1.11154 8.72465 -0.22035 188 0.153591 0.125705 
-0.560641 7.75922 -0.484044 192 0.614446 0.0681351 
1.01143 8.66685 -1.03298 194 0.175028 -0.0456415 
1.63059 9.02433 -0.54542 202 0.0591232 0.0553862 
0.530427 8.38915 0.212413 206 0.285513 0.231783 
-0.0829147 8.03503 0.967789 213 0.461653 0.462143 
0.498224 8.37055 -0.257251 218 0.287871 0.123726 
0.842776 8.56948 1.16326 230 0.211067 0.445893 
2.3848 9.45977 -0.140995 231 -0.0618781 0.13582 
1.20088 8.77623 0.396294 235 0.13583 0.254986 
-0.177513 7.98042 -1.74127 236 0.470045 -0.259025 
-0.477256 7.80736 0.692004 238 0.598224 0.41041 
2.1672 9.33414 0.137181 241 -0.0290253 0.182605 
2.5324 9.54499 -0.521146 243 -0.0750174 0.0680792 
0.34969 8.2848 -0.208161 246 0.326902 0.136389 
2.29158 9.40595 0.467399 249 -0.0480966 0.238122 
3.95041 7.15768 -0.115486 754 -0.615824 0.148217 
2.79672 9.15593 1.45335 762 -0.152354 0.427906 
3.65369 7.67162 -0.409443 763 -0.455833 0.074642 
3.63308 7.70731 -0.253667 767 -0.449761 0.110121 
3.94821 7.16151 -0.305332 771 -0.611829 0.09653 
3.17581 8.49933 -0.450529 776 -0.258533 0.0700112 
2.96438 8.86554 -0.466828 778 -0.193863 0.0682083 
3.01964 8.76982 1.66075 782 -0.227388 0.490514 
2.91765 8.94648 -1.66232 783 -0.170859 -0.141186 
3.94393 7.16891 1.20445 790 -0.637496 0.497645 
2.7584 9.22231 -0.310632 792 -0.136372 0.101743 
4.05686 6.97332 -1.81735 802 -0.645007 -0.291247 
3.73411 7.53233 -1.49404 804 -0.476107 -0.174142 
3.68413 7.6189 -0.207288 807 -0.475608 0.123855 
2.74211 9.25053 -1.73828 813 -0.120424 -0.144117 
3.75485 7.49641 -1.09591 823 -0.494507 -0.0854104 
3.57856 7.80176 -0.875216 840 -0.412639 -0.02756 
2.75988 9.21974 0.955628 841 -0.141696 0.329291 
3.12713 8.58365 0.949699 846 -0.252038 0.354133 
3.4808 7.97107 -1.62753 851 -0.362524 -0.180836 
3.61746 7.73437 -1.94874 852 -0.421063 -0.265684 
3.11682 8.6015 1.29664 853 -0.258401 0.420584 
3.59494 7.77338 0.739111 854 -0.444562 0.344202 
3.21408 8.43306 1.15774 858 -0.293202 0.408568 
3.63106 7.71081 -1.67758 859 -0.428937 -0.20448 
3.27878 8.32099 -1.03834 860 -0.295996 -0.0442386 
4.06751 6.95487 -1.6458 865 -0.654693 -0.253284 
2.83011 9.0981 -0.827008 869 -0.15411 0.00820711 
3.62176 7.72692 0.659348 870 -0.452272 0.326463 
2.74336 9.24836 0.533191 877 -0.136057 0.255812 
3.47475 7.98155 1.30736 888 -0.395493 0.465171 
3.96207 7.13749 -0.131759 891 -0.623425 0.14227 
3.79506 7.42677 -1.15471 899 -0.514651 -0.107919 
3.15471 8.53588 -0.806247 915 -0.253068 0.00437193 
3.62319 7.72445 -0.430218 916 -0.44371 0.0735291 
3.37491 8.15449 -1.18787 917 -0.330554 -0.0807964 
3.88292 7.27458 0.732852 918 -0.596015 0.367319 
3.89561 7.2526 -0.984565 922 -0.569352 -0.0696733 
3.15548 8.53455 -1.95746 923 -0.244909 -0.21381 
2.665 9.38408 0.586617 924 -0.114881 0.258729 
3.45706 8.01219 0.602811 925 -0.379269 0.30086 
3.20202 8.45395 0.188458 931 -0.280305 0.20366 
2.78152 9.18227 -1.96749 936 -0.130964 -0.190533 
3.59191 7.77864 1.36064 942 -0.45075 0.49366 
3.02515 8.76029 0.646829 955 -0.220624 0.28788 
2.99518 8.81219 -1.02389 956 -0.198151 -0.0327846 
2.88729 8.99907 -0.922446 958 -0.169433 -0.0110408 
2.80084 9.14881 -0.0563065 974 -0.149193 0.148519 
2.74799 9.24035 0.800252 981 -0.13588 0.303259 
