5.64257 -0.481715 -7 109 0.650379 -0.0418661 
6.30632 -1.54879 -7 115 0.504313 -0.193163 
6.6867 0.183154 -7 127 0.490326 0.108367 
6.46481 -1.88245 -7 128 0.473164 -0.23573 
6.08103 -0.977971 -7 134 0.555145 -0.110782 
6.59087 -1.1778 -7 141 0.471722 -0.118323 
6.26277 1.2623 -7 143 0.58924 0.30426 
6.4687 -1.97232 -7 149 0.470538 -0.249305 
7 -0.0623122 -3.31422 152 -0.124163 0.0710629 
7 0.36994 -1.65205 155 -0.542269 0.183917 
7 -1.59791 -6.35011 157 0.333822 -0.173197 
7 1.75895 -5.06184 159 0.218688 0.434453 
7 0.343459 -2.54532 160 -0.297365 0.167541 
7 1.08732 -1.94397 162 -0.462826 0.374897 
7 0.863395 -4.44339 163 0.100723 0.260056 
7 -0.724268 -3.10497 165 -0.171749 -0.0723465 
7 -0.863938 -6.09367 166 0.315818 -0.0609766 
7 1.33843 -4.95324 172 0.193643 0.349133 
7 0.759759 -5.08223 173 0.203814 0.229728 
7 -0.518283 -3.0968 179 -0.172537 -0.0286967 
7 0.741437 -4.00824 180 0.020538 0.24083 
7 -0.563655 -4.89557 181 0.153359 -0.020693 
7 0.831841 -5.58946 182 0.280471 0.237153 
7 1.69172 -5.79597 183 0.327188 0.399482 
7 0.0865561 -4.29161 189 0.0635513 0.101652 
7 -1.97934 -4.46413 190 0.0664288 -0.278931 
7 0.781169 -6.98961 200 0.4582 0.212423 
