7 -1.49784 0.349314 151 128.669 26.5978 
7 -0.0623122 -3.31422 152 536.423 213.748 
7 0.36994 -1.65205 155 365.562 258.298 
7 0.947338 -0.351981 158 221.84 321.494 
7 0.343459 -2.54532 160 457.378 255.327 
7 -0.647617 -0.188366 161 200.517 139.554 
7 1.08732 -1.94397 162 391.85 331.617 
7 0.863395 -4.44339 163 627.328 304.495 
7 -0.724268 -3.10497 165 523.462 142.495 
7 0.725336 0.960833 171 63.685 300.081 
7 1.97211 0.0439567 176 178.874 428.439 
7 1.44234 0.716532 178 98.6533 377.881 
7 -0.518283 -3.0968 179 520.37 164.956 
7 0.741437 -4.00824 180 590.808 293.656 
7 -0.443496 -0.586995 184 248.735 165.617 
7 -1.20096 -0.713027 185 264.325 73.8739 
7 -0.746732 -0.782938 186 272.135 130.181 
7 0.0865561 -4.29161 189 624.86 229.79 
7 -1.56385 -0.742436 193 268.319 27.769 
7 -1.07027 0.309808 197 136.028 83.5489 
7 1.83558 -1.14915 198 307.43 408.146 
