-7 0.21307 2.3409 51 0.36226 0.341201 
-7 -0.29883 -1.326 55 -0.590468 0.224291 
-7 -0.441068 2.32778 56 0.347661 0.176152 
-7 -1.05185 -1.49538 60 -0.618791 0.0234526 
-7 -1.45394 1.58819 66 0.16378 -0.065106 
-7 -1.07602 2.04225 70 0.272306 0.0239128 
-7 -1.87164 2.51938 75 0.366293 -0.153696 
-7 0.577231 -1.47952 76 -0.659639 0.478157 
-7 -1.9255 2.82609 83 0.431119 -0.163443 
-7 -0.72299 3.2493 84 0.548505 0.107365 
-7 -0.166603 0.216342 87 -0.17052 0.253525 
-7 0.312724 -0.335245 92 -0.323565 0.388991 
-7 -1.0576 1.73598 99 0.201918 0.0277392 
