-2.93389 0.906698 7 9 0.631542 0.369934 
-4.80195 0.41523 7 21 0.16624 0.221264 
-3.28746 -0.347612 7 22 0.471816 0.0276381 
-5.92999 -1.73451 7 23 -0.0513115 -0.161178 
-5.37012 0.037908 7 24 0.064729 0.14678 
-5.21106 1.44812 7 29 0.125365 0.426768 
-5.40598 0.152698 7 30 0.0622484 0.168977 
-2.84657 -0.836733 7 31 0.580178 -0.12262 
-5.875 -0.508694 7 36 -0.0177835 0.0519502 
-4.02466 -0.174699 7 39 0.299274 0.0868938 
-3.22548 0.288125 7 40 0.515047 0.193907 
-5.59816 -0.619665 7 42 0.0164543 0.0265108 
-3.26615 1.27581 7 43 0.544653 0.460141 
-6.33365 0.109205 7 44 -0.0609819 0.164591 
-2.70348 -0.732172 7 47 0.631237 -0.101821 
-6.25916 0.145289 7 48 -0.0513864 0.170533 
-7 -0.64261 4.44771 54 -0.595525 0.091363 
-7 0.78654 5.75191 68 -0.299667 0.3321 
-7 -0.100249 4.19611 69 -0.650279 0.225176 
-7 -0.527577 4.46053 71 -0.590043 0.116749 
-7 -0.14175 5.47309 72 -0.366826 0.166445 
-7 1.61955 6.53315 73 -0.165305 0.437792 
-7 0.883221 6.2108 82 -0.22542 0.326283 
-7 1.46933 5.82185 93 -0.274369 0.457499 
-7 -0.576654 5.65743 96 -0.342597 0.0794535 
