-4.80195 0.41523 7 21 447.392 312.215 
-3.28746 -0.347612 7 22 606.753 231.845 
-5.92999 -1.73451 7 23 353.585 130.731 
-5.37012 0.037908 7 24 400.9 275.655 
-5.21106 1.44812 7 29 421.305 401.63 
-5.40598 0.152698 7 30 399.056 285.598 
-3.76175 1.7333 7 32 561.371 468.282 
-5.875 -0.508694 7 36 364.058 230.351 
-4.02466 -0.174699 7 39 517.388 254.844 
-3.22548 0.288125 7 40 620.767 310.573 
-5.59816 -0.619665 7 42 381.19 219.57 
-3.26615 1.27581 7 43 622.906 431.703 
-6.33365 0.109205 7 44 340.64 280.098 
-6.25916 0.145289 7 48 345.018 283.03 
-7 -0.503339 4.01391 52 67.6899 251.646 
-7 -0.64261 4.44771 54 113.709 234.707 
-7 0.78654 5.75191 68 233.738 346.812 
-7 -0.100249 4.19611 69 91.3692 291.31 
-7 -0.527577 4.46053 71 115.87 245.926 
-7 -0.14175 5.47309 72 207.545 272.988 
-7 1.61955 6.53315 73 288.435 396.292 
-7 0.883221 6.2108 82 264.859 346.507 
-7 1.46933 5.82185 93 242.711 401.061 
-7 -0.576654 5.65743 96 218.614 235.065 
