-5.21737 5.07065 -0.784054 2 -0.49089 -0.243267 
-6.30704 4.44153 1.88748 3 -0.111502 0.310439 
-7.56816 3.71342 -1.91336 13 0.0809082 -0.513359 
-7.32861 3.85173 1.20236 16 0.0776439 0.116543 
-4.55705 5.45189 0.173982 17 -0.688001 0.045824 
-8.8069 2.99824 -0.956076 24 0.289359 -0.310028 
-8.89169 2.94928 -0.604829 26 0.302929 -0.244957 
-7.27042 3.88532 -0.762006 28 0.0409282 -0.265263 
-5.58769 4.85685 -0.0889875 33 -0.341714 -0.0741055 
-4.90516 5.25091 0.957061 35 -0.517099 0.221931 
-9.15905 2.79493 1.33263 40 0.333156 0.0554714 
-6.52013 4.31851 -0.668232 44 -0.113399 -0.235086 
-5.48126 4.9183 1.10702 45 -0.333169 0.214819 
-8.69401 3.06342 -0.315471 46 0.27503 -0.196499 
-5.01404 5.18805 -1.36312 47 -0.596909 -0.422506 
-5.40315 4.96339 -0.284863 49 -0.407915 -0.114827 
-9.17118 2.78792 0.352843 50 0.339268 -0.0935894 
-6.99514 4.04426 0.162238 53 -0.00260433 -0.0688219 
-7.12929 3.9668 -0.413303 57 0.0134816 -0.189625 
-7.76282 3.60104 -1.23079 58 0.126864 -0.367729 
-9.06868 2.8471 0.616604 61 0.319935 -0.0452623 
-4.59121 5.43217 1.87801 62 -0.575178 0.479257 
-6.35552 4.41354 0.367926 65 -0.134081 -0.000687363 
-8.32689 3.27537 0.102633 68 0.227294 -0.118625 
-9.53193 2.57964 -0.151691 69 0.381625 -0.184632 
-6.73615 4.19379 -0.772225 73 -0.0725169 -0.26355 
-8.43422 3.2134 0.143156 79 0.239396 -0.111436 
-7.01524 4.03265 0.767731 80 0.0116562 0.0495868 
-6.84889 4.1287 -1.69131 81 -0.0650738 -0.474985 
-8.57211 3.13379 0.696853 83 0.261383 -0.0200961 
-4.32489 5.58593 1.53801 86 -0.693541 0.428118 
-9.48597 2.60618 0.402373 91 0.371447 -0.0962899 
-7.84704 3.55241 -1.4571 93 0.134775 -0.410153 
-6.07518 4.57539 0.411442 94 -0.195545 0.0231261 
-6.7471 4.18746 0.728183 95 -0.040351 0.0583033 
-6.83682 4.13566 0.932129 96 -0.0206151 0.0867422 
-8.21684 3.33891 0.855065 98 0.212176 0.0183814 
-5.96131 4.64114 0.2828 99 -0.231855 -0.00364211 
-5.72779 4.77596 -0.0479517 100 -0.299914 -0.0700758 
-4.97487 5.21066 0.882942 102 -0.494905 0.203789 
-8.30606 3.2874 -0.374033 103 0.21955 -0.204345 
-6.83515 4.13663 0.928504 104 -0.0205504 0.0851049 
-9.49264 2.60233 0.71894 111 0.373035 -0.0451638 
-6.45698 4.35497 0.0373591 113 -0.112781 -0.0759349 
-5.86459 4.69698 1.11578 115 -0.227966 0.187063 
-4.62783 5.41102 -0.263344 122 -0.685573 -0.0832076 
-5.82616 4.71917 1.05356 123 -0.244878 0.175123 
-7.76272 3.6011 -1.33649 124 0.121648 -0.389642 
-9.4138 2.64784 -0.749638 127 0.362182 -0.2805 
-6.48824 4.33692 0.602459 130 -0.0974848 0.0443519 
-9.10665 2.82518 -0.067222 132 0.325975 -0.165731 
-8.31486 3.28232 -0.998132 134 0.214804 -0.316769 
-7.54306 3.72791 -0.636474 136 0.0861613 -0.242052 
-8.32648 3.27561 -0.916176 137 0.220345 -0.303455 
-7.75055 3.60812 0.607921 138 0.138609 -0.0113293 
-8.89144 2.94943 -0.995818 139 0.298771 -0.316586 
-8.50915 3.17015 -1.43562 142 0.244374 -0.399326 
-6.25679 4.47054 0.905937 144 -0.142207 0.114847 
-8.55092 3.14603 -1.2267 145 0.250126 -0.362018 
-9.27136 2.73008 -1.79969 152 0.346913 -0.45919 
-5.45173 4.93535 -0.474326 153 -0.400399 -0.164648 
-7.61388 3.68703 -1.43304 154 0.0915123 -0.407519 
-8.81769 2.99201 -0.933105 158 0.288681 -0.306355 
-5.18032 5.09204 -1.54133 165 -0.543875 -0.475742 
-5.69185 4.79671 -0.755463 167 -0.338866 -0.246516 
-6.08649 4.56887 1.43535 170 -0.16766 0.237716 
-6.68884 4.2211 0.597207 171 -0.0555574 0.0317211 
-7.21392 3.91795 1.54448 173 0.0617025 0.18397 
-7.83448 3.55966 -0.735079 174 0.141917 -0.263729 
-5.13805 5.11645 1.50194 175 -0.410414 0.333133 
-9.09008 2.83474 -1.5709 176 0.322095 -0.418918 
-6.73975 4.1917 -1.74479 178 -0.0902281 -0.491716 
-5.92197 4.66385 1.33939 179 -0.204735 0.226837 
-5.55644 4.87489 1.22347 180 -0.307867 0.233639 
-5.92731 4.66077 1.73781 182 -0.200604 0.311522 
-5.70558 4.78878 -0.80519 184 -0.333115 -0.259705 
-7.69247 3.64165 -1.44056 186 0.107171 -0.406136 
-6.79289 4.16102 0.492295 190 -0.0373694 0.00876393 
-8.58962 3.12368 -0.807997 201 0.252259 -0.281321 
-4.54546 5.45858 1.2223 207 -0.628415 0.329844 
-9.31972 2.70216 0.881481 208 0.354988 -0.0140461 
-6.12407 4.54717 1.70161 211 -0.153301 0.285393 
-6.59885 4.27306 -1.66716 216 -0.119106 -0.475891 
-5.75689 4.75916 -1.40167 219 -0.341778 -0.425997 
-7.86451 3.54233 1.45463 223 0.164105 0.133274 
-7.66224 3.65911 -1.56845 226 0.103888 -0.437499 
-7.55688 3.71994 1.11487 232 0.111831 0.0839633 
-6.86074 4.12186 0.00652214 233 -0.0289715 -0.0978144 
-8.6765 3.07352 1.96596 234 0.278725 0.175352 
-5.83224 4.71566 -1.67191 237 -0.332725 -0.501555 
-7.02658 4.02611 -1.06432 239 -0.0142704 -0.329549 
-8.03402 3.44446 -0.562411 242 0.177339 -0.234437 
-4.83444 5.29174 -0.69456 244 -0.625458 -0.213663 
-8.14068 3.38288 -0.0878003 245 0.19471 -0.148356 
-6.54441 4.30449 1.25315 248 -0.0716025 0.167229 
-9.1587 1.86333 -0.988996 253 0.509076 -0.339489 
-9.52122 2.49124 -1.0717 257 0.391164 -0.329399 
-8.93601 1.47762 -0.633868 259 0.587422 -0.279559 
-9.30328 2.11375 1.73712 262 0.453851 0.114936 
-9.05625 1.68588 -1.53396 267 0.546679 -0.450873 
-9.13681 1.82542 0.452008 276 0.50952 -0.0783344 
-8.648 0.978768 1.29878 299 0.68738 0.097965 
-9.31057 2.12638 -0.0551822 313 0.453214 -0.164869 
-8.81253 1.26375 -0.857651 325 0.639108 -0.329474 
-8.82998 1.29397 -1.283 359 0.638372 -0.421347 
-8.81299 1.26454 1.68087 370 0.615005 0.151883 
-9.0577 1.6884 -0.174837 377 0.543174 -0.193805 
-9.37546 2.23878 -1.18001 383 0.438084 -0.358616 
-9.14202 1.83445 -1.39071 391 0.518499 -0.413948 
-9.48121 2.42194 -1.26659 396 0.402288 -0.365908 
-9.44529 2.35972 -1.11888 402 0.417995 -0.341313 
-8.91993 1.44977 0.165011 413 0.588345 -0.127313 
-9.51944 2.48816 0.340095 422 0.39162 -0.103576 
-9.40694 2.29329 1.83376 448 0.422103 0.123365 
-8.66593 1.00983 0.45259 465 0.690411 -0.0648328 
-9.45274 2.37263 -1.8729 469 0.412969 -0.48129 
-9.08866 1.74202 1.71988 475 0.521959 0.128683 
-8.78933 1.22356 1.82285 477 0.624088 0.178278 
-8.80838 1.25656 1.8581 487 0.619273 0.177281 
-9.2531 2.02685 -1.52478 488 0.477635 -0.430149 
-9.11496 1.78758 0.0633076 493 0.520381 -0.147696 
-9.55916 2.55695 -0.634717 496 0.385837 -0.257168 
-9.00888 1.60385 -0.973121 498 0.563888 -0.346091 
