-5.46333 -1.29075 -7 102 569.414 196.356 
-4.55559 -0.250499 -7 105 489.607 286.936 
-2.11042 -0.0563179 -7 106 238.353 281.764 
-5.09885 0.316864 -7 107 521.997 347.753 
-6.22725 1.4028 -7 110 581.567 449.067 
-0.689565 -1.47331 -7 112 47.9549 31.9668 
-5.05591 -0.451909 -7 117 529.898 271.791 
-3.07632 -1.96878 -7 120 385.64 65.417 
-3.56835 0.827876 -7 121 386.593 398.827 
-6.20015 -0.954561 -7 122 610.333 238.008 
-1.05355 -1.5594 -7 126 113.996 36.8859 
-2.10211 -0.684594 -7 129 249.743 197.885 
-3.11373 -0.303232 -7 130 360.307 264.315 
-1.59533 0.795126 -7 132 148.069 395.651 
-3.58737 1.4874 -7 135 377.425 473.832 
-6.2831 -0.370457 -7 140 607.658 290.901 
-0.615215 -0.161545 -7 146 1.68733 240.4 
-5.05277 -1.83336 -7 148 549.375 135.923 
-6.46998 0.52855 -7 150 607.01 371.2 
