-1.97014 0.361326 7 3 517.054 273.567 
-2.93389 0.906698 7 9 401.563 358.505 
-2.14837 -1.21575 7 10 455.372 76.4529 
-4.80195 0.41523 7 21 221.035 318.835 
-3.28746 -0.347612 7 22 342.133 214.762 
-5.92999 -1.73451 7 23 133.772 147.445 
-5.37012 0.037908 7 24 178.612 288.832 
-5.21106 1.44812 7 29 200.724 423.973 
-5.40598 0.152698 7 30 177.154 299.789 
-2.84657 -0.836733 7 31 380.314 147.529 
-3.76175 1.7333 7 32 325.689 461.177 
-2.21352 -0.0799941 7 33 471.841 220.042 
-5.875 -0.508694 7 36 144.074 247.236 
-4.02466 -0.174699 7 39 276.415 248.502 
-3.22548 0.288125 7 40 358.383 286.166 
-5.59816 -0.619665 7 42 159.689 233.378 
-3.26615 1.27581 7 43 370.358 406.27 
-6.33365 0.109205 7 44 122.022 305.132 
-2.70348 -0.732172 7 47 398.038 154.803 
-6.25916 0.145289 7 48 126.284 307.511 
-7 1.61955 6.53315 73 56.1203 448.947 
-7 0.883221 6.2108 82 23.4529 387.843 
