-1.97014 0.361326 7 3 369.322 293.055 
-2.93389 0.906698 7 9 249.607 356.317 
-2.14837 -1.21575 7 10 352.875 86.185 
-0.578608 0.00250695 7 11 587.293 245.838 
-0.39693 -1.00404 7 12 618.758 86.3611 
-4.80195 0.41523 7 21 80.2994 284.638 
-3.28746 -0.347612 7 22 220.526 201.325 
-5.92999 -1.73451 7 23 19.011 80.4346 
-5.37012 0.037908 7 24 41.3598 244.568 
-5.21106 1.44812 7 29 40.1577 390.353 
-5.40598 0.152698 7 30 37.811 255.932 
-2.84657 -0.836733 7 31 269.77 140.91 
-3.76175 1.7333 7 32 158.869 446.211 
-2.21352 -0.0799941 7 33 339.765 232.778 
-5.875 -0.508694 7 36 11.8711 192.395 
-4.02466 -0.174699 7 39 149.644 222.381 
-3.22548 0.288125 7 40 222.597 276.993 
-5.59816 -0.619665 7 42 31.2981 180.923 
-3.26615 1.27581 7 43 211.569 398.435 
-2.70348 -0.732172 7 47 284.988 152.303 
