-7 0.21307 2.3409 51 -0.0237738 0.00974999 
-7 -0.503339 4.01391 52 0.321011 -0.134001 
-7 -0.64261 4.44771 54 0.399411 -0.157327 
-7 -0.441068 2.32778 56 -0.0208155 -0.14337 
-7 1.81819 2.50338 57 -0.0024987 0.370765 
-7 1.50288 1.91462 59 -0.132036 0.310414 
-7 -1.45394 1.58819 66 -0.189433 -0.410711 
-7 0.78654 5.75191 68 0.587629 0.128841 
-7 -0.100249 4.19611 69 0.348663 -0.0477852 
-7 -1.07602 2.04225 70 -0.0811969 -0.301969 
-7 -0.527577 4.46053 71 0.400136 -0.133429 
-7 -0.14175 5.47309 72 0.558734 -0.0470465 
-7 1.61955 6.53315 73 0.685796 0.273566 
-7 -1.87164 2.51938 75 0.0357868 -0.480194 
-7 1.51818 2.67054 81 0.0359156 0.302018 
-7 0.883221 6.2108 82 0.651996 0.144962 
-7 -1.9255 2.82609 83 0.103389 -0.481448 
-7 -0.72299 3.2493 84 0.177926 -0.193199 
-7 1.48523 2.57162 86 0.0151795 0.296238 
-7 -0.166603 0.216342 87 -0.579035 -0.104581 
-7 1.20864 2.59145 88 0.0219824 0.23475 
-7 1.46933 5.82185 93 0.588488 0.253964 
-7 -0.576654 5.65743 96 0.592622 -0.128985 
-7 -1.0576 1.73598 99 -0.155398 -0.305672 
