-7 0.46862 -2.98529 58 0.319916 -0.0155597 
-7 -1.03485 -3.75523 61 0.131456 -0.344871 
-7 -0.184126 -2.39523 62 0.466655 -0.176543 
-7 0.0943094 -5.21035 64 -0.103343 -0.0845133 
-7 1.11392 -6.02536 65 -0.193665 0.0877641 
-7 0.886694 -5.35798 67 -0.108244 0.0556212 
-7 1.34911 -4.82912 74 -0.0198816 0.141073 
-7 0.694743 -5.33965 78 -0.109619 0.0226345 
-7 1.12101 -6.65735 79 -0.270082 0.0833605 
-7 0.821262 -3.48263 80 0.214048 0.0576797 
-7 -1.84392 -6.0007 85 -0.262748 -0.432949 
-7 1.69039 -1.92004 89 0.598733 0.278839 
-7 -0.295975 -5.19552 90 -0.109606 -0.15714 
-7 1.40697 -4.3308 91 0.0627119 0.15936 
-7 0.592834 -6.66606 94 -0.283632 0.00201977 
-7 -1.56958 -3.12031 95 0.267498 -0.507335 
-7 -1.20087 -3.87679 97 0.103704 -0.378874 
-7 1.52805 -2.92335 98 0.342381 0.212647 
-7 -0.609874 -5.90804 100 -0.218564 -0.204624 
-5.46333 -1.29075 -7 102 -0.629998 -0.316133 
-5.09885 0.316864 -7 107 -0.635291 0.0301198 
-6.22725 1.4028 -7 110 -0.399305 0.16305 
-5.05591 -0.451909 -7 117 -0.681468 -0.130868 
-6.20015 -0.954561 -7 122 -0.478179 -0.244752 
-6.2831 -0.370457 -7 140 -0.445505 -0.138604 
-6.46998 0.52855 -7 150 -0.390884 0.00986613 
