7 0.36994 -1.65205 155 0.330486 -0.0856743 
7 0.947338 -0.351981 158 0.0108448 0.0519177 
7 0.343459 -2.54532 160 0.545649 -0.0917686 
7 -0.647617 -0.188366 161 -0.0283937 -0.352541 
7 1.08732 -1.94397 162 0.384807 0.0822674 
7 0.725336 0.960833 171 -0.311702 0.000424344 
7 1.97211 0.0439567 176 -0.0817696 0.27822 
7 1.44234 0.716532 178 -0.242685 0.165693 
7 -0.443496 -0.586995 184 0.0749322 -0.295638 
7 -1.20096 -0.713027 185 0.113673 -0.508606 
7 -0.746732 -0.782938 186 0.128182 -0.37822 
7 -1.07027 0.309808 197 -0.163554 -0.474861 
7 1.83558 -1.14915 198 0.190617 0.246444 
