7 -0.0623122 -3.31422 152 390.081 253.034 
7 0.36994 -1.65205 155 219.023 298.154 
7 -1.59791 -6.35011 157 618.016 131.573 
7 0.947338 -0.351981 158 49.4065 373.097 
7 1.75895 -5.06184 159 531.957 422.248 
7 0.343459 -2.54532 160 315.719 294.437 
7 -0.647617 -0.188366 161 34.3502 170.979 
7 1.08732 -1.94397 162 250.085 378.309 
7 0.863395 -4.44339 163 484.948 342.238 
7 -0.724268 -3.10497 165 371.762 185.595 
7 -0.863938 -6.09367 166 602.24 190.465 
7 1.33843 -4.95324 172 523.936 384.175 
7 0.759759 -5.08223 173 533.472 330.567 
7 -0.518283 -3.0968 179 370.712 206.318 
7 0.741437 -4.00824 180 449.688 332.01 
7 -0.563655 -4.89557 181 519.856 210.685 
7 0.831841 -5.58946 182 569.401 335.545 
7 1.69172 -5.79597 183 583.732 410.392 
7 -0.443496 -0.586995 184 88.9821 199.469 
7 -1.20096 -0.713027 185 109.177 109.714 
7 -0.746732 -0.782938 186 116.365 164.56 
7 0.0865561 -4.29161 189 473.23 268.984 
7 -1.97934 -4.46413 190 487.665 79.2773 
7 -1.56385 -0.742436 193 114.583 67.305 
7 1.83558 -1.14915 198 153.005 474.818 
