-5.21737 5.07065 -0.784054 2 0.255764 -0.193447 
-4.28285 5.6102 -0.35009 4 -0.0265631 -0.105168 
-3.05032 6.3218 1.27862 8 -0.498434 0.386443 
-4.55705 5.45189 0.173982 17 0.0563936 0.0469291 
-2.65363 6.55083 1.42287 22 -0.667867 0.440085 
-3.01817 6.34036 -1.63356 23 -0.438404 -0.501615 
-2.57331 6.5972 -0.0115366 25 -0.653251 -0.040583 
-2.71663 6.51445 0.575812 32 -0.612903 0.146936 
-5.58769 4.85685 -0.0889875 33 0.357307 -0.0112512 
-4.90516 5.25091 0.957061 35 0.167216 0.270134 
-3.74583 5.92025 -0.779907 36 -0.197371 -0.237049 
-3.03012 6.33346 -0.976834 38 -0.446195 -0.319946 
-4.01906 5.7625 0.688089 42 -0.121556 0.192263 
-6.52013 4.31851 -0.668232 44 0.590633 -0.134276 
-5.48126 4.9183 1.10702 45 0.332819 0.311585 
-5.01404 5.18805 -1.36312 47 0.193769 -0.348094 
-5.40315 4.96339 -0.284863 49 0.301725 -0.062518 
-3.33545 6.15718 -0.435976 52 -0.347539 -0.156166 
-6.35552 4.41354 0.367926 65 0.559122 0.114112 
-3.74961 5.91807 1.32639 66 -0.226202 0.391569 
-3.617 5.99463 -1.57595 71 -0.228596 -0.459104 
-6.73615 4.19379 -0.772225 73 0.641797 -0.1564 
-4.04408 5.74805 -1.06717 77 -0.0942498 -0.304796 
-4.14277 5.69108 0.84443 78 -0.0818643 0.241518 
-6.84889 4.1287 -1.69131 81 0.656347 -0.354277 
-3.86191 5.85323 -1.48589 82 -0.149981 -0.422842 
-4.32489 5.58593 1.53801 86 -0.027919 0.450001 
-4.13014 5.69837 -1.41351 88 -0.0628665 -0.394224 
-3.16889 6.25334 -1.4501 90 -0.384891 -0.447254 
-4.96883 5.21415 -1.7676 92 0.185796 -0.446268 
-6.07518 4.57539 0.411442 94 0.493767 0.124942 
-6.7471 4.18746 0.728183 95 0.661357 0.208742 
-6.83682 4.13566 0.932129 96 0.686221 0.262086 
-5.96131 4.64114 0.2828 99 0.46412 0.0937378 
-5.72779 4.77596 -0.0479517 100 0.396978 0.00114101 
-3.51194 6.05528 0.00121058 101 -0.289109 -0.026897 
-4.97487 5.21066 0.882942 102 0.183264 0.246752 
-6.83515 4.13663 0.928504 104 0.689004 0.264124 
-5.91646 4.66703 -1.82728 105 0.431393 -0.420362 
-6.45698 4.35497 0.0373591 113 0.580655 0.0315853 
-5.86459 4.69698 1.11578 115 0.439993 0.310186 
-3.7582 5.9131 1.64694 119 -0.225721 0.494081 
-4.62783 5.41102 -0.263344 122 0.0813761 -0.0740817 
-5.82616 4.71917 1.05356 123 0.429123 0.29287 
-4.37657 5.55609 0.727218 125 -0.00371112 0.204568 
-4.73475 5.34929 -1.6572 126 0.120712 -0.428515 
-6.48824 4.33692 0.602459 130 0.602564 0.177034 
-2.44383 6.67196 -0.385326 131 -0.695153 -0.167104 
-6.25679 4.47054 0.905937 144 0.541702 0.25719 
-5.45173 4.93535 -0.474326 153 0.320352 -0.110868 
-2.79823 6.46735 0.492322 157 -0.572052 0.121234 
-3.75274 5.91626 -1.57757 159 -0.18412 -0.456737 
-5.18032 5.09204 -1.54133 165 0.240132 -0.381327 
-5.69185 4.79671 -0.755463 167 0.381943 -0.172025 
-6.08649 4.56887 1.43535 170 0.500982 0.394927 
-6.68884 4.2211 0.597207 171 0.644747 0.173831 
-5.13805 5.11645 1.50194 175 0.236901 0.429711 
-6.73975 4.1917 -1.74479 178 0.630428 -0.371233 
-5.92197 4.66385 1.33939 179 0.458058 0.37143 
-5.55644 4.87489 1.22347 180 0.355345 0.3478 
-5.92731 4.66077 1.73781 182 0.464286 0.483069 
-5.70558 4.78878 -0.80519 184 0.382676 -0.185996 
-4.00147 5.77265 1.17768 189 -0.132846 0.343399 
-6.79289 4.16102 0.492295 190 0.671234 0.151195 
-3.97857 5.78587 -1.48671 197 -0.112673 -0.419596 
-3.48498 6.07085 0.402763 199 -0.310694 0.105897 
-2.50658 6.63573 -0.864936 203 -0.661065 -0.305987 
-2.60244 6.58039 -0.419929 205 -0.62527 -0.165355 
-4.54546 5.45858 1.2223 207 0.0475464 0.351327 
-2.75916 6.4899 1.6333 210 -0.630319 0.515361 
-6.12407 4.54717 1.70161 211 0.517007 0.47358 
-2.88473 6.41741 -0.980824 212 -0.500218 -0.330394 
-6.59885 4.27306 -1.66716 216 0.597653 -0.362272 
-5.75689 4.75916 -1.40167 219 0.399759 -0.327789 
-4.56488 5.44737 -0.00874334 220 0.0627407 -0.0046766 
-3.28265 6.18767 0.466932 221 -0.387659 0.116608 
-2.92339 6.39508 1.13342 229 -0.545951 0.334711 
-6.86074 4.12186 0.00652214 233 0.680157 0.0305727 
-5.83224 4.71566 -1.67191 237 0.415461 -0.390757 
-2.63039 6.56425 -0.0067306 240 -0.631075 -0.0403264 
-4.83444 5.29174 -0.69456 244 0.145828 -0.183291 
-2.65581 6.54957 -0.244999 247 -0.608334 -0.114078 
-6.54441 4.30449 1.25315 248 0.62195 0.345024 
-3.8183 5.87841 -0.432496 250 -0.178483 -0.138907 
