5.64257 -0.481715 -7 109 316.24 194.047 
2.74139 -0.240151 -7 113 599.707 219.726 
6.30632 -1.54879 -7 115 275.764 109.041 
4.50714 -1.04124 -7 119 399.71 135.861 
2.98659 0.138239 -7 123 562.575 266.297 
4.46367 -0.542201 -7 125 403.293 186.039 
6.6867 0.183154 -7 127 259.055 245.314 
6.46481 -1.88245 -7 128 266.671 83.8488 
3.77354 -0.887468 -7 133 470.188 145.074 
6.08103 -0.977971 -7 134 289.254 153.995 
3.34213 1.4046 -7 137 513.185 405.775 
4.29646 -0.0380129 -7 139 417.77 236.955 
6.59087 -1.1778 -7 141 261.395 141.313 
4.8725 1.3091 -7 142 370.367 357.006 
6.26277 1.2623 -7 143 282.568 330.024 
6.4687 -1.97232 -7 149 266.305 76.6063 
7 -1.59791 -6.35011 157 199.061 105.609 
7 1.75895 -5.06184 159 109.03 400.853 
7 0.863395 -4.44339 163 40.8618 333.904 
7 -0.863938 -6.09367 166 183.042 164.299 
7 1.33843 -4.95324 172 96.782 366.442 
7 0.759759 -5.08223 173 106.045 311.244 
7 -0.563655 -4.89557 181 80.8002 188.231 
7 0.831841 -5.58946 182 150.333 309.089 
7 1.69172 -5.79597 183 169.46 375.383 
7 0.0865561 -4.29161 189 17.4557 256.988 
7 -1.97934 -4.46413 190 23.1901 34.8631 
7 0.781169 -6.98961 200 244.709 286.831 
