-5.21737 5.07065 -0.784054 2 140.484 121.897 
-6.30704 4.44153 1.88748 3 309.23 377.8 
-7.32861 3.85173 1.20236 16 393.062 290.683 
-4.55705 5.45189 0.173982 17 54.1511 260.325 
-8.8069 2.99824 -0.956076 24 488.567 90.9194 
-8.89169 2.94928 -0.604829 26 496.466 118.214 
-7.27042 3.88532 -0.762006 28 376.196 112.436 
-5.58769 4.85685 -0.0889875 33 203.472 203.316 
-4.90516 5.25091 0.957061 35 129.46 339.23 
-9.15905 2.79493 1.33263 40 513.675 263.375 
-6.52013 4.31851 -0.668232 44 305.528 127.443 
-5.48126 4.9183 1.10702 45 209.16 334.719 
-8.69401 3.06342 -0.315471 46 484.964 145.582 
-5.01404 5.18805 -1.36312 47 91.797 44.7034 
-5.40315 4.96339 -0.284863 49 176.408 184.198 
-9.17118 2.78792 0.352843 50 513.905 192.614 
-6.99514 4.04426 0.162238 53 359.628 203.543 
-7.12929 3.9668 -0.413303 57 368.07 148.739 
-7.76282 3.60104 -1.23079 58 413.208 65.0358 
-9.06868 2.8471 0.616604 61 507.484 213.862 
-4.59121 5.43217 1.87801 62 103.248 455.657 
-6.35552 4.41354 0.367926 65 297.178 236.824 
-8.32689 3.27537 0.102633 68 461.271 180.743 
-9.53193 2.57964 -0.151691 69 531.688 151.61 
-6.73615 4.19379 -0.772225 73 326.625 114.774 
-8.43422 3.2134 0.143156 79 467.844 184.619 
-7.01524 4.03265 0.767731 80 363.318 259.149 
-6.84889 4.1287 -1.69131 81 328.147 16.8048 
-8.57211 3.13379 0.696853 83 477.593 225.175 
-4.32489 5.58593 1.53801 86 53.6396 434.836 
-9.48597 2.60618 0.402373 91 531.497 192.099 
-7.84704 3.55241 -1.4571 93 419.355 45.299 
-6.07518 4.57539 0.411442 94 269.314 246.602 
-6.7471 4.18746 0.728183 95 339.329 262.904 
-6.83682 4.13566 0.932129 96 348.395 278.894 
-8.21684 3.33891 0.855065 98 455.488 244.721 
-5.96131 4.64114 0.2828 99 254.841 236.115 
-5.72779 4.77596 -0.0479517 100 222.845 206.188 
-4.97487 5.21066 0.882942 102 138.744 329.751 
-8.30606 3.2874 -0.374033 103 456.102 141.231 
-6.83515 4.13663 0.928504 104 350.668 280.606 
-9.49264 2.60233 0.71894 111 531.247 215.916 
-6.45698 4.35497 0.0373591 113 306.376 201.691 
-5.86459 4.69698 1.11578 115 256.66 323.603 
-4.62783 5.41102 -0.263344 122 55.5717 199.584 
-5.82616 4.71917 1.05356 123 249.829 317.132 
-7.76272 3.6011 -1.33649 124 414.133 56.6609 
-4.37657 5.55609 0.727218 125 39.287 334.665 
-4.73475 5.34929 -1.6572 126 32.1909 1.13556 
-9.4138 2.64784 -0.749638 127 525.625 104.189 
-6.48824 4.33692 0.602459 130 313.396 254.634 
-9.10665 2.82518 -0.067222 132 507.855 161.145 
-8.31486 3.28232 -0.998132 134 458.469 88.1717 
-7.54306 3.72791 -0.636474 136 400.344 122.341 
-8.32648 3.27561 -0.916176 137 456.719 93.831 
-7.75055 3.60812 0.607921 138 422.213 230.978 
-8.89144 2.94943 -0.995818 139 495.824 86.6219 
-8.50915 3.17015 -1.43562 142 468.305 48.1805 
-6.25679 4.47054 0.905937 144 293.886 289.945 
-8.55092 3.14603 -1.2267 145 472.271 66.947 
-9.27136 2.73008 -1.79969 152 518.507 18.4507 
-5.45173 4.93535 -0.474326 153 179.522 160.763 
-7.61388 3.68703 -1.43304 154 400.093 45.7837 
-8.81769 2.99201 -0.933105 158 490.07 93.7933 
-5.18032 5.09204 -1.54133 165 116.574 24.0091 
-5.69185 4.79671 -0.755463 167 206.37 123.074 
-6.08649 4.56887 1.43535 170 283.676 344.911 
-6.68884 4.2211 0.597207 171 333.968 248.927 
-7.21392 3.91795 1.54448 173 387.512 322.045 
-7.83448 3.55966 -0.735079 174 423.105 113.359 
-5.13805 5.11645 1.50194 175 172.675 390.329 
-9.09008 2.83474 -1.5709 176 506.954 39.7398 
-6.73975 4.1917 -1.74479 178 318.204 9.11591 
-5.92197 4.66385 1.33939 179 263.26 341.54 
-5.55644 4.87489 1.22347 180 220.796 343.456 
-5.92731 4.66077 1.73781 182 269.087 380.327 
-5.70558 4.78878 -0.80519 184 208.545 118.755 
-7.69247 3.64165 -1.44056 186 408.953 46.1299 
-6.79289 4.16102 0.492295 190 342.821 239.618 
-8.58962 3.12368 -0.807997 201 476.792 104.012 
-4.54546 5.45858 1.2223 207 81.3445 387.161 
-9.31972 2.70216 0.881481 208 522.551 230.022 
-6.12407 4.54717 1.70161 211 290.331 368.971 
-4.20889 5.6529 1.89089 215 43.2413 479.484 
-6.59885 4.27306 -1.66716 216 303.258 17.5228 
-5.75689 4.75916 -1.40167 219 203.88 46.218 
-4.56488 5.44737 -0.00874334 220 53.7029 235.572 
-7.86451 3.54233 1.45463 223 432.882 297.122 
-7.66224 3.65911 -1.56845 226 403.585 33.618 
-7.55688 3.71994 1.11487 232 411.204 278.03 
-6.86074 4.12186 0.00652214 233 344.722 191.535 
-8.6765 3.07352 1.96596 234 486.713 317.446 
-5.83224 4.71566 -1.67191 237 209.551 9.62586 
-7.02658 4.02611 -1.06432 239 351.41 84.0621 
-8.03402 3.44446 -0.562411 242 436.686 127.832 
-4.83444 5.29174 -0.69456 244 79.5564 139.791 
-8.14068 3.38288 -0.0878003 245 446.748 169.412 
-6.54441 4.30449 1.25315 248 326.044 315.14 
-9.1587 1.86333 -0.988996 253 595.334 75.1682 
-9.52122 2.49124 -1.0717 257 540.688 79.8111 
-8.93601 1.47762 -0.633868 259 638.224 101.059 
-9.30328 2.11375 1.73712 262 569.182 292.605 
-9.05625 1.68588 -1.53396 267 617.421 19.9239 
-9.13681 1.82542 0.452008 276 597.129 199.554 
-9.31057 2.12638 -0.0551822 313 570.94 158.281 
-9.0577 1.6884 -0.174837 377 613.475 145.073 
-9.37546 2.23878 -1.18001 383 560.882 67.5222 
-9.14202 1.83445 -1.39071 391 600.079 37.8863 
-9.48121 2.42194 -1.26659 396 546.915 60.8234 
-9.44529 2.35972 -1.11888 402 549.256 74.9449 
-8.91993 1.44977 0.165011 413 637.764 173.075 
-9.51944 2.48816 0.340095 422 540.046 186.094 
-9.40694 2.29329 1.83376 448 553.822 296.948 
-9.45274 2.37263 -1.8729 469 548.335 10.7503 
-9.08866 1.74202 1.71988 475 603.724 298.176 
-9.2531 2.02685 -1.52478 488 579.797 30.7131 
-9.11496 1.78758 0.0633076 493 600.52 165.993 
-9.55916 2.55695 -0.634717 496 534.663 112.82 
-9.00888 1.60385 -0.973121 498 624.41 72.2638 
