1.69792 -0.977731 -7 104 534.807 17.9639 
5.64257 -0.481715 -7 109 120.583 71.3724 
2.26927 0.767181 -7 111 403.794 253.5 
2.74139 -0.240151 -7 113 370.922 115.628 
4.50714 -1.04124 -7 119 212.527 15.4849 
2.98659 0.138239 -7 123 334.404 159.793 
4.46367 -0.542201 -7 125 207.711 69.364 
6.6867 0.183154 -7 127 50.7062 125.749 
3.77354 -0.887468 -7 133 275.087 32.0325 
6.08103 -0.977971 -7 134 99.2913 23.8861 
3.34213 1.4046 -7 137 271.828 299.414 
0.97797 0.750031 -7 138 598.642 293.074 
4.29646 -0.0380129 -7 139 213.003 124.374 
6.59087 -1.1778 -7 141 71.6085 6.33986 
4.8725 1.3091 -7 142 147.795 252.359 
6.26277 1.2623 -7 143 61.5328 223.243 
1.9715 1.13953 -7 144 432.756 311.292 
1.45576 0.553777 -7 145 524.744 247.681 
7 0.781169 -6.98961 200 27.1872 172.954 
