-7 0.0943094 -5.21035 64 0.674006 0.2711 
-7 1.11392 -6.02536 65 0.486393 0.450165 
-7 0.886694 -5.35798 67 0.63287 0.444003 
-7 0.694743 -5.33965 78 0.638604 0.401055 
-7 1.12101 -6.65735 79 0.375124 0.415645 
-7 -1.84392 -6.0007 85 0.519751 -0.115194 
-7 -0.295975 -5.19552 90 0.679793 0.184686 
-7 0.592834 -6.66606 94 0.380353 0.317519 
-7 -0.609874 -5.90804 100 0.526126 0.110286 
-5.46333 -1.29075 -7 102 0.179698 -0.0625239 
-4.55559 -0.250499 -7 105 0.0207491 0.10986 
-2.11042 -0.0563179 -7 106 -0.581801 0.0716098 
-5.09885 0.316864 -7 107 0.0943306 0.240211 
-6.22725 1.4028 -7 110 0.229342 0.458352 
-5.05591 -0.451909 -7 117 0.105355 0.0825677 
-3.07632 -1.96878 -7 120 -0.213294 -0.356408 
-3.56835 0.827876 -7 121 -0.211555 0.350207 
-6.20015 -0.954561 -7 122 0.264486 0.0241763 
-2.10211 -0.684594 -7 129 -0.543994 -0.115156 
-3.11373 -0.303232 -7 130 -0.273462 0.047583 
-6.2831 -0.370457 -7 140 0.26505 0.128431 
-5.05277 -1.83336 -7 148 0.134633 -0.182182 
-6.46998 0.52855 -7 150 0.272807 0.292236 
