-3.11304 -8.60806 -1.9166 254 562.489 101.775 
-3.48222 -7.96863 1.84681 255 572.804 470.607 
-3.07463 -8.67459 -1.54793 266 573.472 136.348 
-2.72709 -9.27655 -1.48729 269 621.714 140.484 
-5.66157 -4.19387 -0.652214 270 49.3677 277.74 
-5.67473 -4.17108 -1.85136 273 29.2809 116.877 
-5.23237 -4.93727 0.70564 274 192.702 439.505 
-3.88769 -7.26632 -1.50954 277 448.064 142.564 
-4.24528 -6.64697 0.694015 279 418.807 382.999 
-5.01096 -5.32075 -0.777348 280 226.895 240.537 
-3.32874 -8.23445 -1.42324 285 540.81 147.263 
-3.49888 -7.93976 0.772929 286 550.254 362.412 
-5.29575 -4.82749 -1.96199 288 137.294 102.458 
-4.95189 -5.42307 -0.262658 289 250.241 301.7 
-4.9932 -5.35153 -1.23628 292 226.285 186.091 
-3.44968 -8.02497 0.167007 293 545.948 300.914 
-3.04378 -8.72802 1.54345 294 628.315 418.428 
-3.22332 -8.41705 1.89644 304 610.771 465.357 
-3.93868 -7.178 -1.57121 306 437.733 138.418 
-5.13363 -5.10828 -1.10309 312 192.782 203.144 
-3.32508 -8.2408 -1.51403 315 540.484 140.456 
-3.63057 -7.71167 -1.43695 316 492.842 148.778 
-4.92427 -5.47091 0.898447 318 273.297 445.329 
-4.81248 -5.66455 -1.64507 319 263.438 135.978 
-3.09129 -8.64573 1.79249 320 629.562 444.762 
-4.10365 -6.89227 -1.45523 322 410.361 149.439 
-3.06428 -8.69251 -0.666718 324 589.685 213.497 
-4.30377 -6.54565 0.385968 326 404.036 352.17 
-5.23373 -4.93491 -1.84234 327 158.388 117.359 
-5.70343 -4.12137 0.704539 329 53.3066 469.866 
-4.07384 -6.9439 0.0649336 330 439.981 306.741 
-4.85494 -5.591 -1.94807 331 246.496 100.714 
-3.49997 -7.93787 0.446165 333 545.757 330.371 
-3.35488 -8.18918 1.50964 334 584.083 431.397 
-5.49704 -4.47884 -1.16972 335 92.5515 203.314 
-4.50583 -6.19567 0.376914 336 360.808 360.425 
-4.09708 -6.90364 0.281542 338 440.243 333.028 
-3.77569 -7.46032 0.825581 340 505.691 378.801 
-4.16753 -6.78163 0.981089 341 438.571 412.334 
-5.29142 -4.83499 -0.290764 343 162.459 311.017 
-4.78378 -5.71426 0.966713 344 307.977 444.014 
-3.62005 -7.72989 0.845456 350 533.245 374.279 
-4.2793 -6.58803 -1.32765 353 379.884 165.379 
-5.36533 -4.70697 -0.794508 356 135.486 246.542 
-3.10287 -8.62567 -0.357131 361 589.006 241.431 
-4.93982 -5.44397 -1.05261 362 241.447 207.364 
-3.98712 -7.09411 0.170839 364 458.355 316.882 
-4.44212 -6.30602 -1.20213 365 349.759 181.509 
-3.32955 -8.23305 -1.41411 368 540.079 149.614 
-2.62582 -9.45194 -1.96759 374 627.587 96.9549 
-5.20485 -4.98493 0.860305 376 202.829 457.858 
-5.40008 -4.64678 -1.78435 379 111.349 123.073 
-5.0994 -5.16757 -0.624233 381 207.833 262.314 
-3.72571 -7.54688 0.335972 382 506.608 326.276 
-3.02092 -8.76762 -1.67324 386 579.363 122.884 
-5.24676 -4.91235 0.215207 389 181.656 375.246 
-3.14704 -8.54917 1.54174 390 613.748 422.718 
-4.97755 -5.37862 1.00983 392 262.834 463.032 
-4.85021 -5.5992 -1.40794 394 256.153 162.448 
-5.6307 -4.24734 -0.845678 398 57.0773 248.546 
-3.18967 -8.47533 1.85927 400 613.968 457.566 
-3.33676 -8.22056 -0.399899 404 556.249 244.859 
-3.20418 -8.4502 0.757211 405 593.581 349.588 
-3.32846 -8.23494 1.89335 407 596.454 469.876 
-4.67743 -5.89845 0.0191106 408 318.292 324.145 
-4.7162 -5.8313 -1.22464 411 289.791 181.55 
-3.05904 -8.70159 0.925619 412 617.519 360.809 
-4.24744 -6.64321 -1.92173 418 375.606 104.311 
-4.59318 -6.04438 0.332137 419 341.631 359.29 
-5.68549 -4.15243 -1.43883 421 32.442 171.738 
-3.28794 -8.30512 -0.582867 425 559.51 223.473 
-4.10084 -6.89714 -0.211774 427 430.543 280.477 
-3.57786 -7.80296 1.13653 429 544.788 401.939 
-4.2527 -6.63411 -0.951124 431 389.804 203.873 
-4.54469 -6.12836 -1.52013 432 322.568 147.127 
-3.71801 -7.56021 -1.73791 433 474.279 120.526 
-5.71018 -4.10968 -1.61545 434 24.1299 147.325 
-2.84073 -9.07972 -1.27039 435 611.449 157.733 
-5.16969 -5.04583 -0.141549 437 199.046 326.209 
-4.68557 -5.88436 -1.8811 438 287.519 110.765 
-4.8407 -5.61566 -0.0396453 440 279.519 324.098 
-5.69392 -4.13784 -0.92901 443 36.5606 238.102 
-4.21563 -6.69831 -0.927394 445 397.992 206.164 
-4.75369 -5.76637 0.970583 446 315.69 443.197 
-4.02746 -7.02424 -1.63148 447 421.865 130.442 
-2.97704 -8.84361 -0.559065 449 604.146 221.957 
-3.13049 -8.57784 0.930095 453 605.961 362.842 
-2.83311 -9.09292 -0.904736 454 617.289 188.857 
-3.07985 -8.66554 0.939564 456 614.561 361.438 
-5.32858 -4.77062 -1.23715 462 139.523 190.328 
-5.60301 -4.2953 -1.17858 464 63.1037 203.74 
-5.68074 -4.16068 0.111245 466 54.2312 383.833 
-4.41902 -6.34603 0.58457 470 382.304 377.573 
-5.14801 -5.08339 0.214391 472 207.533 369.901 
-4.6459 -5.95307 0.77707 474 337.871 414.362 
-3.62908 -7.71426 0.283949 480 520.214 315.347 
-4.72984 -5.80768 1.01961 483 322.415 447.882 
-3.75747 -7.49188 -0.114405 484 494.082 280.668 
-5.72951 -4.0762 -0.498216 489 29.72 300.774 
-4.07094 -6.94893 1.07534 490 458.604 418.299 
-4.92481 -5.46997 -1.54112 491 238.148 148.97 
-2.61113 -9.47739 -1.5069 492 635.055 137.41 
-3.63585 -7.70252 0.600044 494 525.9 347.808 
-5.30136 -4.81777 0.489233 495 170.69 414.048 
-3.6271 -7.71768 0.36592 497 522.706 326.221 
-3.46213 -8.00341 0.473249 499 550.067 330.467 
-3.9326 -7.18855 1.52347 500 491.09 461.727 
-2.54087 -9.54988 -1.96382 546 636.905 97.2681 
