2.77254 -1.94854 -7 108 0.688026 -0.514654 
5.64257 -0.481715 -7 109 0.0600045 -0.0481111 
6.30632 -1.54879 -7 115 -0.0344146 -0.226727 
4.50714 -1.04124 -7 119 0.241175 -0.178043 
2.98659 0.138239 -7 123 0.62608 0.0979023 
4.46367 -0.542201 -7 125 0.253509 -0.0702197 
6.6867 0.183154 -7 127 -0.0630232 0.0651942 
6.46481 -1.88245 -7 128 -0.0556966 -0.279126 
3.77354 -0.887468 -7 133 0.400538 -0.162832 
6.08103 -0.977971 -7 134 -0.00213208 -0.132274 
3.34213 1.4046 -7 137 0.527369 0.412996 
4.29646 -0.0380129 -7 139 0.290651 0.0397383 
6.59087 -1.1778 -7 141 -0.0638818 -0.157491 
4.8725 1.3091 -7 142 0.193613 0.306144 
6.26277 1.2623 -7 143 -0.00578848 0.24883 
6.4687 -1.97232 -7 149 -0.056909 -0.294301 
7 -1.59791 -6.35011 157 -0.196696 -0.226764 
7 1.75895 -5.06184 159 -0.370202 0.413291 
7 0.863395 -4.44339 163 -0.511712 0.272097 
7 -0.863938 -6.09367 166 -0.226861 -0.101431 
7 1.33843 -4.95324 172 -0.396587 0.338926 
7 0.759759 -5.08223 173 -0.3793 0.2189 
7 0.741437 -4.00824 180 -0.621286 0.270685 
7 -0.563655 -4.89557 181 -0.434345 -0.0408373 
7 0.831841 -5.58946 182 -0.288115 0.211081 
7 1.69172 -5.79597 183 -0.245514 0.354171 
7 0.0865561 -4.29161 189 -0.560364 0.109796 
7 -1.97934 -4.46413 190 -0.55262 -0.352042 
7 0.781169 -6.98961 200 -0.0922275 0.155733 
