-5.37012 0.037908 7 24 605.171 132.977 
-5.21106 1.44812 7 29 593.615 268.256 
-5.40598 0.152698 7 30 599.469 144.128 
-5.875 -0.508694 7 36 568.656 81.7515 
-5.59816 -0.619665 7 42 595.724 68.6273 
-6.33365 0.109205 7 44 523.257 137.819 
-6.25916 0.145289 7 48 528.131 141.023 
-7 0.21307 2.3409 51 92.8965 103.015 
-7 -0.503339 4.01391 52 280.465 48.0505 
-7 -0.64261 4.44771 54 319.641 41.2801 
-7 -0.441068 2.32778 56 89.7312 18.5532 
-7 1.81819 2.50338 57 115.436 285.872 
-7 1.50288 1.91462 59 39.1318 255.617 
-7 0.78654 5.75191 68 401.902 184.453 
-7 -0.100249 4.19611 69 294.117 92.9991 
-7 -0.527577 4.46053 71 319.819 53.3354 
-7 -0.14175 5.47309 72 392.538 103.655 
-7 1.61955 6.53315 73 439.539 247.909 
-7 1.51818 2.67054 81 134.858 253.376 
-7 0.883221 6.2108 82 428.687 193.079 
-7 -0.72299 3.2493 84 204.329 6.58817 
-7 1.48523 2.57162 86 123.312 250.353 
-7 1.20864 2.59145 88 125.57 220.48 
-7 1.46933 5.82185 93 399.951 238.538 
-7 -0.576654 5.65743 96 409.159 66.7924 
