-3.49077 1.97493 7 8 0.687076 0.493256 
-4.80195 0.41523 7 21 0.380801 0.0648914 
-5.92999 -1.73451 7 23 0.194947 -0.343725 
-5.37012 0.037908 7 24 0.280112 -0.0179485 
-5.21106 1.44812 7 29 0.304663 0.25411 
-5.40598 0.152698 7 30 0.274138 0.00365658 
-3.76175 1.7333 7 32 0.612344 0.408604 
-5.875 -0.508694 7 36 0.202952 -0.119626 
-4.02466 -0.174699 7 39 0.557017 -0.057056 
-5.59816 -0.619665 7 42 0.244272 -0.142718 
-6.33365 0.109205 7 44 0.141668 -0.0119655 
-6.25916 0.145289 7 48 0.151153 -0.00533508 
-7 -0.503339 4.01391 52 -0.418546 -0.116666 
-7 -0.64261 4.44771 54 -0.325992 -0.145007 
-7 0.78654 5.75191 68 -0.0928985 0.113494 
-7 -0.100249 4.19611 69 -0.373784 -0.0292069 
-7 -0.527577 4.46053 71 -0.322368 -0.120735 
-7 -0.14175 5.47309 72 -0.13912 -0.0472396 
-7 1.61955 6.53315 73 0.0131423 0.227564 
-7 0.883221 6.2108 82 -0.0294293 0.119018 
-7 -0.72299 3.2493 84 -0.618769 -0.173897 
-7 1.46933 5.82185 93 -0.080169 0.227756 
-7 -0.576654 5.65743 96 -0.112806 -0.126717 
