-1.97014 0.361326 7 3 411.676 278.369 
-3.49077 1.97493 7 8 235.747 479.517 
-2.93389 0.906698 7 9 294.565 349.807 
-2.14837 -1.21575 7 10 381.231 76.3399 
-0.578608 0.00250695 7 11 634.212 214.128 
-4.80195 0.41523 7 21 123.113 291.3 
-3.28746 -0.347612 7 22 256.283 199.583 
-5.92999 -1.73451 7 23 54.0981 100.16 
-5.37012 0.037908 7 24 83.361 255.331 
-5.21106 1.44812 7 29 89.3423 397.235 
-5.40598 0.152698 7 30 80.4869 266.57 
-2.84657 -0.836733 7 31 301.572 136.769 
-3.76175 1.7333 7 32 209.13 445.01 
-2.21352 -0.0799941 7 33 377.62 220.941 
-5.875 -0.508694 7 36 52.5065 207.403 
-4.02466 -0.174699 7 39 187.595 225.63 
-3.22548 0.288125 7 40 262.787 273.425 
-5.59816 -0.619665 7 42 70.6012 194.89 
-3.26615 1.27581 7 43 258.962 394.18 
-6.33365 0.109205 7 44 22.0462 265.64 
-2.70348 -0.732172 7 47 317.44 146.561 
-6.25916 0.145289 7 48 26.2689 268.651 
