-7 -0.29883 -1.326 55 0.421165 -0.181331 
-7 0.46862 -2.98529 58 0.0174472 0.0020098 
-7 -1.05185 -1.49538 60 0.380694 -0.38325 
-7 -1.03485 -3.75523 61 -0.14789 -0.328264 
-7 -0.184126 -2.39523 62 0.145424 -0.14583 
-7 0.0943094 -5.21035 64 -0.380666 -0.0826142 
-7 1.11392 -6.02536 65 -0.479145 0.0950038 
-7 0.886694 -5.35798 67 -0.389995 0.0627452 
-7 1.34911 -4.82912 74 -0.303828 0.153086 
-7 0.577231 -1.47952 76 0.370609 0.0416521 
-7 0.694743 -5.33965 78 -0.390351 0.0282664 
-7 1.12101 -6.65735 79 -0.559939 0.0889708 
-7 0.821262 -3.48263 80 -0.0789485 0.0714254 
-7 -1.84392 -6.0007 85 -0.531807 -0.452565 
-7 1.69039 -1.92004 89 0.253918 0.287998 
-7 -0.295975 -5.19552 90 -0.384719 -0.157612 
-7 1.40697 -4.3308 91 -0.223433 0.172422 
-7 0.592834 -6.66606 94 -0.57115 0.0012996 
-7 -1.56958 -3.12031 95 -0.0227444 -0.471075 
-7 -1.20087 -3.87679 97 -0.172928 -0.363618 
-7 1.52805 -2.92335 98 0.0348232 0.225978 
-7 -0.609874 -5.90804 100 -0.494429 -0.213346 
