1.69792 -0.977731 -7 104 618.489 6.31574 
5.64257 -0.481715 -7 109 182.51 73.2567 
2.26927 0.767181 -7 111 474.438 252.465 
2.74139 -0.240151 -7 113 438.737 112.858 
4.50714 -1.04124 -7 119 272.813 14.7698 
2.98659 0.138239 -7 123 400.694 158.204 
4.46367 -0.542201 -7 125 269.126 69.2554 
6.6867 0.183154 -7 127 116.638 127.726 
3.77354 -0.887468 -7 133 337.267 29.6389 
6.08103 -0.977971 -7 134 160.232 26.749 
3.34213 1.4046 -7 137 338.271 296.506 
4.29646 -0.0380129 -7 139 275.658 124.127 
6.59087 -1.1778 -7 141 132.709 10.1995 
4.8725 1.3091 -7 142 214.131 249.671 
6.26277 1.2623 -7 143 130.229 221.417 
1.9715 1.13953 -7 144 505.396 310.686 
1.45576 0.553777 -7 145 605.393 247.35 
7 -0.863938 -6.09367 166 30.2725 9.64065 
7 0.781169 -6.98961 200 96.0325 173.452 
