-2.93389 0.906698 7 9 621.419 409.382 
-4.80195 0.41523 7 21 405.621 338.254 
-3.28746 -0.347612 7 22 549.064 250.935 
-5.92999 -1.73451 7 23 306.28 161.407 
-5.37012 0.037908 7 24 358.905 303.543 
-5.21106 1.44812 7 29 385.773 431.81 
-5.40598 0.152698 7 30 357.667 313.696 
-2.84657 -0.836733 7 31 600.929 181.895 
-5.875 -0.508694 7 36 321.07 259.612 
-4.02466 -0.174699 7 39 468.133 277.341 
-3.22548 0.288125 7 40 568.187 327.796 
-5.59816 -0.619665 7 42 337.016 248.107 
-3.26615 1.27581 7 43 580.198 450.057 
-6.33365 0.109205 7 44 300.716 310.98 
-2.70348 -0.732172 7 47 624.793 191.771 
-6.25916 0.145289 7 48 305.126 313.752 
-7 -0.503339 4.01391 52 7.50837 295.97 
-7 -0.64261 4.44771 54 58.5916 275.872 
-7 0.78654 5.75191 68 191.757 386.348 
-7 -0.100249 4.19611 69 34.1255 336.54 
-7 -0.527577 4.46053 71 61.0688 287.446 
-7 -0.14175 5.47309 72 161.595 310.716 
-7 1.61955 6.53315 73 252.299 434.918 
-7 0.883221 6.2108 82 225.306 383.993 
-7 1.46933 5.82185 93 203.019 443.355 
-7 -0.576654 5.65743 96 172.614 271.068 
