-7 -1.78251 -2.62609 53 266.708 8.78862 
-7 -0.29883 -1.326 55 403.332 164.753 
-7 0.46862 -2.98529 58 228.354 247.087 
-7 -1.05185 -1.49538 60 385.785 79.4151 
-7 -1.03485 -3.75523 61 160.085 95.526 
-7 -0.184126 -2.39523 62 287.219 179.068 
-7 1.26508 -0.184774 63 539.735 353.199 
-7 0.0943094 -5.21035 64 41.4558 207.204 
-7 0.886694 -5.35798 67 30.2127 279.12 
-7 1.34911 -4.82912 74 69.8764 324.214 
-7 0.577231 -1.47952 76 383.631 263.915 
-7 0.694743 -5.33965 78 31.6274 261.787 
-7 0.821262 -3.48263 80 182.2 280.984 
-7 -0.166603 0.216342 87 600.019 178.064 
-7 1.69039 -1.92004 89 332.966 383.137 
-7 -0.295975 -5.19552 90 42.7246 171.271 
-7 1.40697 -4.3308 91 109.359 332.999 
-7 0.312724 -0.335245 92 523.282 236.976 
-7 -1.56958 -3.12031 95 218.427 36.2718 
-7 -1.20087 -3.87679 97 149.663 79.6559 
-7 1.52805 -2.92335 98 232.711 356.109 
