-7 0.21307 2.3409 51 612.39 362.963 
-7 -1.78251 -2.62609 53 52.7179 142.66 
-7 -0.29883 -1.326 55 178.987 300.795 
-7 -0.441068 2.32778 56 600.472 284.816 
-7 -1.05185 -1.49538 60 166.161 217.231 
-7 -0.184126 -2.39523 62 55.1417 313.941 
-7 -1.45394 1.58819 66 504.574 174.554 
-7 -1.07602 2.04225 70 559.067 214.221 
-7 -1.87164 2.51938 75 600.949 132.098 
-7 0.577231 -1.47952 76 153.117 407.123 
-7 -1.86155 -2.22478 77 95.9049 134.77 
-7 -1.9255 2.82609 83 633.224 126.668 
-7 -0.166603 0.216342 87 356.868 316.491 
-7 0.312724 -0.335245 92 291.785 374.337 
-7 -1.0576 1.73598 99 524.931 216.238 
