1.69792 -0.977731 -7 104 0.185354 -0.299016 
5.64257 -0.481715 -7 109 -0.673537 -0.205545 
2.26927 0.767181 -7 111 -0.0440089 0.195732 
2.74139 -0.240151 -7 113 -0.12592 -0.103541 
4.50714 -1.04124 -7 119 -0.468052 -0.322671 
2.98659 0.138239 -7 123 -0.198285 -0.00823576 
0.474792 -0.485198 -7 124 0.588189 -0.123999 
4.46367 -0.542201 -7 125 -0.47698 -0.206859 
3.77354 -0.887468 -7 133 -0.332644 -0.283946 
1.03314 -1.58354 -7 136 0.425232 -0.4895 
3.34213 1.4046 -7 137 -0.32432 0.31039 
0.97797 0.750031 -7 138 0.349747 0.269023 
4.29646 -0.0380129 -7 139 -0.463531 -0.0858397 
4.8725 1.3091 -7 142 -0.610319 0.20958 
1.9715 1.13953 -7 144 0.0227231 0.322939 
1.45576 0.553777 -7 145 0.199373 0.176037 
