-7 0.21307 2.3409 51 473.753 393.953 
-7 -0.503339 4.01391 52 636.498 310.289 
-7 -0.29883 -1.326 55 34.3979 340.893 
-7 -0.441068 2.32778 56 467.754 318.606 
-7 -1.05185 -1.49538 60 20.9634 247.803 
-7 -1.45394 1.58819 66 384.342 207.702 
-7 -1.07602 2.04225 70 433.863 248.786 
-7 -1.87164 2.51938 75 477.602 167.208 
-7 0.577231 -1.47952 76 2.35615 458.057 
-7 -1.9255 2.82609 83 507.312 162.842 
-7 -0.72299 3.2493 84 559.566 287.192 
-7 -0.166603 0.216342 87 229.524 354.208 
-7 0.312724 -0.335245 92 158.585 416.567 
-7 -1.0576 1.73598 99 401.571 250.485 
