5.64257 -0.481715 -7 109 577.043 227.047 
6.30632 -1.54879 -7 115 512.986 159.346 
6.6867 0.183154 -7 127 509.811 295.7 
6.46481 -1.88245 -7 128 499.172 140.212 
6.08103 -0.977971 -7 134 535.621 196.334 
6.59087 -1.1778 -7 141 499.641 193.123 
6.26277 1.2623 -7 143 554.415 383.975 
6.4687 -1.97232 -7 149 497.915 134.106 
7 -0.0623122 -3.31422 152 224.941 285.013 
7 0.36994 -1.65205 155 20.5862 343.67 
7 -1.59791 -6.35011 157 437.874 168.817 
7 1.75895 -5.06184 159 388.112 449.567 
7 0.343459 -2.54532 160 141.452 332.517 
7 1.08732 -1.94397 162 60.0474 434.085 
7 0.863395 -4.44339 163 332.157 370.335 
7 -0.724268 -3.10497 165 201.833 218.43 
7 -0.863938 -6.09367 166 430.291 219.99 
7 1.33843 -4.95324 172 376.025 410.31 
7 0.759759 -5.08223 173 380.177 354.759 
7 -0.518283 -3.0968 179 201.542 238.826 
7 0.741437 -4.00824 180 294.289 362.55 
7 -0.563655 -4.89557 181 355.547 239.746 
7 0.831841 -5.58946 182 415.709 357.108 
7 1.69172 -5.79597 183 438.157 431.358 
7 0.0865561 -4.29161 189 314.063 297.181 
7 -1.97934 -4.46413 190 313.96 121.648 
7 0.781169 -6.98961 200 496.839 343.31 
