3.31453 -6.16926 -0.82277 507 0.248294 -0.176243 
2.55081 -6.61019 -1.05696 510 -0.0407549 -0.203347 
0.697982 -7.67992 -1.90184 511 -0.693407 -0.341285 
1.01972 -7.49417 -0.323822 518 -0.51634 0.0963687 
1.55304 -7.18626 -0.142317 519 -0.330392 0.127713 
3.62183 -5.99184 -0.708902 530 0.363984 -0.162287 
0.57886 -7.7487 0.424617 532 -0.612592 0.333181 
1.74656 -7.07452 -0.649775 536 -0.29516 -0.0346575 
3.84209 -5.86467 0.762035 537 0.516686 0.29156 
4.08321 -5.72546 -0.0501395 541 0.57567 0.0227566 
0.488173 -7.80106 0.703509 550 -0.632511 0.414236 
4.14699 -5.68864 -0.0739802 553 0.595067 0.00801954 
2.76135 -6.48864 -0.835611 556 0.0445557 -0.146555 
2.50813 -6.63483 -1.62398 557 -0.0855952 -0.375361 
0.766945 -7.64011 0.115194 558 -0.570587 0.236712 
0.990941 -7.51078 -1.55331 559 -0.582993 -0.257524 
1.77128 -7.06025 -1.32111 560 -0.319147 -0.234835 
4.17332 -5.67344 0.684667 567 0.639839 0.252686 
4.08949 -5.72184 0.309736 570 0.595524 0.137092 
1.27527 -7.34662 -0.861902 571 -0.45971 -0.0698453 
2.35211 -6.72491 -1.73362 576 -0.144208 -0.394739 
2.61049 -6.57574 0.28437 581 0.0435218 0.201649 
1.33215 -7.31379 -0.490916 582 -0.420525 0.033573 
0.848258 -7.59316 -0.946016 591 -0.600485 -0.0762726 
1.26618 -7.35187 -0.159086 592 -0.428705 0.133343 
3.5218 -6.04959 -1.73721 596 0.279778 -0.481487 
2.00616 -6.92464 -1.64027 600 -0.253259 -0.34572 
2.48133 -6.65031 0.492331 604 0.0115795 0.269003 
2.61487 -6.57321 0.0112596 607 0.0341519 0.118349 
2.89706 -6.41029 -1.2274 611 0.0711015 -0.277243 
2.4848 -6.64831 0.119285 615 -0.00753163 0.160458 
2.90013 -6.40851 0.80747 626 0.170853 0.348558 
2.77919 -6.47834 -1.67587 627 0.00756066 -0.408893 
3.2896 -6.18365 -0.831285 632 0.235782 -0.175881 
0.695133 -7.68157 0.336635 637 -0.585597 0.302047 
3.83992 -5.86592 -0.579006 640 0.450042 -0.131618 
2.18105 -6.82367 0.572736 650 -0.0920016 0.308614 
2.35902 -6.72093 0.562621 651 -0.0301472 0.297257 
1.77898 -7.05581 0.424263 655 -0.233932 0.282978 
1.12851 -7.43136 0.338853 661 -0.447279 0.284959 
4.05549 -5.74146 -0.254187 669 0.550485 -0.0426051 
2.3244 -6.74091 -0.546464 673 -0.0924143 -0.0332621 
3.62073 -5.99248 0.99023 683 0.443838 0.37723 
1.16029 -7.41301 -1.93088 690 -0.549218 -0.376912 
4.226 -5.64302 0.28797 691 0.648279 0.126131 
1.43203 -7.25612 -1.20582 693 -0.424776 -0.179451 
3.83179 -5.87062 1.26855 694 0.538568 0.452358 
0.676712 -7.6922 0.794688 695 -0.568798 0.431376 
2.99296 -6.35491 0.665465 696 0.196463 0.297366 
0.735422 -7.65831 -0.141939 702 -0.598801 0.167674 
4.30182 -5.59925 -1.21577 708 0.602498 -0.366973 
2.02484 -6.91386 0.215523 713 -0.157833 0.207568 
2.26921 -6.77278 -0.294944 715 -0.103714 0.0448891 
1.12928 -7.43091 0.660268 716 -0.434496 0.380887 
1.34298 -7.30754 -1.15975 722 -0.447501 -0.160973 
4.48631 -5.49273 -1.46496 723 0.662894 -0.465446 
3.52361 -6.04855 -0.447866 727 0.337563 -0.074603 
3.90444 -5.82868 0.777906 744 0.542268 0.29326 
2.78119 -6.47718 -1.18276 749 0.0374819 -0.253946 
