7 -1.49784 0.349314 151 -0.601078 -0.410797 
7 -0.0623122 -3.31422 152 0.30024 0.00428642 
7 0.36994 -1.65205 155 -0.0643969 0.101335 
7 0.947338 -0.351981 158 -0.396464 0.24974 
7 1.75895 -5.06184 159 0.591795 0.367608 
7 0.343459 -2.54532 160 0.13694 0.0938563 
7 -0.647617 -0.188366 161 -0.440319 -0.163257 
7 1.08732 -1.94397 162 -0.0021362 0.266119 
7 0.863395 -4.44339 163 0.499436 0.197559 
7 -0.724268 -3.10497 165 0.265823 -0.145026 
7 1.33843 -4.95324 172 0.579996 0.287665 
7 0.759759 -5.08223 173 0.610133 0.173398 
7 1.97211 0.0439567 176 -0.506173 0.511685 
7 -0.518283 -3.0968 179 0.261746 -0.0985255 
7 0.741437 -4.00824 180 0.422814 0.175057 
7 -0.563655 -4.89557 181 0.598986 -0.0934048 
7 0.831841 -5.58946 182 0.691197 0.184854 
7 -0.443496 -0.586995 184 -0.329829 -0.104531 
7 -1.20096 -0.713027 185 -0.293448 -0.300811 
7 -0.746732 -0.782938 186 -0.276282 -0.180624 
7 0.0865561 -4.29161 189 0.483338 0.0384924 
7 -1.97934 -4.46413 190 0.544859 -0.401212 
7 -1.56385 -0.742436 193 -0.28424 -0.396581 
7 -1.07027 0.309808 197 -0.587919 -0.288442 
7 1.83558 -1.14915 198 -0.193828 0.450674 
