1.50492 8.95177 -1.01173 5 -0.0815237 0.00425403 
-0.0798114 8.03682 -1.36918 7 0.248248 -0.139856 
2.56137 9.56171 -1.26435 9 -0.236234 -0.00887748 
-1.18389 7.39938 -0.935763 10 0.625123 -0.0954362 
-0.178643 7.97976 0.508014 11 0.327694 0.338501 
0.882168 8.59222 -0.707979 12 0.040229 0.052013 
0.899845 8.60243 -1.45278 14 0.0157847 -0.101836 
-0.882633 7.57332 -1.15265 15 0.49894 -0.144473 
0.308716 8.26114 -0.602419 18 0.169459 0.0589745 
-0.834292 7.60122 -0.745649 20 0.501848 -0.0181448 
1.53151 8.96712 0.925447 27 -0.0511218 0.396322 
1.89409 9.17646 -0.898766 30 -0.139875 0.0394399 
1.20489 8.77855 1.35968 34 0.0168373 0.503929 
0.643979 8.45471 0.172026 37 0.113105 0.241342 
1.0009 8.66077 1.01151 39 0.0489181 0.430294 
1.35417 8.86473 -1.19204 41 -0.0642708 -0.0335352 
2.2299 9.37034 -1.63427 48 -0.198676 -0.0843342 
-0.421209 7.83972 -1.17149 54 0.345419 -0.115408 
-0.449959 7.82312 -0.349133 56 0.385992 0.10357 
1.11916 8.72905 0.11871 59 0.00794413 0.230362 
2.502 9.52743 1.21213 60 -0.192882 0.429338 
0.976565 8.64672 0.659001 63 0.0493586 0.352919 
2.48091 9.51526 -1.52748 64 -0.231531 -0.0555461 
1.84359 9.1473 -0.734752 70 -0.131174 0.0650856 
2.0992 9.29488 1.12901 72 -0.136999 0.41954 
2.43447 9.48845 -1.27169 74 -0.222949 -0.0101283 
0.772201 8.52873 0.816256 76 0.100784 0.392739 
2.20527 9.35612 0.861552 89 -0.160903 0.370366 
0.17216 8.1823 0.981234 106 0.244523 0.452048 
-0.30588 7.9063 0.0837691 108 0.356827 0.219718 
1.53832 8.97105 -0.336704 110 -0.0747121 0.1369 
-0.383025 7.86176 0.22409 112 0.384917 0.262056 
1.39446 8.888 1.03195 114 -0.0217474 0.422887 
-0.803108 7.61923 -0.814071 117 0.486723 -0.0359799 
-0.964105 7.52628 0.885878 120 0.628156 0.473975 
1.68572 9.05615 0.970133 121 -0.0760946 0.401491 
0.0926466 8.13639 -1.10015 128 0.207457 -0.0677399 
1.04442 8.6859 0.452906 133 0.0300393 0.300288 
2.0713 9.27877 -0.869126 143 -0.165174 0.0480727 
2.40916 9.47383 1.43867 146 -0.180228 0.476072 
-0.582336 7.74669 0.181318 147 0.449774 0.250987 
-0.447254 7.82468 0.726916 148 0.425242 0.401064 
-1.07075 7.46471 -0.23607 149 0.615194 0.116338 
-0.106953 8.02115 -0.188349 150 0.287912 0.152427 
2.34296 9.43561 0.313575 151 -0.1888 0.268106 
1.8128 9.12952 -1.61907 155 -0.136192 -0.0965472 
-1.34908 7.30401 -1.57982 156 0.664443 -0.312227 
1.66029 9.04147 -0.791988 162 -0.107378 0.0536434 
1.18573 8.76749 -1.30616 163 -0.0289263 -0.06352 
-0.717429 7.6687 0.357392 164 0.504663 0.304196 
0.827608 8.56072 -0.196826 177 0.0573715 0.158438 
0.817645 8.55497 1.17423 181 0.0950329 0.47347 
-0.0741699 8.04008 -1.61407 185 0.235789 -0.200608 
-0.509556 7.78871 -1.73933 187 0.353981 -0.264574 
1.11154 8.72465 -0.22035 188 0.000943387 0.15494 
-1.12203 7.4351 -0.763709 191 0.609105 -0.0442899 
-0.560641 7.75922 -0.484044 192 0.41514 0.0629029 
1.01143 8.66685 -1.03298 194 0.00849466 -0.012274 
-1.18082 7.40116 -1.11678 196 0.616799 -0.153534 
1.63059 9.02433 -0.54542 202 -0.0941858 0.0995461 
0.530427 8.38915 0.212413 206 0.13203 0.253875 
-0.0829147 8.03503 0.967789 213 0.322501 0.456088 
0.498224 8.37055 -0.257251 218 0.132814 0.142972 
-1.18272 7.40006 -0.335728 222 0.658151 0.0836902 
0.842776 8.56948 1.16326 230 0.088579 0.469988 
2.3848 9.45977 -0.140995 231 -0.198333 0.188272 
1.20088 8.77623 0.396294 235 -0.00278077 0.292878 
-0.177513 7.98042 -1.74127 236 0.261693 -0.236 
-0.477256 7.80736 0.692004 238 0.436168 0.398783 
2.1672 9.33414 0.137181 241 -0.167587 0.235069 
2.5324 9.54499 -0.521146 243 -0.220993 0.116908 
0.34969 8.2848 -0.208161 246 0.168001 0.153939 
2.29158 9.40595 0.467399 249 -0.179685 0.295967 
2.79672 9.15593 1.45335 762 -0.270022 0.503719 
3.65369 7.67162 -0.409443 763 -0.650183 0.189218 
3.63308 7.70731 -0.253667 767 -0.637963 0.222277 
3.17581 8.49933 -0.450529 776 -0.431162 0.1526 
2.96438 8.86554 -0.466828 778 -0.350217 0.1432 
2.91765 8.94648 -1.66232 783 -0.347479 -0.0827753 
2.7584 9.22231 -0.310632 792 -0.280646 0.15991 
3.68413 7.6189 -0.207288 807 -0.668051 0.237105 
2.74211 9.25053 -1.73828 813 -0.294245 -0.0962617 
3.57856 7.80176 -0.875216 840 -0.616445 0.0710869 
2.75988 9.21974 0.955628 841 -0.267646 0.397521 
3.12713 8.58365 0.949699 846 -0.391386 0.449445 
3.4808 7.97107 -1.62753 851 -0.57574 -0.0978481 
3.61746 7.73437 -1.94874 852 -0.642892 -0.179887 
3.11682 8.6015 1.29664 853 -0.38724 0.519698 
3.59494 7.77338 0.739111 854 -0.612347 0.472371 
3.21408 8.43306 1.15774 858 -0.425065 0.508079 
3.63106 7.71081 -1.67758 859 -0.647154 -0.114681 
3.27878 8.32099 -1.03834 860 -0.474104 0.0302248 
2.83011 9.0981 -0.827008 869 -0.310031 0.0691056 
3.62176 7.72692 0.659348 870 -0.627713 0.454095 
2.74336 9.24836 0.533191 877 -0.264565 0.322212 
3.15471 8.53588 -0.806247 915 -0.421158 0.0802621 
3.62319 7.72445 -0.430218 916 -0.636724 0.177669 
3.37491 8.15449 -1.18787 917 -0.520695 0.00169884 
3.15548 8.53455 -1.95746 923 -0.436075 -0.152659 
2.665 9.38408 0.586617 924 -0.243296 0.322205 
3.45706 8.01219 0.602811 925 -0.543916 0.414022 
3.20202 8.45395 0.188458 931 -0.431201 0.286282 
2.78152 9.18227 -1.96749 936 -0.305997 -0.133323 
3.02515 8.76029 0.646829 955 -0.358036 0.369711 
2.99518 8.81219 -1.02389 956 -0.370805 0.0322766 
2.88729 8.99907 -0.922446 958 -0.328802 0.0506328 
2.80084 9.14881 -0.0563065 974 -0.291911 0.211323 
2.74799 9.24035 0.800252 981 -0.263285 0.372146 
