5.64257 -0.481715 -7 109 0.0126582 -0.0827168 
2.74139 -0.240151 -7 113 0.637427 -0.0308936 
6.30632 -1.54879 -7 115 -0.0772439 -0.265533 
4.50714 -1.04124 -7 119 0.193864 -0.209995 
2.98659 0.138239 -7 123 0.556765 0.0713339 
4.46367 -0.542201 -7 125 0.203019 -0.101377 
6.6867 0.183154 -7 127 -0.111133 0.0290802 
6.46481 -1.88245 -7 128 -0.0974728 -0.319545 
3.77354 -0.887468 -7 133 0.348809 -0.19131 
6.08103 -0.977971 -7 134 -0.0470218 -0.168869 
3.34213 1.4046 -7 137 0.451953 0.377603 
4.29646 -0.0380129 -7 139 0.236161 0.00901218 
6.59087 -1.1778 -7 141 -0.107901 -0.195741 
4.8725 1.3091 -7 142 0.135 0.271224 
6.26277 1.2623 -7 143 -0.058201 0.212892 
6.4687 -1.97232 -7 149 -0.0983989 -0.335103 
7 -1.59791 -6.35011 157 -0.242461 -0.270543 
7 1.75895 -5.06184 159 -0.430923 0.370359 
7 0.863395 -4.44339 163 -0.576785 0.226707 
7 -0.863938 -6.09367 166 -0.275776 -0.14368 
7 1.33843 -4.95324 172 -0.457436 0.29587 
7 0.759759 -5.08223 173 -0.438234 0.176014 
7 0.741437 -4.00824 180 -0.691903 0.223057 
7 -0.563655 -4.89557 181 -0.493123 -0.0885449 
7 0.831841 -5.58946 182 -0.34369 0.170172 
7 1.69172 -5.79597 183 -0.301845 0.313675 
7 0.0865561 -4.29161 189 -0.626905 0.0613956 
7 -1.97934 -4.46413 190 -0.616051 -0.414318 
7 0.781169 -6.98961 200 -0.141671 0.119293 
