-7 0.21307 2.3409 51 -0.128238 -0.128829 
-7 -0.503339 4.01391 52 0.227112 -0.260311 
-7 -0.64261 4.44771 54 0.306493 -0.280202 
-7 -0.441068 2.32778 56 -0.124061 -0.288049 
-7 1.81819 2.50338 57 -0.109141 0.234034 
-7 1.50288 1.91462 59 -0.241149 0.171585 
-7 0.78654 5.75191 68 0.478348 0.0139656 
-7 -0.100249 4.19611 69 0.252005 -0.170985 
-7 -1.07602 2.04225 70 -0.187261 -0.460786 
-7 -0.527577 4.46053 71 0.306328 -0.255692 
-7 -0.14175 5.47309 72 0.4588 -0.160814 
-7 1.61955 6.53315 73 0.564134 0.156096 
-7 1.51818 2.67054 81 -0.0696654 0.16747 
-7 0.883221 6.2108 82 0.538937 0.0317446 
-7 -0.72299 3.2493 84 0.083168 -0.329364 
-7 1.48523 2.57162 86 -0.0905977 0.161252 
-7 1.20864 2.59145 88 -0.0830965 0.100526 
-7 1.46933 5.82185 93 0.473243 0.134917 
-7 -0.576654 5.65743 96 0.495734 -0.241554 
-7 -1.0576 1.73598 99 -0.267048 -0.469715 
