5.64257 -0.481715 -7 109 0.102373 -0.0227398 
6.30632 -1.54879 -7 115 0.00372978 -0.197849 
4.50714 -1.04124 -7 119 0.284062 -0.156059 
2.98659 0.138239 -7 123 0.690807 0.114337 
4.46367 -0.542201 -7 125 0.29933 -0.0486994 
6.6867 0.183154 -7 127 -0.0204204 0.0927375 
6.46481 -1.88245 -7 128 -0.0185007 -0.248902 
3.77354 -0.887468 -7 133 0.44789 -0.144523 
6.08103 -0.977971 -7 134 0.0378787 -0.105185 
3.34213 1.4046 -7 137 0.598032 0.439411 
4.29646 -0.0380129 -7 139 0.34029 0.061081 
6.59087 -1.1778 -7 141 -0.0248092 -0.128811 
4.8725 1.3091 -7 142 0.246813 0.332765 
6.26277 1.2623 -7 143 0.0408693 0.276803 
6.4687 -1.97232 -7 149 -0.019957 -0.263775 
7 -1.59791 -6.35011 157 -0.156502 -0.194048 
7 1.75895 -5.06184 159 -0.318148 0.446382 
7 0.863395 -4.44339 163 -0.456706 0.305464 
7 -0.863938 -6.09367 166 -0.184137 -0.0699751 
7 1.33843 -4.95324 172 -0.344559 0.371511 
7 0.759759 -5.08223 173 -0.328786 0.250872 
7 0.741437 -4.00824 180 -0.562241 0.305109 
7 -0.563655 -4.89557 181 -0.384127 -0.00622094 
7 0.831841 -5.58946 182 -0.240028 0.242006 
7 1.69172 -5.79597 183 -0.196572 0.385745 
7 0.0865561 -4.29161 189 -0.504316 0.144573 
7 -1.97934 -4.46413 190 -0.498861 -0.307155 
7 0.781169 -6.98961 200 -0.0485727 0.184022 
