-5.21737 5.07065 -0.784054 2 501.567 197.225 
-4.28285 5.6102 -0.35009 4 367.369 234.624 
-2.36095 6.71981 0.0648834 6 47.1459 262.603 
-3.05032 6.3218 1.27862 8 143.64 457.354 
-4.55705 5.45189 0.173982 17 403.098 309.256 
-3.41844 6.10927 -1.82689 21 254.454 38.0568 
-2.65363 6.55083 1.42287 22 64.2215 476.484 
-3.01817 6.34036 -1.63356 23 192.35 51.743 
-2.57331 6.5972 -0.0115366 25 84.2635 256.521 
-2.71663 6.51445 0.575812 32 98.0015 344.159 
-5.58769 4.85685 -0.0889875 33 547.989 289.171 
-4.90516 5.25091 0.957061 35 449.316 421.932 
-3.74583 5.92025 -0.779907 36 294.009 172.72 
-3.03012 6.33346 -0.976834 38 181.243 131.347 
-4.01906 5.7625 0.688089 42 316.553 375.853 
-5.48126 4.9183 1.10702 45 532.971 447.561 
-5.01404 5.18805 -1.36312 47 475.751 128.883 
-5.40315 4.96339 -0.284863 49 524.742 261.097 
-2.14768 6.84294 -0.101629 51 11.292 232.746 
-3.33545 6.15718 -0.435976 52 222.888 209.418 
-3.74961 5.91807 1.32639 66 262.567 468.132 
-3.617 5.99463 -1.57595 71 281.136 71.4139 
-4.04408 5.74805 -1.06717 77 339.338 141.883 
-4.14277 5.69108 0.84443 78 334.39 399.148 
-3.86191 5.85323 -1.48589 82 316.013 87.3655 
-2.18179 6.82325 0.0567123 84 13.6562 257.446 
-2.31638 6.74554 0.814643 87 16.6931 375.468 
-4.13014 5.69837 -1.41351 88 355.132 104.955 
-3.16889 6.25334 -1.4501 90 212.664 76.7661 
-4.96883 5.21415 -1.7676 92 472.928 79.1828 
-6.07518 4.57539 0.411442 94 612.355 357.295 
-5.96131 4.64114 0.2828 99 598.851 342.417 
-5.72779 4.77596 -0.0479517 100 569.08 295.544 
-3.51194 6.05528 0.00121058 101 244.074 269.858 
-4.97487 5.21066 0.882942 102 459.313 412.26 
-5.91646 4.66703 -1.82728 105 590.215 93.1963 
-2.27819 6.76759 -0.186085 109 35.6801 222.824 
-5.86459 4.69698 1.11578 115 584.734 451.2 
-4.62783 5.41102 -0.263344 122 417.346 255.51 
-5.82616 4.71917 1.05356 123 579.286 441.501 
-4.37657 5.55609 0.727218 125 371.789 385.533 
-4.73475 5.34929 -1.6572 126 440.33 87.954 
-2.44383 6.67196 -0.385326 131 69.7251 199.417 
-2.20806 6.80808 -1.59639 140 59.0394 33.6898 
-6.25679 4.47054 0.905937 144 638.665 425.182 
-5.45173 4.93535 -0.474326 153 531.576 240.842 
-2.79823 6.46735 0.492322 157 114.928 333.339 
-3.75274 5.91626 -1.57757 159 304.301 73.5719 
-2.15233 6.84026 -0.0957294 160 11.7099 236.274 
-2.43306 6.67818 0.0756168 161 60.3913 265.369 
-5.18032 5.09204 -1.54133 165 497.563 108.594 
-5.69185 4.79671 -0.755463 167 563.428 210.365 
-5.55644 4.87489 1.22347 180 541.633 463.669 
-5.70558 4.78878 -0.80519 184 562.949 203.169 
-4.00147 5.77265 1.17768 189 306.79 445.783 
-2.76342 6.48744 -1.86079 195 155.805 13.942 
-3.97857 5.78587 -1.48671 197 333.138 89.1908 
-3.48498 6.07085 0.402763 199 232.358 330.017 
-2.46086 6.66212 1.43715 200 28.0042 479.413 
-2.50658 6.63573 -0.864936 203 92.8184 136.182 
-2.60244 6.58039 -0.419929 205 101.106 198.453 
-4.54546 5.45858 1.2223 207 393.946 456.556 
-2.88473 6.41741 -0.980824 212 158.848 128.841 
-2.20564 6.80948 0.351964 217 6.72688 303.01 
-5.75689 4.75916 -1.40167 219 569.863 135.763 
-4.56488 5.44737 -0.00874334 220 406.029 288.069 
-3.28265 6.18767 0.466932 221 199.21 335.039 
-2.92339 6.39508 1.13342 229 122.743 434.588 
-5.83224 4.71566 -1.67191 237 581.1 106.192 
-2.63039 6.56425 -0.0067306 240 96.3861 255.996 
-4.83444 5.29174 -0.69456 244 448.873 201.042 
-2.65581 6.54957 -0.244999 247 105.432 221.951 
-3.8183 5.87841 -0.432496 250 299.427 218.276 
