-7 0.21307 2.3409 51 426.28 371.19 
-7 -0.503339 4.01391 52 585.376 291.114 
-7 -0.64261 4.44771 54 622.907 277.05 
-7 -0.441068 2.32778 56 422.896 298.266 
-7 -1.45394 1.58819 66 343.423 187.375 
-7 -0.100249 4.19611 69 604.697 332.485 
-7 -1.07602 2.04225 70 391.724 229.21 
-7 -0.527577 4.46053 71 624.916 288.592 
-7 -1.87164 2.51938 75 437.655 148.284 
-7 -1.9255 2.82609 83 467.152 144.5 
-7 -0.72299 3.2493 84 513.062 268.247 
-7 -0.166603 0.216342 87 184.303 332.493 
-7 0.312724 -0.335245 92 111.416 394.261 
-7 -1.0576 1.73598 99 359.588 230.513 
