-7 -1.78251 -2.62609 53 281.894 3.40993 
-7 -0.29883 -1.326 55 421.04 161.478 
-7 0.46862 -2.98529 58 245.043 244.197 
-7 -1.05185 -1.49538 60 403.252 74.7723 
-7 -1.03485 -3.75523 61 175.298 92.3572 
-7 -0.184126 -2.39523 62 303.577 176.13 
-7 1.26508 -0.184774 63 558.839 351.055 
-7 0.0943094 -5.21035 64 59.3029 204.449 
-7 1.11392 -6.02536 65 3.53316 292.312 
-7 0.886694 -5.35798 67 49.6072 275.494 
-7 1.34911 -4.82912 74 89.2778 319.933 
-7 0.577231 -1.47952 76 400.971 261.265 
-7 0.694743 -5.33965 78 50.6663 258.426 
-7 0.821262 -3.48263 80 199.45 277.752 
-7 -0.166603 0.216342 87 622.64 174.64 
-7 1.69039 -1.92004 89 350.198 379.373 
-7 -0.295975 -5.19552 90 59.8898 168.722 
-7 1.40697 -4.3308 91 128.177 328.738 
-7 0.312724 -0.335245 92 543.074 234.417 
-7 -1.56958 -3.12031 95 233.27 31.8856 
-7 -1.20087 -3.87679 97 164.675 76.3786 
-7 1.52805 -2.92335 98 250.256 352.114 
-7 -0.609874 -5.90804 100 8.5024 141.824 
