-1.97014 0.361326 7 3 551.08 280.947 
-2.93389 0.906698 7 9 433.312 367.237 
-2.14837 -1.21575 7 10 482.132 81.914 
-4.80195 0.41523 7 21 248.729 327.996 
-3.28746 -0.347612 7 22 368.875 223.136 
-5.92999 -1.73451 7 23 157.169 158.649 
-5.37012 0.037908 7 24 205.452 298.388 
-5.21106 1.44812 7 29 230.976 432.438 
-5.40598 0.152698 7 30 204.271 309.267 
-2.84657 -0.836733 7 31 406.35 155.039 
-3.76175 1.7333 7 32 358.131 470.036 
-2.21352 -0.0799941 7 33 502.674 227.086 
-5.875 -0.508694 7 36 169.95 257.394 
-4.02466 -0.174699 7 39 302.855 257.55 
-3.22548 0.288125 7 40 387.238 294.687 
-5.59816 -0.619665 7 42 185.158 243.523 
-3.26615 1.27581 7 43 402.425 415.213 
-6.33365 0.109205 7 44 149.503 314.819 
-2.70348 -0.732172 7 47 424.754 162.103 
-6.25916 0.145289 7 48 153.794 317.151 
-7 0.78654 5.75191 68 10.7304 399.622 
-7 1.61955 6.53315 73 89.4218 457.596 
-7 0.883221 6.2108 82 56.793 398.308 
-7 1.46933 5.82185 93 21.4822 466.955 
