-1.97014 0.361326 7 3 0.57395 0.108871 
-2.93389 0.906698 7 9 0.310309 0.29669 
-2.14837 -1.21575 7 10 0.411686 -0.330671 
-4.80195 0.41523 7 21 -0.100297 0.208045 
-3.28746 -0.347612 7 22 0.161649 -0.0190968 
-5.92999 -1.73451 7 23 -0.306674 -0.158678 
-5.37012 0.037908 7 24 -0.196075 0.143466 
-5.21106 1.44812 7 29 -0.135292 0.433193 
-5.40598 0.152698 7 30 -0.198237 0.166948 
-2.84657 -0.836733 7 31 0.243191 -0.168483 
-3.76175 1.7333 7 32 0.145955 0.518483 
-2.21352 -0.0799941 7 33 0.462466 -0.0102347 
-5.875 -0.508694 7 36 -0.274988 0.0546557 
-4.02466 -0.174699 7 39 0.0163096 0.0557479 
-3.22548 0.288125 7 40 0.204949 0.137412 
-5.59816 -0.619665 7 42 -0.242434 0.0247705 
-3.26615 1.27581 7 43 0.242722 0.400657 
-6.33365 0.109205 7 44 -0.317094 0.178213 
-2.70348 -0.732172 7 47 0.284709 -0.153099 
-6.25916 0.145289 7 48 -0.307702 0.183289 
-7 0.78654 5.75191 68 -0.603758 0.364918 
-7 -0.14175 5.47309 72 -0.680126 0.178177 
-7 1.61955 6.53315 73 -0.438233 0.48552 
-7 0.883221 6.2108 82 -0.508707 0.36 
-7 1.46933 5.82185 93 -0.578307 0.508099 
-7 -0.576654 5.65743 96 -0.643338 0.0851586 
