-7 -0.29883 -1.326 55 0.492502 -0.183155 
-7 0.46862 -2.98529 58 0.0775333 0.00252445 
-7 -1.05185 -1.49538 60 0.451274 -0.38898 
-7 -1.03485 -3.75523 61 -0.0917358 -0.326885 
-7 -0.184126 -2.39523 62 0.207395 -0.145704 
-7 0.0943094 -5.21035 64 -0.321529 -0.0806878 
-7 1.11392 -6.02536 65 -0.415739 0.0934924 
-7 0.886694 -5.35798 67 -0.328698 0.062166 
-7 1.34911 -4.82912 74 -0.242512 0.150818 
-7 0.577231 -1.47952 76 0.438866 0.0422945 
-7 0.694743 -5.33965 78 -0.329535 0.0283773 
-7 1.12101 -6.65735 79 -0.494721 0.0874117 
-7 0.821262 -3.48263 80 -0.0192603 0.0712707 
-7 -1.84392 -6.0007 85 -0.476787 -0.446637 
-7 1.69039 -1.92004 89 0.318287 0.287142 
-7 -0.295975 -5.19552 90 -0.326593 -0.154769 
-7 1.40697 -4.3308 91 -0.16267 0.170119 
-7 0.592834 -6.66606 94 -0.507233 0.00195268 
-7 -1.56958 -3.12031 95 0.0343103 -0.472912 
-7 -1.20087 -3.87679 97 -0.117315 -0.362165 
-7 1.52805 -2.92335 98 0.0960264 0.224239 
-7 -0.609874 -5.90804 100 -0.435798 -0.209246 
-6.22725 1.4028 -7 110 -0.649009 0.168558 
-6.2831 -0.370457 -7 140 -0.691531 -0.154176 
-6.46998 0.52855 -7 150 -0.631484 0.00602023 
