-4.80195 0.41523 7 21 520.627 247.423 
-5.92999 -1.73451 7 23 439.114 55.5024 
-5.37012 0.037908 7 24 474.043 208.674 
-5.21106 1.44812 7 29 480.671 334.475 
-5.40598 0.152698 7 30 470.791 218.726 
-3.76175 1.7333 7 32 624.239 407.068 
-5.875 -0.508694 7 36 439.025 161.137 
-4.02466 -0.174699 7 39 608.322 190.653 
-5.59816 -0.619665 7 42 459.19 150.306 
-6.33365 0.109205 7 44 408.059 211.266 
-6.25916 0.145289 7 48 412.446 214.356 
-7 -0.503339 4.01391 52 155.361 153.187 
-7 -0.64261 4.44771 54 196.896 141.882 
-7 0.78654 5.75191 68 298.626 265.458 
-7 -0.100249 4.19611 69 174.547 194.202 
-7 -0.527577 4.46053 71 198.291 153.153 
-7 -0.14175 5.47309 72 279.786 190.665 
-7 1.61955 6.53315 73 344.84 319.929 
-7 1.51818 2.67054 81 4.77105 383.954 
-7 0.883221 6.2108 82 327.136 269.404 
-7 -0.72299 3.2493 84 67.0944 123.153 
-7 1.46933 5.82185 93 302.906 317.803 
-7 -0.576654 5.65743 96 292.64 154.417 
