-6.33365 0.109205 7 44 0.68678 -0.166703 
-7 0.21307 2.3409 51 -0.21884 -0.227157 
-7 -0.503339 4.01391 52 0.149332 -0.350181 
-7 -0.64261 4.44771 54 0.23021 -0.367446 
-7 -0.441068 2.32778 56 -0.215483 -0.394383 
-7 1.81819 2.50338 57 -0.196756 0.14524 
-7 1.50288 1.91462 59 -0.334567 0.079656 
-7 0.78654 5.75191 68 0.395979 -0.0629699 
-7 -0.100249 4.19611 69 0.173593 -0.257079 
-7 -0.527577 4.46053 71 0.229681 -0.342138 
-7 -0.14175 5.47309 72 0.38053 -0.239293 
-7 1.61955 6.53315 73 0.476104 0.079364 
-7 1.51818 2.67054 81 -0.156372 0.0787662 
-7 0.883221 6.2108 82 0.454788 -0.0437536 
-7 -0.72299 3.2493 84 0.00176756 -0.428577 
-7 1.48523 2.57162 86 -0.177989 0.0720701 
-7 1.20864 2.59145 88 -0.170503 0.0105599 
-7 1.46933 5.82185 93 0.388337 0.0568153 
-7 -0.576654 5.65743 96 0.418938 -0.320031 
