-4.57399 -6.07762 1.59563 258 437.066 449.437 
-5.66157 -4.19387 -0.652214 270 162.307 205.196 
-4.57341 -6.07862 1.60241 272 435.92 451.344 
-5.67473 -4.17108 -1.85136 273 148.806 49.6385 
-5.23237 -4.93727 0.70564 274 284.114 366.638 
-3.88769 -7.26632 -1.50954 277 557.146 99.5468 
-4.24528 -6.64697 0.694015 279 499.274 337.509 
-5.01096 -5.32075 -0.777348 280 327.22 183.703 
-6.14897 -3.34967 0.179673 281 30.5497 326.211 
-3.49888 -7.93976 0.772929 286 636.351 332.51 
-5.29575 -4.82749 -1.96199 288 251.274 39.2815 
-4.95189 -5.42307 -0.262658 289 343.668 245.697 
-4.9932 -5.35153 -1.23628 292 328.13 128.976 
-6.06852 -3.48901 -1.9959 298 33.4604 25.7206 
-6.1528 -3.34303 -1.89329 303 10.6526 40.077 
-3.93868 -7.178 -1.57121 306 549.914 89.2804 
-6.04128 -3.53619 -1.20014 309 48.8916 135.258 
-5.13363 -5.10828 -1.10309 312 296.242 146.058 
-3.63057 -7.71167 -1.43695 316 603.866 105.38 
-4.92427 -5.47091 0.898447 318 357.884 381.324 
-4.81248 -5.66455 -1.64507 319 366.811 80.4724 
-4.10365 -6.89227 -1.45523 322 516.859 105.166 
-4.30377 -6.54565 0.385968 326 486.222 307.623 
-5.23373 -4.93491 -1.84234 327 265.127 53.6131 
-5.70343 -4.12137 0.704539 329 160.855 382.174 
-4.07384 -6.9439 0.0649336 330 528.058 267.086 
-4.85494 -5.591 -1.94807 331 354.003 42.9454 
-3.49997 -7.93787 0.446165 333 633.867 299.082 
-5.49704 -4.47884 -1.16972 335 201.565 137.905 
-4.50583 -6.19567 0.376914 336 444.683 311.525 
-4.09708 -6.90364 0.281542 338 524.76 292.104 
-3.77569 -7.46032 0.825581 340 585.553 344.393 
-4.16753 -6.78163 0.981089 341 515.003 368.652 
-5.29142 -4.83499 -0.290764 343 262.589 247.738 
-4.78378 -5.71426 0.966713 344 389.235 383.949 
-4.31667 -6.52331 1.57757 348 489.467 438.403 
-3.62005 -7.72989 0.845456 350 614.633 340.728 
-5.42884 -4.59697 1.28117 351 240.532 445.073 
-4.2793 -6.58803 -1.32765 353 482.141 116.104 
-5.36533 -4.70697 -0.794508 356 240.791 186.792 
-4.93982 -5.44397 -1.05261 362 340.681 151.026 
-4.34584 -6.47278 1.58859 363 480.68 439.447 
-3.98712 -7.09411 0.170839 364 546.323 279.317 
-4.44212 -6.30602 -1.20213 365 450.25 132.148 
-5.20485 -4.98493 0.860305 376 290.818 381.914 
-5.40008 -4.64678 -1.78435 379 222.901 58.4389 
-5.0994 -5.16757 -0.624233 381 305.88 204.146 
-3.72571 -7.54688 0.335972 382 592.123 290.373 
-5.96156 -3.67428 1.39164 385 98.6154 479.769 
-4.55591 -6.10892 1.47438 387 440.946 433.78 
-5.24676 -4.91235 0.215207 389 277.403 309.821 
-4.97755 -5.37862 1.00983 392 344.105 394.194 
-4.85021 -5.5992 -1.40794 394 359.924 107.436 
-5.6307 -4.24734 -0.845678 398 169.255 179.63 
-4.67743 -5.89845 0.0191106 408 405.043 274.751 
-4.7162 -5.8313 -1.22464 411 390.168 129.269 
-4.24744 -6.64321 -1.92173 418 487.764 49.3751 
-4.59318 -6.04438 0.332137 419 426.366 307.949 
-5.68549 -4.15243 -1.43883 421 151.404 104.645 
-6.09064 -3.4507 -1.01841 424 36.059 160.499 
-4.10084 -6.89714 -0.211774 427 523.114 239.599 
-3.57786 -7.80296 1.13653 429 622.919 371.535 
-6.00176 -3.60464 0.426871 430 76.3983 354.842 
-4.2527 -6.63411 -0.951124 431 490.224 157.371 
-4.54469 -6.12836 -1.52013 432 426.626 97.714 
-3.71801 -7.56021 -1.73791 433 587.995 72.4703 
-5.71018 -4.10968 -1.61545 434 140.627 78.5386 
-5.16969 -5.04583 -0.141549 437 292.404 264.569 
-4.68557 -5.88436 -1.8811 438 394.318 51.8851 
-4.8407 -5.61566 -0.0396453 440 370.663 269.687 
-5.69392 -4.13784 -0.92901 443 149.948 168.75 
-4.21563 -6.69831 -0.927394 445 496.286 162.536 
-4.75369 -5.76637 0.970583 446 395.342 382.297 
-4.02746 -7.02424 -1.63148 447 528.613 83.5365 
-4.46089 -6.27351 1.45209 451 458.514 430.254 
-6.03331 -3.55 -0.591601 458 58.338 219.48 
-5.32858 -4.77062 -1.23715 462 246.656 128.389 
-5.60301 -4.2953 -1.17858 464 174.998 139.212 
-5.68074 -4.16068 0.111245 466 164.704 304.557 
-5.94183 -3.70845 -0.699449 468 84.3679 201.766 
-4.41902 -6.34603 0.58457 470 463.805 332.904 
-5.14801 -5.08339 0.214391 472 300.832 307.717 
-5.88723 -3.80302 -0.421933 473 102.741 239.604 
-4.6459 -5.95307 0.77707 474 417.796 358.662 
-3.62908 -7.71426 0.283949 480 610.072 287.127 
-4.72984 -5.80768 1.01961 483 401.361 390.138 
-3.75747 -7.49188 -0.114405 484 587.801 246.983 
-5.72951 -4.0762 -0.498216 489 145.244 227.68 
-4.07094 -6.94893 1.07534 490 533.23 378.124 
-4.92481 -5.46997 -1.54112 491 340.602 93.6031 
-3.63585 -7.70252 0.600044 494 610.478 318.215 
-5.30136 -4.81777 0.489233 495 265.256 344.152 
-3.6271 -7.71768 0.36592 497 612.48 291.266 
-3.46213 -8.00341 0.473249 499 639.773 302.598 
-3.9326 -7.18855 1.52347 500 562.99 421.263 
