5.98522 3.63329 1.2144 752 313.924 431.812 
5.20903 4.97769 -0.50044 755 482.937 201.723 
6.15778 3.33441 -0.551726 764 258.227 213.513 
6.72499 2.35198 -0.698686 765 125.036 206.546 
6.84891 2.13734 -1.72634 766 99.428 99.16 
7.18459 1.55593 0.710517 768 7.66579 388.48 
5.03444 5.28009 -1.71136 772 501.618 67.9919 
5.86576 3.8402 -1.56683 775 318.337 98.5294 
4.57465 6.07647 -0.980151 777 623.44 134.839 
5.7277 4.07932 -1.90892 781 345.166 59.5053 
6.61901 2.53554 -1.90015 786 150.979 77.7019 
5.84347 3.87882 -1.54309 787 322.852 101.77 
5.70086 4.12582 1.37764 788 389.172 450.39 
5.12308 5.12656 1.56711 791 546.03 464.107 
6.3358 3.02608 -0.89504 793 215.789 179.043 
7.07393 1.74759 -1.06522 794 44.7535 173.492 
5.18216 5.02423 -0.915456 795 482.483 153.432 
6.99287 1.88799 0.446143 798 58.931 350.377 
5.95878 3.67909 -1.91848 799 294.269 65.6734 
4.59582 6.03981 -1.8766 800 598.152 43.1383 
4.51996 6.17121 -1.82406 806 616.323 44.6958 
6.6228 2.52897 -1.96054 809 149.358 71.185 
5.66896 4.18107 1.48268 810 398.55 460.803 
7.13747 1.63753 -1.91994 811 37.7948 85.8396 
5.10188 5.16328 -1.16456 819 497.968 127.712 
5.52148 4.43652 -0.0547931 822 418.4 261.239 
5.84215 3.8811 1.25316 824 351.788 434.154 
7.15574 1.60589 0.615543 828 18.0003 374.778 
7.0505 1.78818 -1.26688 833 53.4842 149.531 
5.5405 4.40357 -1.44396 835 393.401 104.404 
6.68672 2.41826 0.33091 836 133.605 330.128 
4.99376 5.35056 -0.727822 848 530.241 173.295 
6.64876 2.484 -1.60616 850 143.571 109.148 
5.62913 4.25005 -0.845981 855 378.349 170.842 
4.56207 6.09827 -1.67131 861 609.796 61.4409 
5.34442 4.7432 -0.804129 863 445.241 170.627 
6.53997 2.67244 -0.861665 866 167.429 185.677 
4.94977 5.42675 -0.328941 868 550.535 215.927 
7.07604 1.74394 0.502742 871 37.3448 356.647 
6.4243 2.87279 -0.337461 872 197.032 241.695 
5.87176 3.82982 -1.86513 873 315.222 68.525 
6.81272 2.20003 1.31801 874 100.392 462.581 
5.30638 4.80908 -0.846641 879 453.662 164.367 
6.67343 2.44128 -1.01357 882 137.278 172.196 
4.56699 6.08973 -1.84141 883 606.338 46.6291 
4.79043 5.70272 0.841803 884 613.792 358.16 
5.48992 4.49117 1.01765 885 439.307 397.959 
6.14997 3.34793 -0.772956 886 258.728 188.778 
6.38369 2.94312 -0.846468 889 202.682 184.285 
6.41 2.89756 1.35706 890 204.681 462.214 
5.33186 4.76494 0.690372 894 472.879 348.137 
5.96932 3.66083 1.41731 895 320.395 459.925 
5.88934 3.79937 -0.91473 896 319.166 167.005 
5.07479 5.21021 -0.592079 897 513.815 188.945 
7.13224 1.6466 -0.977877 901 32.3129 186.099 
6.93416 1.98968 -1.06451 904 78.6079 171.419 
4.97651 5.38043 -1.78963 905 515.124 59.5039 
5.14042 5.09654 0.266927 906 514.372 290.961 
6.87866 2.08582 -0.0270921 907 88.5964 288.351 
6.77251 2.26967 -0.747548 908 114.152 202.735 
4.61439 6.00765 -1.15812 909 610.17 117.752 
4.70431 5.85189 0.465414 910 626.742 309.345 
6.05282 3.51621 -1.75001 911 273.624 81.8634 
7.05959 1.77242 -1.7808 914 54.0574 98.648 
4.81756 5.65573 0.693441 919 603.686 338.93 
4.74735 5.77734 -1.4318 921 573.784 91.4089 
5.93483 3.72057 -1.99581 926 300.747 56.1409 
4.92972 5.46147 0.685045 928 575.666 342.835 
6.12516 3.3909 1.11897 932 276.924 420.297 
6.67513 2.43834 -0.321965 935 137.746 250.065 
6.75528 2.29951 -0.729401 938 118.759 203.558 
4.89688 5.51835 -1.08993 939 546.444 130.333 
4.93218 5.45722 -0.369873 940 551.881 211.134 
5.5287 4.42402 0.271974 943 420.595 298.19 
6.43723 2.85038 1.42602 945 196.492 468.699 
5.34394 4.74403 -0.45553 947 452.437 211.035 
5.85587 3.85734 -1.13495 948 323.694 143.423 
7.05329 1.78334 -1.18945 950 51.8647 157.911 
6.22795 3.21288 -0.545567 952 242.618 214.41 
5.80798 3.94029 0.203205 953 350.131 297.576 
4.95506 5.41758 -0.74361 957 539.783 167.264 
6.10007 3.43436 0.816237 960 282.091 379.827 
5.615 4.27453 -0.380425 961 388.532 221.855 
5.29086 4.83597 -1.98418 962 440.948 45.3237 
5.54904 4.38878 0.419383 964 415.978 318.197 
6.0817 3.46619 -1.62949 965 268.641 95.2192 
6.53207 2.68613 -0.981663 967 170.095 172.154 
6.68153 2.42724 -0.314303 968 135.225 251.313 
5.19076 5.00935 -1.7233 970 468.666 70.0684 
5.51039 4.45573 1.34352 972 440.89 439.969 
6.2372 3.19685 0.871776 983 246.547 390.884 
4.93575 5.45104 -0.7803 984 543.706 163.533 
5.51818 4.44223 -1.47775 990 396.325 98.8409 
5.75493 4.03217 1.14041 991 371.928 417.251 
5.53617 4.41107 -1.97751 993 386.285 51.6134 
5.97808 3.64567 0.0489525 995 308.345 281.699 
6.58202 2.59961 -0.970701 999 158.505 176.201 
