-1.97014 0.361326 7 3 311.968 314.153 
-2.93389 0.906698 7 9 189.161 367.099 
-2.14837 -1.21575 7 10 311.903 101.733 
-0.578608 0.00250695 7 11 524.089 287.189 
-0.39693 -1.00404 7 12 568.452 131.917 
-4.80195 0.41523 7 21 20.956 278.334 
-3.28746 -0.347612 7 22 170.47 206.251 
-2.84657 -0.836733 7 31 224.56 149.007 
-3.76175 1.7333 7 32 92.1047 450.032 
-2.21352 -0.0799941 7 33 287.579 250.6 
-4.02466 -0.174699 7 39 96.5652 220.665 
-3.22548 0.288125 7 40 167.437 284.232 
-3.26615 1.27581 7 43 148.26 406.253 
-2.70348 -0.732172 7 47 239.051 162.49 
