-7 -1.78251 -2.62609 53 221.611 31.8498 
-7 -0.29883 -1.326 55 351.452 182.128 
-7 0.46862 -2.98529 58 177.401 263.309 
-7 -1.05185 -1.49538 60 334.846 100.538 
-7 -1.03485 -3.75523 61 113.707 112.235 
-7 -0.184126 -2.39523 62 238.152 195.36 
-7 1.26508 -0.184774 63 484.194 367.872 
-7 1.34911 -4.82912 74 8.2293 344.862 
-7 0.577231 -1.47952 76 332.152 279.646 
-7 -1.86155 -2.22478 77 261.429 20.6701 
-7 0.821262 -3.48263 80 128.869 298.286 
-7 -0.166603 0.216342 87 536.083 196.071 
-7 1.69039 -1.92004 89 280.678 402.568 
-7 1.40697 -4.3308 91 49.9604 353.639 
-7 0.312724 -0.335245 92 466.194 252.562 
-7 -1.56958 -3.12031 95 173.845 56.513 
-7 -1.20087 -3.87679 97 103.869 96.6565 
-7 1.52805 -2.92335 98 178.535 376.077 
