-7 0.21307 2.3409 51 512.507 398.932 
-7 -0.29883 -1.326 55 76.0891 343.326 
-7 -0.441068 2.32778 56 504.394 322.044 
-7 -1.05185 -1.49538 60 63.5953 252.481 
-7 -1.45394 1.58819 66 417.407 210.972 
-7 -1.07602 2.04225 70 468.183 251.67 
-7 -1.87164 2.51938 75 510.546 169.827 
-7 0.577231 -1.47952 76 45.0101 458.891 
-7 -1.9255 2.82609 83 540.651 165.14 
-7 -0.72299 3.2493 84 598.099 290.116 
-7 -0.166603 0.216342 87 265.578 357.229 
-7 0.312724 -0.335245 92 196.297 419.162 
-7 -1.0576 1.73598 99 435.587 253.511 
