-7 0.0943094 -5.21035 64 639.275 372.209 
-7 1.11392 -6.02536 65 550.98 453.887 
-7 0.886694 -5.35798 67 619.602 452.257 
-7 0.694743 -5.33965 78 622.382 432.345 
-7 1.12101 -6.65735 79 499.09 436.958 
-7 -1.84392 -6.0007 85 567.757 191.733 
-7 0.592834 -6.66606 94 501.73 391.532 
-7 -0.609874 -5.90804 100 570.273 296.452 
-5.46333 -1.29075 -7 102 409.807 215.51 
-4.55559 -0.250499 -7 105 336.267 295.289 
-2.11042 -0.0563179 -7 106 60.7374 278.132 
-5.09885 0.316864 -7 107 369.805 355.429 
-6.22725 1.4028 -7 110 431.48 456.216 
-5.05591 -0.451909 -7 117 375.239 282.625 
-3.07632 -1.96878 -7 120 229.928 80.5915 
-3.56835 0.827876 -7 121 229.171 406.157 
-6.20015 -0.954561 -7 122 448.7 255.496 
-2.10211 -0.684594 -7 129 78.3466 192.273 
-3.11373 -0.303232 -7 130 201.502 266.814 
-6.2831 -0.370457 -7 140 448.717 303.707 
-5.05277 -1.83336 -7 148 389.324 160.279 
-6.46998 0.52855 -7 150 451.913 379.445 
