-1.97014 0.361326 7 3 286.625 321.442 
-2.93389 0.906698 7 9 162.648 370.636 
-2.14837 -1.21575 7 10 292.392 107.161 
-0.578608 0.00250695 7 11 496.196 301.549 
-0.39693 -1.00404 7 12 544.957 148.394 
-3.28746 -0.347612 7 22 147.457 207.598 
-2.84657 -0.836733 7 31 203.415 151.549 
-3.76175 1.7333 7 32 63.1631 451.031 
-2.21352 -0.0799941 7 33 264.042 256.807 
-4.02466 -0.174699 7 39 72.1569 219.433 
-3.22548 0.288125 7 40 142.653 286.5 
-3.26615 1.27581 7 43 120.676 408.698 
-2.70348 -0.732172 7 47 217.675 165.849 
