-4.80195 0.41523 7 21 0.51635 -0.0454428 
-5.92999 -1.73451 7 23 0.349032 -0.475728 
-5.37012 0.037908 7 24 0.413068 -0.13146 
-5.21106 1.44812 7 29 0.41424 0.146225 
-5.40598 0.152698 7 30 0.404441 -0.10905 
-5.875 -0.508694 7 36 0.337507 -0.237174 
-5.59816 -0.619665 7 42 0.385235 -0.261861 
-6.33365 0.109205 7 44 0.261358 -0.125112 
-6.25916 0.145289 7 48 0.271062 -0.118304 
-7 -0.503339 4.01391 52 -0.277708 -0.278119 
-7 -0.64261 4.44771 54 -0.189491 -0.298442 
-7 1.81819 2.50338 57 -0.642193 0.27666 
-7 0.78654 5.75191 68 0.0172411 -0.0151077 
-7 -0.100249 4.19611 69 -0.239859 -0.186069 
-7 -0.527577 4.46053 71 -0.187273 -0.273431 
-7 -0.14175 5.47309 72 -0.0169134 -0.181404 
-7 1.61955 6.53315 73 0.111037 0.109629 
-7 1.51818 2.67054 81 -0.597676 0.197956 
-7 0.883221 6.2108 82 0.077668 -0.00274523 
-7 -0.72299 3.2493 84 -0.460489 -0.353513 
-7 1.48523 2.57162 86 -0.626696 0.19426 
-7 1.20864 2.59145 88 -0.624595 0.126705 
-7 1.46933 5.82185 93 0.0220767 0.0991556 
-7 -0.576654 5.65743 96 0.0134856 -0.260051 
