1.50492 8.95177 -1.01173 5 630.107 79.3791 
2.56137 9.56171 -1.26435 9 528.064 69.9304 
1.53151 8.96712 0.925447 27 578.858 271.099 
1.89409 9.17646 -0.898766 30 581.014 96.9524 
1.20489 8.77855 1.35968 34 608.237 320.908 
2.2299 9.37034 -1.63427 48 566.027 30.9685 
2.502 9.52743 1.21213 60 488.469 268.912 
2.48091 9.51526 -1.52748 64 540.182 45.5498 
1.84359 9.1473 -0.734752 70 584.212 112.543 
2.0992 9.29488 1.12901 72 522.063 273.097 
2.43447 9.48845 -1.27169 74 538.167 68.9917 
2.20527 9.35612 0.861552 89 517.997 248.632 
1.53832 8.97105 -0.336704 110 609.602 149.265 
1.39446 8.888 1.03195 114 593.85 285.152 
1.29458 8.83033 1.97538 118 580.186 376.145 
1.68572 9.05615 0.970133 121 563.822 269.634 
2.0713 9.27877 -0.869126 143 565.002 99.8741 
2.40916 9.47383 1.43867 146 491.717 291.045 
2.34296 9.43561 0.313575 151 517.769 203.031 
1.8128 9.12952 -1.61907 155 606.515 25.1488 
1.66029 9.04147 -0.791988 162 603.751 104.012 
1.63059 9.02433 -0.54542 202 603.235 128.392 
1.50761 8.95332 1.78202 225 564.792 347.447 
0.843826 8.57009 1.93717 228 637.828 397.666 
2.3848 9.45977 -0.140995 231 520.769 163.34 
1.20088 8.77623 0.396294 235 630.779 225.45 
2.1672 9.33414 0.137181 241 534.853 188.125 
2.5324 9.54499 -0.521146 243 514.286 131.172 
2.29158 9.40595 0.467399 249 517.652 214.556 
3.95041 7.15768 -0.115486 754 310.495 120.028 
4.55568 6.10933 1.89736 756 154.539 328.737 
4.31954 6.51834 0.440036 760 227.674 167.849 
2.79672 9.15593 1.45335 762 454.514 287.86 
3.65369 7.67162 -0.409443 763 368.401 101.568 
3.63308 7.70731 -0.253667 767 369.931 118.758 
4.46197 6.27165 0.273057 769 197.922 141.583 
4.61126 6.01306 1.59096 770 143.764 294.418 
3.94821 7.16151 -0.305332 771 315.3 99.4757 
3.17581 8.49933 -0.450529 776 440.519 118.608 
2.96438 8.86554 -0.466828 778 464.993 123.843 
3.01964 8.76982 1.66075 782 426.142 301.556 
2.91765 8.94648 -1.66232 783 491.419 16.7279 
4.09862 6.90098 -0.651429 789 292.23 51.745 
3.94393 7.16891 1.20445 790 291.589 255.718 
2.7584 9.22231 -0.310632 792 488.919 144.887 
3.68413 7.6189 -0.207288 807 360.843 121.415 
2.74211 9.25053 -1.73828 813 517.709 19.7368 
3.75485 7.49641 -1.09591 823 363.704 24.4855 
3.57856 7.80176 -0.875216 840 386.768 57.72 
2.75988 9.21974 0.955628 841 468.422 246.409 
4.78716 5.7084 1.97587 843 93.7192 338.199 
3.12713 8.58365 0.949699 846 421.557 243.644 
4.15625 6.80116 -0.0422045 847 269.419 119.454 
3.11682 8.6015 1.29664 853 420.392 273.787 
3.59494 7.77338 0.739111 854 358.295 216.126 
3.21408 8.43306 1.15774 858 407.027 259.937 
3.27878 8.32099 -1.03834 860 437.317 57.297 
4.3546 6.4576 0.374594 864 220.79 158.443 
3.50474 7.92962 1.97827 867 355.006 331.156 
4.94977 5.42675 -0.328941 868 73.6652 32.3503 
2.83011 9.0981 -0.827008 869 490.127 96.9751 
3.62176 7.72692 0.659348 870 354.979 208.841 
4.25903 6.62315 1.93355 875 219.498 331.04 
2.74336 9.24836 0.533191 877 476.167 213.917 
4.79043 5.70272 0.841803 884 106.529 200.521 
3.47475 7.98155 1.30736 888 367.626 271.895 
3.96207 7.13749 -0.131759 891 308.059 119.215 
3.79506 7.42677 -1.15471 899 359.254 16.0436 
5.14042 5.09654 0.266927 906 2.02486 107.357 
4.70431 5.85189 0.465414 910 134.441 157.64 
4.24347 6.65009 0.760465 912 240.365 203.686 
3.15471 8.53588 -0.806247 915 450.346 84.3247 
3.62319 7.72445 -0.430218 916 372.255 102.702 
3.37491 8.15449 -1.18787 917 423.019 37.5366 
3.88292 7.27458 0.732852 918 310.396 211.837 
4.81756 5.65573 0.693441 919 100.161 180.756 
3.5513 7.84897 1.93783 920 346.8 326.986 
3.89561 7.2526 -0.984565 922 336.11 29.384 
2.665 9.38408 0.586617 924 483.709 219.211 
3.45706 8.01219 0.602811 925 381.457 206.483 
4.92972 5.46147 0.685045 928 68.6888 173.335 
3.20202 8.45395 0.188458 931 423.467 172.82 
4.93218 5.45722 -0.369873 940 77.8933 28.7403 
3.59191 7.77864 1.36064 942 347.851 274.643 
3.89811 7.24827 1.30532 954 297.614 268.634 
3.02515 8.76029 0.646829 955 441.572 219.442 
2.99518 8.81219 -1.02389 956 473.117 71.2356 
2.88729 8.99907 -0.922446 958 485.665 85.8191 
4.28105 6.58501 -0.348295 969 247.503 76.0393 
2.80084 9.14881 -0.0563065 974 479.076 163.757 
4.30329 6.54648 1.81023 975 214.062 316.683 
4.12313 6.85854 -0.122495 977 278.617 109.176 
2.74799 9.24035 0.800252 981 470.745 234.374 
4.40456 6.37107 0.274064 992 211.735 144.598 
4.26624 6.61065 0.689474 996 236.235 198.74 
4.40907 6.36327 1.15293 997 197.535 246.211 
4.63799 5.96676 0.669191 998 148.777 181.895 
