-6.33365 0.109205 7 44 0.626653 -0.201987 
-6.25916 0.145289 7 48 0.63887 -0.194776 
-7 0.21307 2.3409 51 -0.28289 -0.275674 
-7 -0.503339 4.01391 52 0.0949848 -0.394489 
-7 -0.64261 4.44771 54 0.177001 -0.410314 
-7 -0.441068 2.32778 56 -0.281087 -0.448545 
-7 1.81819 2.50338 57 -0.256406 0.104677 
-7 1.50288 1.91462 59 -0.399732 0.0372299 
-7 0.78654 5.75191 68 0.342302 -0.0997217 
-7 -0.100249 4.19611 69 0.119681 -0.299007 
-7 -0.527577 4.46053 71 0.176446 -0.384505 
-7 -0.14175 5.47309 72 0.327713 -0.277165 
-7 1.61955 6.53315 73 0.420736 0.0428013 
-7 1.51818 2.67054 81 -0.21547 0.0376447 
-7 0.883221 6.2108 82 0.400471 -0.0798408 
-7 -0.72299 3.2493 84 -0.0561802 -0.478541 
-7 1.48523 2.57162 86 -0.237763 0.0306955 
-7 1.20864 2.59145 88 -0.230601 -0.0317025 
-7 1.46933 5.82185 93 0.334176 0.019749 
-7 -0.576654 5.65743 96 0.366423 -0.358021 
