-7 1.12101 -6.65735 79 0.533039 0.497665 
-7 0.592834 -6.66606 94 0.54314 0.395329 
-5.46333 -1.29075 -7 102 0.346157 -0.00696026 
-4.55559 -0.250499 -7 105 0.178443 0.176917 
-2.11042 -0.0563179 -7 106 -0.391651 0.151737 
-5.09885 0.316864 -7 107 0.247357 0.309239 
-5.05591 -0.451909 -7 117 0.264401 0.146882 
-3.07632 -1.96878 -7 120 -0.0380257 -0.294972 
-3.56835 0.827876 -7 121 -0.0545341 0.421222 
-6.20015 -0.954561 -7 122 0.430377 0.0815575 
-1.05355 -1.5594 -7 126 -0.65564 -0.398406 
-2.10211 -0.684594 -7 129 -0.354868 -0.033367 
-3.11373 -0.303232 -7 130 -0.105959 0.120587 
-1.30535 -1.94469 -7 131 -0.53188 -0.482551 
-1.59533 0.795126 -7 132 -0.631569 0.413778 
-6.2831 -0.370457 -7 140 0.426284 0.191074 
-5.05277 -1.83336 -7 148 0.304622 -0.131414 
-6.46998 0.52855 -7 150 0.427014 0.361383 
