4.31342 6.52894 -1.60055 753 478.963 113.055 
3.95041 7.15768 -0.115486 754 570.486 268.31 
5.20903 4.97769 -0.50044 755 296.117 253.081 
4.31954 6.51834 0.440036 760 506.84 339.342 
3.65369 7.67162 -0.409443 763 621.237 230.618 
6.15778 3.33441 -0.551726 764 40.1087 269.36 
3.63308 7.70731 -0.253667 767 625.579 246.066 
4.46197 6.27165 0.273057 769 474.269 323.119 
3.94821 7.16151 -0.305332 771 567.473 247.104 
5.03444 5.28009 -1.71136 772 324.106 105.479 
5.86576 3.8402 -1.56683 775 114.541 129.897 
4.57465 6.07647 -0.980151 777 434.103 182.956 
5.7277 4.07932 -1.90892 781 147.492 85.036 
5.84347 3.87882 -1.54309 787 121.264 133.584 
4.09862 6.90098 -0.651429 789 536.072 212.302 
3.94393 7.16891 1.20445 790 587.867 411.369 
5.18216 5.02423 -0.915456 795 298.418 202.871 
5.95878 3.67909 -1.91848 799 87.8212 86.044 
4.59582 6.03981 -1.8766 800 419.864 81.6816 
4.05686 6.97332 -1.81735 802 527.518 89.0057 
3.73411 7.53233 -1.49404 804 590.808 119.524 
4.51996 6.17121 -1.82406 806 434.173 89.7653 
3.68413 7.6189 -0.207288 807 619.031 252.468 
5.10188 5.16328 -1.16456 819 314.435 170.24 
5.52148 4.43652 -0.0547931 822 224.374 315.626 
3.75485 7.49641 -1.09591 823 592.85 162.187 
5.5405 4.40357 -1.44396 835 202.441 141.59 
3.57856 7.80176 -0.875216 840 627.81 179.94 
4.15625 6.80116 -0.0422045 847 532.458 280.309 
4.99376 5.35056 -0.727822 848 342.74 220.053 
3.4808 7.97107 -1.62753 851 634.824 103.011 
3.61746 7.73437 -1.94874 852 606.121 72.7128 
5.62913 4.25005 -0.845981 855 185.462 216.323 
3.63106 7.71081 -1.67758 859 609.43 100.943 
4.56207 6.09827 -1.67131 861 427.946 108.074 
5.34442 4.7432 -0.804129 863 260.406 215.921 
4.3546 6.4576 0.374594 864 498.534 331.188 
4.06751 6.95487 -1.6458 865 527.222 106.524 
4.94977 5.42675 -0.328941 868 360.61 266.452 
5.87176 3.82982 -1.86513 873 110.685 90.7246 
4.41808 6.34766 -1.43643 876 459.606 132.652 
5.30638 4.80908 -0.846641 879 267.859 210.327 
4.56699 6.08973 -1.84141 883 422.487 87.3585 
4.79043 5.70272 0.841803 884 409.64 402.497 
5.48992 4.49117 1.01765 885 244.225 453.242 
6.14997 3.34793 -0.772956 886 43.2947 240.411 
3.96207 7.13749 -0.131759 891 568.893 266.787 
4.38822 6.39938 -1.26668 892 468.845 148.802 
5.33186 4.76494 0.690372 894 281.186 404.442 
5.88934 3.79937 -0.91473 896 114.763 214.924 
5.07479 5.21021 -0.592079 897 326.24 237.307 
3.79506 7.42677 -1.15471 899 585.626 156.184 
4.24153 6.65346 -1.08896 903 497.726 167.029 
4.97651 5.38043 -1.78963 905 337.306 95.4174 
5.14042 5.09654 0.266927 906 322.357 344.064 
4.61439 6.00765 -1.15812 909 423.721 164.041 
4.70431 5.85189 0.465414 910 423.847 352.725 
6.05282 3.51621 -1.75001 911 60.4248 108.266 
4.24347 6.65009 0.760465 912 525.738 371.537 
3.62319 7.72445 -0.430218 916 625.64 227.946 
3.88292 7.27458 0.732852 918 595.391 358.063 
4.81756 5.65573 0.693441 919 401.422 386.123 
4.74735 5.77734 -1.4318 921 389.623 135.256 
3.89561 7.2526 -0.984565 922 568.345 174.755 
5.93483 3.72057 -1.99581 926 92.1835 76.7999 
4.92972 5.46147 0.685045 928 375.573 386.448 
4.89688 5.51835 -1.08993 939 360.555 176.997 
4.93218 5.45722 -0.369873 940 361.936 261.78 
5.5287 4.42402 0.271974 943 224.7 356.49 
5.34394 4.74403 -0.45553 947 263.742 260.068 
5.85587 3.85734 -1.13495 948 120.504 184.797 
6.22795 3.21288 -0.545567 952 18.5604 269.907 
5.80798 3.94029 0.203205 953 150.311 357.181 
3.89811 7.24827 1.30532 954 598.77 422.681 
4.95506 5.41758 -0.74361 957 353.83 216.822 
6.10007 3.43436 0.816237 960 71.7707 454.775 
5.615 4.27453 -0.380425 961 194.962 276.961 
5.29086 4.83597 -1.98418 962 258.924 74.6105 
5.54904 4.38878 0.419383 964 222.856 376.991 
6.0817 3.46619 -1.62949 965 53.3665 123.274 
4.28105 6.58501 -0.348295 969 501.066 249.334 
5.19076 5.00935 -1.7233 970 286.438 104.243 
4.4012 6.3769 -1.37641 973 463.979 137.273 
4.12313 6.85854 -0.122495 977 537.948 272.573 
6.2372 3.19685 0.871776 983 30.6412 469.84 
4.93575 5.45104 -0.7803 984 357.522 212.181 
5.51818 4.44223 -1.47775 990 210.059 139.645 
5.75493 4.03217 1.14041 991 175.014 479.131 
4.40456 6.37107 0.274064 992 484.594 322.225 
5.53617 4.41107 -1.97751 993 198.346 77.1107 
5.97808 3.64567 0.0489525 995 99.1677 342.73 
4.26624 6.61065 0.689474 996 518.97 365.067 
4.40907 6.36327 1.15293 997 494.609 424.343 
4.63799 5.96676 0.669191 998 440.671 375.472 
