-6.30704 4.44153 1.88748 3 -0.372683 0.317587 
-7.56816 3.71342 -1.91336 13 -0.125056 -0.49534 
-7.32861 3.85173 1.20236 16 -0.152631 0.128411 
-8.8069 2.99824 -0.956076 24 0.076916 -0.276673 
-8.89169 2.94928 -0.604829 26 0.0870165 -0.211675 
-7.27042 3.88532 -0.762006 28 -0.178693 -0.259017 
-5.58769 4.85685 -0.0889875 33 -0.627991 -0.108037 
-9.15905 2.79493 1.33263 40 0.123206 0.0860047 
-6.52013 4.31851 -0.668232 44 -0.354736 -0.257574 
-5.48126 4.9183 1.10702 45 -0.628723 0.201444 
-8.69401 3.06342 -0.315471 46 0.0617445 -0.167459 
-9.17118 2.78792 0.352843 50 0.127643 -0.0599746 
-6.99514 4.04426 0.162238 53 -0.232382 -0.0724237 
-7.12929 3.9668 -0.413303 57 -0.203672 -0.189291 
-7.76282 3.60104 -1.23079 58 -0.0856696 -0.346218 
-9.06868 2.8471 0.616604 61 0.114111 -0.0164351 
-6.35552 4.41354 0.367926 65 -0.381897 -0.0139126 
-8.32689 3.27537 0.102633 68 0.00894225 -0.0933597 
-9.53193 2.57964 -0.151691 69 0.167236 -0.139082 
-6.73615 4.19379 -0.772225 73 -0.302828 -0.27434 
-8.43422 3.2134 0.143156 79 0.0271352 -0.0814954 
-7.01524 4.03265 0.767731 80 -0.224073 0.0554865 
-6.84889 4.1287 -1.69131 81 -0.281809 -0.484578 
-8.57211 3.13379 0.696853 83 0.0450159 0.00107301 
-9.48597 2.60618 0.402373 91 0.162828 -0.0531571 
-7.84704 3.55241 -1.4571 93 -0.0756668 -0.386935 
-6.07518 4.57539 0.411442 94 -0.455387 0.00630921 
-6.7471 4.18746 0.728183 95 -0.276999 0.0551475 
-6.83682 4.13566 0.932129 96 -0.256842 0.089137 
-8.21684 3.33891 0.855065 98 -0.00391711 0.0337626 
-5.96131 4.64114 0.2828 99 -0.493201 -0.0210367 
-5.72779 4.77596 -0.0479517 100 -0.575359 -0.098717 
-8.30606 3.2874 -0.374033 103 0.00522338 -0.179276 
-6.83515 4.13663 0.928504 104 -0.259887 0.0927141 
-9.49264 2.60233 0.71894 111 0.162273 -0.0100735 
-6.45698 4.35497 0.0373591 113 -0.358985 -0.0841611 
-5.86459 4.69698 1.11578 115 -0.504278 0.181695 
-5.82616 4.71917 1.05356 123 -0.520119 0.163807 
-7.76272 3.6011 -1.33649 124 -0.0871351 -0.368354 
-9.4138 2.64784 -0.749638 127 0.155385 -0.231287 
-6.48824 4.33692 0.602459 130 -0.344504 0.0370033 
-9.10665 2.82518 -0.067222 132 0.115835 -0.127466 
-8.31486 3.28232 -0.998132 134 0.00686403 -0.290577 
-7.54306 3.72791 -0.636474 136 -0.127737 -0.23185 
-8.32648 3.27561 -0.916176 137 0.00746261 -0.272616 
-7.75055 3.60812 0.607921 138 -0.0804276 0.00275873 
-8.89144 2.94943 -0.995818 139 0.0867879 -0.277299 
-8.50915 3.17015 -1.43562 142 0.0363707 -0.362284 
-6.25679 4.47054 0.905937 144 -0.400102 0.110943 
-8.55092 3.14603 -1.2267 145 0.0405789 -0.323502 
-9.27136 2.73008 -1.79969 152 0.136957 -0.407496 
-5.45173 4.93535 -0.474326 153 -0.684533 -0.216707 
-7.61388 3.68703 -1.43304 154 -0.115896 -0.388534 
-8.81769 2.99201 -0.933105 158 0.0778014 -0.266119 
-5.69185 4.79671 -0.755463 167 -0.605118 -0.289087 
-6.08649 4.56887 1.43535 170 -0.435295 0.239252 
-6.68884 4.2211 0.597207 171 -0.296145 0.0268776 
-7.21392 3.91795 1.54448 173 -0.173656 0.187615 
-7.83448 3.55966 -0.735079 174 -0.0763562 -0.249734 
-9.09008 2.83474 -1.5709 176 0.111548 -0.372973 
-6.73975 4.1917 -1.74479 178 -0.315129 -0.498212 
-5.92197 4.66385 1.33939 179 -0.484222 0.226256 
-5.55644 4.87489 1.22347 180 -0.604148 0.225877 
-5.92731 4.66077 1.73781 182 -0.476458 0.316493 
-5.70558 4.78878 -0.80519 184 -0.601445 -0.302506 
-7.69247 3.64165 -1.44056 186 -0.102283 -0.38922 
-6.79289 4.16102 0.492295 190 -0.270374 0.00314747 
-8.58962 3.12368 -0.807997 201 0.0462766 -0.247975 
-9.31972 2.70216 0.881481 208 0.138681 0.0170346 
-6.12407 4.54717 1.70161 211 -0.421864 0.295166 
-6.59885 4.27306 -1.66716 216 -0.343674 -0.485344 
-5.75689 4.75916 -1.40167 219 -0.599983 -0.469289 
-7.86451 3.54233 1.45463 223 -0.0602004 0.149529 
-7.66224 3.65911 -1.56845 226 -0.111407 -0.415604 
-7.55688 3.71994 1.11487 232 -0.11403 0.097415 
-6.86074 4.12186 0.00652214 233 -0.260963 -0.100106 
-8.6765 3.07352 1.96596 234 0.0646564 0.194377 
-7.02658 4.02611 -1.06432 239 -0.236615 -0.33001 
-8.03402 3.44446 -0.562411 242 -0.0358195 -0.213592 
-8.14068 3.38288 -0.0878003 245 -0.0210268 -0.128617 
-6.54441 4.30449 1.25315 248 -0.320699 0.170148 
-8.26463 0.314754 1.16404 251 0.577588 0.128813 
-9.1587 1.86333 -0.988996 253 0.2793 -0.285303 
-8.41737 0.579321 1.27562 256 0.514754 0.141002 
-9.52122 2.49124 -1.0717 257 0.183224 -0.285997 
-8.93601 1.47762 -0.633868 259 0.341472 -0.227508 
-9.30328 2.11375 1.73712 262 0.23269 0.147394 
-8.62862 0.94521 0.119044 265 0.441317 -0.093133 
-9.05625 1.68588 -1.53396 267 0.311968 -0.383494 
-9.13681 1.82542 0.452008 276 0.276052 -0.0430678 
-8.62523 0.939344 -1.18054 287 0.45813 -0.345422 
-8.12164 0.0670859 0.804812 290 0.652553 0.0609257 
-8.26682 0.318554 -1.13985 297 0.611251 -0.363124 
-8.648 0.978768 1.29878 299 0.428275 0.120831 
-8.24121 0.274194 1.30161 302 0.58771 0.150633 
-8.641 0.966654 -0.16123 311 0.444991 -0.142642 
-9.31057 2.12638 -0.0551822 313 0.234722 -0.128154 
-8.81253 1.26375 -0.857651 325 0.382736 -0.274986 
-8.52917 0.772963 -1.76171 342 0.500893 -0.479188 
-8.12381 0.0708475 -1.49958 347 0.692205 -0.458195 
-8.82998 1.29397 -1.283 359 0.385461 -0.350152 
-8.26227 0.31067 0.618929 366 0.585421 0.0189175 
-8.81299 1.26454 1.68087 370 0.371877 0.176912 
-8.43087 0.60269 -0.733047 375 0.52979 -0.262442 
-9.0577 1.6884 -0.174837 377 0.306939 -0.148047 
-8.19099 0.187209 -1.2445 378 0.650677 -0.392809 
-9.37546 2.23878 -1.18001 383 0.222713 -0.302344 
-8.12127 0.0664484 1.25361 388 0.644346 0.158418 
-9.14202 1.83445 -1.39071 391 0.287621 -0.352112 
-9.48121 2.42194 -1.26659 396 0.196131 -0.312944 
-8.52092 0.758672 -1.7528 399 0.503983 -0.477282 
-9.44529 2.35972 -1.11888 402 0.203083 -0.294917 
-8.91993 1.44977 0.165011 413 0.342948 -0.0888494 
-8.21371 0.226557 -0.790225 417 0.629409 -0.285973 
-9.51944 2.48816 0.340095 422 0.17905 -0.0648266 
-8.92471 1.45805 -1.88576 426 0.357317 -0.460315 
-9.40694 2.29329 1.83376 448 0.208566 0.162016 
-8.18295 0.173293 -0.148578 455 0.635623 -0.143898 
-8.15687 0.12812 0.541817 457 0.641663 0.00579789 
-8.06618 -0.0289635 1.04644 461 0.675292 0.118997 
-8.66593 1.00983 0.45259 465 0.426259 -0.0305828 
-9.45274 2.37263 -1.8729 469 0.199658 -0.414001 
-9.08866 1.74202 1.71988 475 0.28727 0.16266 
-8.78933 1.22356 1.82285 477 0.371468 0.202179 
-8.11594 0.0572182 0.887934 486 0.650794 0.0810224 
-8.80838 1.25656 1.8581 487 0.370459 0.207439 
-9.2531 2.02685 -1.52478 488 0.252235 -0.374134 
-9.11496 1.78758 0.0633076 493 0.282503 -0.100814 
-9.55916 2.55695 -0.634717 496 0.173191 -0.211941 
-9.00888 1.60385 -0.973121 498 0.325361 -0.286358 
