-7 -0.29883 -1.326 55 0.652077 -0.199202 
-7 0.46862 -2.98529 58 0.203985 -0.00185185 
-7 -1.05185 -1.49538 60 0.607447 -0.413897 
-7 -1.03485 -3.75523 61 0.025866 -0.330168 
-7 -0.184126 -2.39523 62 0.340802 -0.154056 
-7 0.0943094 -5.21035 64 -0.203351 -0.0795249 
-7 1.11392 -6.02536 65 -0.293174 0.091056 
-7 0.886694 -5.35798 67 -0.208251 0.0602663 
-7 1.34911 -4.82912 74 -0.121448 0.146471 
-7 0.577231 -1.47952 76 0.591347 0.0354189 
-7 0.694743 -5.33965 78 -0.209599 0.0273257 
-7 1.12101 -6.65735 79 -0.369932 0.08547 
-7 0.821262 -3.48263 80 0.103966 0.0675987 
-7 -1.84392 -6.0007 85 -0.362827 -0.436112 
-7 1.69039 -1.92004 89 0.459543 0.284405 
-7 -0.295975 -5.19552 90 -0.209522 -0.1523 
-7 1.40697 -4.3308 91 -0.0411874 0.16542 
-7 0.592834 -6.66606 94 -0.38368 0.0031772 
-7 -1.56958 -3.12031 95 0.15593 -0.483745 
-7 -1.20087 -3.87679 97 -0.000804775 -0.36495 
-7 1.52805 -2.92335 98 0.224351 0.219753 
-7 -0.609874 -5.90804 100 -0.318186 -0.203494 
-6.22725 1.4028 -7 110 -0.507514 0.166658 
-6.20015 -0.954561 -7 122 -0.590368 -0.250604 
-6.2831 -0.370457 -7 140 -0.555407 -0.141318 
-6.46998 0.52855 -7 150 -0.497136 0.0105538 
