1.69792 -0.977731 -7 104 600.379 4.32804 
5.64257 -0.481715 -7 109 169.092 68.4229 
2.26927 0.767181 -7 111 458.43 248.464 
2.74139 -0.240151 -7 113 423.908 109.099 
4.50714 -1.04124 -7 119 259.951 10.3136 
2.98659 0.138239 -7 123 386.067 154.265 
4.46367 -0.542201 -7 125 255.866 64.8301 
6.6867 0.183154 -7 127 102.226 123.025 
3.77354 -0.887468 -7 133 323.977 25.5983 
6.08103 -0.977971 -7 134 147.112 21.5634 
3.34213 1.4046 -7 137 323.225 292.965 
4.29646 -0.0380129 -7 139 261.978 119.861 
6.59087 -1.1778 -7 141 119.562 4.74444 
4.8725 1.3091 -7 142 199.361 246.113 
6.26277 1.2623 -7 143 115.061 217.677 
1.9715 1.13953 -7 144 488.669 306.571 
1.45576 0.553777 -7 145 586.941 243.145 
7 -0.863938 -6.09367 166 14.4462 1.75617 
7 0.781169 -6.98961 200 80.9216 169.156 
