1.69792 -0.977731 -7 104 0.123923 -0.248405 
2.77254 -1.94854 -7 108 -0.133485 -0.508946 
2.26927 0.767181 -7 111 -0.0936595 0.250226 
2.74139 -0.240151 -7 113 -0.180741 -0.051489 
4.50714 -1.04124 -7 119 -0.528182 -0.270533 
2.98659 0.138239 -7 123 -0.25184 0.045373 
0.474792 -0.485198 -7 124 0.520114 -0.0770904 
4.46367 -0.542201 -7 125 -0.536113 -0.153544 
3.77354 -0.887468 -7 133 -0.39087 -0.231899 
1.03314 -1.58354 -7 136 0.352964 -0.436132 
3.34213 1.4046 -7 137 -0.374964 0.372184 
0.97797 0.750031 -7 138 0.298529 0.317982 
4.29646 -0.0380129 -7 139 -0.521233 -0.030889 
4.8725 1.3091 -7 142 -0.66911 0.273411 
1.9715 1.13953 -7 144 -0.0245132 0.378495 
1.45576 0.553777 -7 145 0.148121 0.226606 
0.206379 -1.0164 -7 147 0.641455 -0.255968 
