-7 0.21307 2.3409 51 0.544592 0.315524 
-7 -1.78251 -2.62609 53 -0.682677 -0.17399 
-7 -0.29883 -1.326 55 -0.398033 0.185125 
-7 -0.441068 2.32778 56 0.52122 0.145973 
-7 -1.05185 -1.49538 60 -0.424871 -0.00335417 
-7 -0.184126 -2.39523 62 -0.681905 0.216484 
-7 -1.45394 1.58819 66 0.320598 -0.0947363 
-7 -1.07602 2.04225 70 0.43548 -0.00757804 
-7 -1.87164 2.51938 75 0.525422 -0.185497 
-7 0.577231 -1.47952 76 -0.459582 0.425926 
-7 -1.86155 -2.22478 77 -0.582924 -0.19095 
-7 -1.9255 2.82609 83 0.593049 -0.196538 
-7 -0.166603 0.216342 87 -0.00217017 0.218054 
-7 0.312724 -0.335245 92 -0.147136 0.348161 
-7 -1.0576 1.73598 99 0.363048 -0.00338648 
