-2.75039 -9.23619 0.329719 263 -0.683932 -0.114257 
-2.57499 -9.53998 1.60069 268 -0.602675 0.118633 
-2.72709 -9.27655 -1.48729 269 -0.691253 -0.496019 
-2.64072 -9.42615 1.95256 355 -0.621985 0.190235 
-2.75281 -9.23199 0.225616 395 -0.687154 -0.135462 
-2.74941 -9.23788 0.292754 416 -0.682803 -0.124383 
-2.61113 -9.47739 -1.5069 492 -0.644278 -0.479811 
-0.751588 -8.51683 0.0534651 508 -0.304387 -0.172462 
-0.489466 -8.3655 1.99316 509 -0.244329 0.269986 
1.01972 -7.49417 -0.323822 518 0.14763 -0.295949 
1.55304 -7.18626 -0.142317 519 0.330807 -0.247353 
0.57886 -7.7487 0.424617 532 0.013281 -0.0806335 
-1.33469 -8.85349 -0.250941 535 -0.414185 -0.233531 
1.74656 -7.07452 -0.649775 536 0.417393 -0.418853 
-0.805849 -8.54816 -1.1322 539 -0.32109 -0.44975 
-1.55768 -8.98223 1.00965 540 -0.446702 0.0298774 
-0.435565 -8.33438 0.0499532 548 -0.238574 -0.17414 
1.31384 -7.32436 1.35338 549 0.228813 0.192793 
0.488173 -7.80106 0.703509 550 -0.0186269 -0.00552593 
-2.17518 -9.33875 -0.02102 551 -0.553166 -0.179234 
-1.37853 -8.8788 -0.140968 554 -0.42663 -0.208119 
-0.337383 -8.27769 -1.23289 555 -0.222136 -0.497598 
0.766945 -7.64011 0.115194 558 0.0632869 -0.158495 
-0.751362 -8.5167 -0.54808 562 -0.305948 -0.312195 
-2.39776 -9.46725 -1.50147 566 -0.599092 -0.476473 
-0.453946 -8.34499 1.0501 568 -0.238961 0.0591441 
1.27527 -7.34662 -0.861902 571 0.234919 -0.463347 
-0.48463 -8.36271 0.158388 572 -0.247027 -0.149654 
2.47927 -6.6515 1.93554 574 0.671657 0.44465 
-1.19047 -8.77022 1.45663 578 -0.382473 0.127012 
-0.0029851 -8.08463 -0.961949 580 -0.13659 -0.435812 
1.33215 -7.31379 -0.490916 582 0.253569 -0.348925 
-0.413276 -8.32151 0.783569 583 -0.230463 -0.00421548 
-1.13416 -8.73771 1.81808 584 -0.37314 0.207302 
-2.13398 -9.31496 -0.61668 585 -0.551783 -0.301023 
-1.80668 -9.12599 1.44164 586 -0.486684 0.111001 
0.848258 -7.59316 -0.946016 591 0.103909 -0.470775 
1.26618 -7.35187 -0.159086 592 0.2301 -0.247957 
-0.665112 -8.46691 -0.0591155 593 -0.28805 -0.194619 
-1.05884 -8.69422 -0.500411 598 -0.366813 -0.295638 
-1.85453 -9.15362 1.00414 599 -0.497262 0.023171 
-0.29479 -8.2531 -0.936867 601 -0.208632 -0.420984 
-1.02236 -8.67316 1.83715 602 -0.346983 0.213463 
-0.41102 -8.32021 0.556759 610 -0.23292 -0.0506109 
-2.0658 -9.2756 0.128408 612 -0.532323 -0.155643 
-2.28434 -9.40177 0.767727 616 -0.563987 -0.0293737 
-0.478158 -8.35897 -0.638973 621 -0.25166 -0.342621 
-1.39269 -8.88697 -0.919729 622 -0.429095 -0.384932 
-1.85496 -9.15386 1.85126 623 -0.494166 0.189026 
-2.10532 -9.29841 0.971801 625 -0.538409 0.0131744 
-0.802806 -8.5464 1.53266 628 -0.312693 0.158556 
-0.197251 -8.19679 0.70261 629 -0.182214 -0.0197841 
0.695133 -7.68157 0.336635 637 0.0439359 -0.102734 
1.97066 -6.94514 1.58752 638 0.465207 0.292038 
-1.41788 -8.90152 -1.16565 639 -0.43248 -0.439631 
-0.795119 -8.54197 -0.566815 642 -0.318569 -0.318025 
-1.37552 -8.87706 0.232198 643 -0.421751 -0.133654 
-1.56414 -8.98596 -0.787846 645 -0.46228 -0.350081 
-0.814491 -8.55315 0.400562 646 -0.316034 -0.092602 
-0.0537926 -8.11396 -0.334741 647 -0.148952 -0.273059 
2.18105 -6.82367 0.572736 650 0.57769 -0.0183568 
2.35902 -6.72093 0.562621 651 0.654803 -0.0173484 
0.479792 -7.8059 1.79524 652 -0.0214901 0.266641 
1.77898 -7.05581 0.424263 655 0.409263 -0.0675688 
0.279953 -7.92127 1.12217 656 -0.0691063 0.0950639 
-0.574829 -8.41478 0.349602 657 -0.265818 -0.10157 
0.172776 -7.98315 1.03516 658 -0.0978795 0.0665045 
-1.00763 -8.66466 -0.50403 660 -0.358193 -0.295996 
1.12851 -7.43136 0.338853 661 0.178411 -0.100351 
-0.613939 -8.43736 -0.547652 664 -0.275117 -0.315988 
-0.867771 -8.58391 0.768917 668 -0.327972 -0.00696184 
-0.769826 -8.52736 1.76192 670 -0.304732 0.208486 
2.3244 -6.74091 -0.546464 673 0.671866 -0.413019 
-1.48552 -8.94057 0.517606 676 -0.439249 -0.0696135 
-1.10245 -8.71941 -0.567007 677 -0.378866 -0.310047 
0.0842166 -8.03428 0.452304 685 -0.117379 -0.0749514 
0.676712 -7.6922 0.794688 695 0.0390175 0.0212642 
0.735422 -7.65831 -0.141939 702 0.0605564 -0.235293 
-0.0286901 -8.09947 1.01989 704 -0.14557 0.0642033 
-2.31293 -9.41827 1.81431 707 -0.560111 0.17015 
2.02484 -6.91386 0.215523 713 0.513063 -0.137466 
2.26921 -6.77278 -0.294944 715 0.633882 -0.316121 
1.12928 -7.43091 0.660268 716 0.176057 -0.0107133 
-0.939569 -8.62536 -0.32294 718 -0.345195 -0.253497 
-1.908 -9.18449 1.52916 719 -0.499723 0.125523 
-0.734402 -8.50691 1.2467 730 -0.293889 0.0941515 
1.28778 -7.33941 1.94479 733 0.21695 0.354465 
-0.562661 -8.40776 1.95132 740 -0.259396 0.256316 
-0.329699 -8.27326 1.956 745 -0.210402 0.267587 
-1.49578 -8.94649 0.981389 746 -0.440405 0.0240342 
-0.0589625 -8.11695 -0.531896 750 -0.151411 -0.324529 
