-3.17768 1.79522 -7 101 474.218 401.716 
-4.55559 -0.250499 -7 105 621.769 160.95 
-2.11042 -0.0563179 -7 106 361.678 173.251 
-0.235026 1.16667 -7 114 82.2085 355.829 
-0.0787955 1.33173 -7 116 55.5708 383.111 
-1.66978 1.93068 -7 118 298.328 440.766 
-3.56835 0.827876 -7 121 520.47 285.79 
-2.10211 -0.684594 -7 129 363.248 84.8798 
-3.11373 -0.303232 -7 130 481.316 146.215 
-1.59533 0.795126 -7 132 290.999 290.651 
-3.58737 1.4874 -7 135 517.517 361.907 
-0.615215 -0.161545 -7 146 142.906 148.107 
