-2.11042 -0.0563179 -7 106 0.562222 -0.230406 
-0.235026 1.16667 -7 114 0.0445312 0.283867 
-0.0787955 1.33173 -7 116 0.00469432 0.347836 
-1.66978 1.93068 -7 118 0.543946 0.426502 
0.474792 -0.485198 -7 124 -0.299186 -0.209642 
-2.10211 -0.684594 -7 129 0.522068 -0.431979 
-1.59533 0.795126 -7 132 0.453052 0.0736709 
0.97797 0.750031 -7 138 -0.38287 0.232781 
1.9715 1.13953 -7 144 -0.693233 0.432631 
1.45576 0.553777 -7 145 -0.558486 0.201399 
-0.615215 -0.161545 -7 146 0.0817659 -0.171881 
0.206379 -1.0164 -7 147 -0.245639 -0.403725 
