-4.80195 0.41523 7 21 478.592 285.033 
-5.92999 -1.73451 7 23 390.238 99.4759 
-5.37012 0.037908 7 24 432.294 247.401 
-5.21106 1.44812 7 29 446.765 372.523 
-5.40598 0.152698 7 30 429.871 257.306 
-3.76175 1.7333 7 32 587.499 442.355 
-5.875 -0.508694 7 36 396.376 201.132 
-4.02466 -0.174699 7 39 555.573 228.901 
-5.59816 -0.619665 7 42 414.681 190.545 
-6.33365 0.109205 7 44 369.936 250.509 
-6.25916 0.145289 7 48 374.297 253.525 
-7 -0.503339 4.01391 52 107.916 209.218 
-7 -0.64261 4.44771 54 151.427 194.895 
-7 0.78654 5.75191 68 262.718 311.023 
-7 -0.100249 4.19611 69 129.514 249.083 
-7 -0.527577 4.46053 71 153.272 206.035 
-7 -0.14175 5.47309 72 239.778 237.387 
-7 1.61955 6.53315 73 313.392 362.293 
-7 0.883221 6.2108 82 292.477 312.583 
-7 -0.72299 3.2493 84 12.7003 185.415 
-7 1.46933 5.82185 93 269.653 363.961 
-7 -0.576654 5.65743 96 251.445 200.471 
