-2.36095 6.71981 0.0648834 6 0.209398 -0.119767 
-3.05032 6.3218 1.27862 8 0.460116 0.276253 
-1.18389 7.39938 -0.935763 10 -0.192524 -0.420866 
-0.178643 7.97976 0.508014 11 -0.470709 -0.0124093 
-0.882633 7.57332 -1.15265 15 -0.282853 -0.482115 
0.308716 8.26114 -0.602419 18 -0.604937 -0.304524 
-2.78176 6.47686 1.65747 19 0.345349 0.381732 
-0.834292 7.60122 -0.745649 20 -0.294976 -0.358729 
-2.65363 6.55083 1.42287 22 0.299639 0.302546 
-2.57331 6.5972 -0.0115366 25 0.292148 -0.144896 
-1.29918 7.33282 1.56526 29 -0.155124 0.295313 
-2.71663 6.51445 0.575812 32 0.334262 0.0462426 
0.643979 8.45471 0.172026 37 -0.676076 -0.102515 
-3.03012 6.33346 -0.976834 38 0.493984 -0.485858 
-1.4565 7.24199 0.969849 43 -0.10877 0.137886 
-2.14768 6.84294 -0.101629 51 0.129941 -0.175514 
-3.33545 6.15718 -0.435976 52 0.617893 -0.297038 
-0.421209 7.83972 -1.17149 54 -0.415743 -0.472809 
-1.24468 7.36429 0.57792 55 -0.173296 0.022391 
-0.449959 7.82312 -0.349133 56 -0.405825 -0.241159 
-1.42581 7.25971 0.982136 67 -0.109709 0.143481 
-2.63329 6.56257 1.86537 75 0.285895 0.433446 
-2.18179 6.82325 0.0567123 84 0.141614 -0.122055 
-1.81168 7.03693 1.23812 85 0.00959732 0.224595 
-2.31638 6.74554 0.814643 87 0.184733 0.113754 
-3.51194 6.05528 0.00121058 101 0.684984 -0.141583 
0.17216 8.1823 0.981234 106 -0.553028 0.108791 
-1.22592 7.37512 0.548265 107 -0.1778 0.0116225 
-0.30588 7.9063 0.0837691 108 -0.440273 -0.123764 
-2.27819 6.76759 -0.186085 109 0.178871 -0.201365 
-0.383025 7.86176 0.22409 112 -0.419417 -0.0824994 
-1.79023 7.04931 1.8524 116 -0.00271134 0.391863 
-0.803108 7.61923 -0.814071 117 -0.30962 -0.377471 
-0.964105 7.52628 0.885878 120 -0.253187 0.101616 
0.0926466 8.13639 -1.10015 128 -0.556157 -0.44348 
-1.20685 7.38613 1.22507 129 -0.179418 0.201601 
-2.44383 6.67196 -0.385326 131 0.247869 -0.269324 
-1.33285 7.31338 0.696058 135 -0.140953 0.0590628 
-0.621084 7.72432 1.104 141 -0.348954 0.151887 
-0.582336 7.74669 0.181318 147 -0.363257 -0.0922228 
-0.447254 7.82468 0.726916 148 -0.39599 0.0536589 
-1.07075 7.46471 -0.23607 149 -0.225556 -0.20602 
-0.106953 8.02115 -0.188349 150 -0.494225 -0.193323 
-2.79823 6.46735 0.492322 157 0.371419 0.0167435 
-2.15233 6.84026 -0.0957294 160 0.135585 -0.172218 
-2.43306 6.67818 0.0756168 161 0.232718 -0.116955 
-0.717429 7.6687 0.357392 164 -0.328264 -0.0433735 
-2.12399 6.85662 0.667081 166 0.116854 0.0592618 
0.0695622 8.12307 1.38063 169 -0.531439 0.207499 
-1.10514 7.44485 1.99159 172 -0.210567 0.401026 
-1.43641 7.25359 -1.07042 183 -0.106012 -0.46933 
-1.12203 7.4351 -0.763709 191 -0.206417 -0.366977 
-0.560641 7.75922 -0.484044 192 -0.374395 -0.281053 
-1.18082 7.40116 -1.11678 196 -0.192586 -0.474506 
-1.21876 7.37925 1.56713 198 -0.174422 0.291805 
-3.48498 6.07085 0.402763 199 0.663843 -0.00140666 
-2.46086 6.66212 1.43715 200 0.230713 0.304617 
-2.50658 6.63573 -0.864936 203 0.273722 -0.426205 
-2.60244 6.58039 -0.419929 205 0.306845 -0.281318 
0.530427 8.38915 0.212413 206 -0.653234 -0.0946315 
-1.89242 6.99031 1.67854 209 0.0295067 0.351095 
-2.75916 6.4899 1.6333 210 0.335171 0.370593 
-2.88473 6.41741 -0.980824 212 0.429754 -0.478659 
-0.0829147 8.03503 0.967789 213 -0.49235 0.108168 
-1.32904 7.31558 0.826885 214 -0.142413 0.0953466 
-2.20564 6.80948 0.351964 217 0.151871 -0.0309773 
0.498224 8.37055 -0.257251 218 -0.650314 -0.209674 
-3.28265 6.18767 0.466932 221 0.573605 0.0167455 
-1.18272 7.40006 -0.335728 222 -0.191733 -0.242531 
-1.831 7.02577 -0.964452 224 0.0260098 -0.446617 
-1.58155 7.1698 -0.998108 227 -0.0577474 -0.452399 
-2.92339 6.39508 1.13342 229 0.409736 0.225777 
-0.477256 7.80736 0.692004 238 -0.390329 0.045497 
-2.63039 6.56425 -0.0067306 240 0.312833 -0.147034 
0.34969 8.2848 -0.208161 246 -0.612659 -0.201359 
-2.65581 6.54957 -0.244999 247 0.325739 -0.21934 
