-7 0.21307 2.3409 51 0.432555 0.344786 
-7 -0.29883 -1.326 55 -0.515307 0.222811 
-7 -0.441068 2.32778 56 0.414189 0.17721 
-7 -1.05185 -1.49538 60 -0.54229 0.0262284 
-7 -1.45394 1.58819 66 0.223778 -0.0642555 
-7 -1.07602 2.04225 70 0.334641 0.0240825 
-7 -1.87164 2.51938 75 0.426337 -0.153869 
-7 0.577231 -1.47952 76 -0.582347 0.473169 
-7 -1.9255 2.82609 83 0.491967 -0.164157 
-7 -0.72299 3.2493 84 0.61869 0.107716 
-7 -0.166603 0.216342 87 -0.105297 0.253335 
-7 0.312724 -0.335245 92 -0.255282 0.387635 
-7 -1.0576 1.73598 99 0.263643 0.0281164 
