-7 0.0943094 -5.21035 64 590.496 330.142 
-7 1.11392 -6.02536 65 512.399 414.97 
-7 0.886694 -5.35798 67 574.589 407.238 
-7 1.34911 -4.82912 74 634.537 472.38 
-7 0.694743 -5.33965 78 576.652 388.223 
-7 1.12101 -6.65735 79 464.21 403.521 
-7 -1.84392 -6.0007 85 521.755 163.867 
-7 -0.295975 -5.19552 90 592.224 292.083 
-7 0.592834 -6.66606 94 465.582 359.773 
-7 -0.609874 -5.90804 100 526.437 263.588 
-5.46333 -1.29075 -7 102 371.102 190.317 
-4.55559 -0.250499 -7 105 299.738 267.875 
-2.11042 -0.0563179 -7 106 13.9767 249.184 
-5.09885 0.316864 -7 107 335.222 326.908 
-6.22725 1.4028 -7 110 399.512 424.809 
-5.05591 -0.451909 -7 117 338.53 255.666 
-3.07632 -1.96878 -7 120 184.703 53.8194 
-3.56835 0.827876 -7 121 194.099 377.243 
-6.20015 -0.954561 -7 122 410.833 229.712 
-2.10211 -0.684594 -7 129 29.7893 162.763 
-3.11373 -0.303232 -7 130 161.197 238.865 
-3.58737 1.4874 -7 135 185.513 458.017 
-6.2831 -0.370457 -7 140 412.216 276.606 
-5.05277 -1.83336 -7 148 349.053 135.951 
-6.46998 0.52855 -7 150 417.512 350.173 
