5.98522 3.63329 1.2144 752 510.039 412.985 
8.51992 -0.756939 0.408137 759 3.90104 282.358 
8.29274 -0.363451 -1.35134 761 41.8555 114.35 
6.15778 3.33441 -0.551726 764 469.746 194.442 
6.72499 2.35198 -0.698686 765 334.762 176.302 
6.84891 2.13734 -1.72634 766 310.613 62.0849 
7.18459 1.55593 0.710517 768 234.706 329.53 
7.75054 0.575679 1.75169 773 125.213 428.408 
8.11102 -0.0486967 -1.08378 774 70.5012 139.395 
5.86576 3.8402 -1.56683 775 551.511 65.3585 
7.65875 0.734657 0.495993 779 144.652 300.588 
6.87834 2.08637 1.48366 780 297.662 420.816 
5.7277 4.07932 -1.90892 781 591.714 16.9028 
6.61901 2.53554 -1.90015 786 362.352 37.2186 
5.84347 3.87882 -1.54309 787 558.255 65.5476 
5.70086 4.12582 1.37764 788 588.963 444.145 
6.3358 3.02608 -0.89504 793 426.276 152.172 
7.07393 1.74759 -1.06522 794 261.284 134.299 
7.7677 0.545948 0.346374 797 125.779 282.939 
6.99287 1.88799 0.446143 798 273.648 303.182 
5.95878 3.67909 -1.91848 799 526.793 20.2479 
8.13241 -0.0857393 -1.69052 803 68.7962 80.1911 
7.79816 0.49319 1.85753 808 118.582 433.401 
6.6228 2.52897 -1.96054 809 362.486 28.481 
5.66896 4.18107 1.48268 810 596.056 460.119 
7.13747 1.63753 -1.91994 811 251.811 44.197 
7.48096 1.04259 -1.87628 812 184.189 52.9812 
7.81192 0.469365 1.38832 814 115.024 386.614 
8.27608 -0.334586 -0.00492856 815 40.9037 245.025 
7.72815 0.61446 -0.217688 816 134.882 228.242 
7.65524 0.740743 -1.67984 818 149.698 76.4275 
6.32015 3.05317 1.6683 821 421.667 458.254 
5.84215 3.8811 1.25316 824 549.012 422.919 
8.44778 -0.631981 -1.44841 825 17.7359 106.234 
7.71438 0.638309 -0.336083 827 136.599 215.098 
7.15574 1.60589 0.615543 828 238.896 319.726 
8.37839 -0.511796 0.804967 830 22.3601 322.171 
7.85255 0.39899 0.707979 831 110.098 318.468 
7.0505 1.78818 -1.26688 833 266.796 114.14 
6.68672 2.41826 0.33091 836 340.571 295.846 
8.05704 0.0447927 0.347131 837 76.2048 281.06 
8.22434 -0.244979 -0.782358 838 52.0336 171.99 
7.41493 1.15696 -1.61534 839 194.553 82.4827 
6.64876 2.484 -1.60616 850 355.308 70.0781 
5.62913 4.25005 -0.845981 855 617.058 154.492 
8.421 -0.585604 -0.76008 856 20.6094 172.207 
7.47605 1.05111 -1.34417 857 182.901 109.77 
6.53997 2.67244 -0.861665 866 377.273 157.538 
7.07604 1.74394 0.502742 871 257.222 308.589 
6.4243 2.87279 -0.337461 872 405.811 217.081 
5.87176 3.82982 -1.86513 873 550.847 28.0892 
6.81272 2.20003 1.31801 874 308.59 404.641 
8.05963 0.040311 0.283874 878 76.0316 275.142 
6.67343 2.44128 -1.01357 882 346.651 139.515 
6.14997 3.34793 -0.772956 886 472.289 166.722 
6.38369 2.94312 -0.846468 889 416.261 157.462 
6.41 2.89756 1.35706 890 401.62 420.112 
5.96932 3.66083 1.41731 895 512.525 439.647 
5.88934 3.79937 -0.91473 896 544.035 148.975 
7.68639 0.686781 -1.10309 898 143.542 135.759 
7.3611 1.2502 0.0561545 900 203.893 256.624 
7.13224 1.6466 -0.977877 901 249.105 146.399 
8.49526 -0.714226 0.0445874 902 8.35131 248.826 
6.93416 1.98968 -1.06451 904 291.306 134.763 
6.87866 2.08582 -0.0270921 907 300.023 253.906 
6.77251 2.26967 -0.747548 908 323.464 170.866 
6.05282 3.51621 -1.75001 911 503.303 45.0634 
7.05959 1.77242 -1.7808 914 266.085 56.5181 
5.93483 3.72057 -1.99581 926 534.402 10.6598 
7.703 0.65802 -0.183774 927 138.589 232.012 
7.30009 1.35587 1.86648 930 207.302 449.082 
6.12516 3.3909 1.11897 932 473.044 399.311 
8.21418 -0.227369 1.2496 933 48.6086 367.351 
6.67513 2.43834 -0.321965 935 345.307 219.555 
7.22829 1.48023 1.7576 937 222.989 440.396 
6.75528 2.29951 -0.729401 938 329.497 173.683 
8.51325 -0.745376 -0.600431 941 6.28647 187.187 
6.43723 2.85038 1.42602 945 393.373 424.922 
5.85587 3.85734 -1.13495 948 552.144 121.484 
7.78699 0.51253 1.89064 949 118.574 441.108 
7.05329 1.78334 -1.18945 950 267.031 121.548 
7.15835 1.60138 1.8444 951 235.229 451.931 
6.22795 3.21288 -0.545567 952 451.216 192.848 
5.80798 3.94029 0.203205 953 560.938 288.527 
8.23755 -0.267852 -0.0508432 959 48.0514 240.369 
6.10007 3.43436 0.816237 960 480.382 361.77 
5.615 4.27453 -0.380425 961 619.284 216.372 
5.54904 4.38878 0.419383 964 636.169 323.396 
6.0817 3.46619 -1.62949 965 494.27 61.4233 
6.53207 2.68613 -0.981663 967 380.016 144.35 
6.68153 2.42724 -0.314303 968 342.904 221.592 
7.36792 1.23839 -0.614933 971 202.193 186.459 
8.33271 -0.432673 -0.868744 976 34.7689 162.282 
7.61247 0.814808 -0.677047 978 155.373 179.392 
6.66636 2.45352 1.76174 980 340.839 459.587 
6.2372 3.19685 0.871776 983 444.823 364.872 
8.49831 -0.719498 -1.83038 985 11.5353 72.5251 
8.14802 -0.112783 1.12075 986 60.0662 354.201 
8.42012 -0.584075 0.413676 987 19.6036 283.792 
8.18073 -0.169436 -0.844467 988 59.2473 164.167 
5.75493 4.03217 1.14041 991 572.615 411.317 
5.97808 3.64567 0.0489525 995 516.452 268.087 
6.58202 2.59961 -0.970701 999 369.031 144.9 
