5.64257 -0.481715 -7 109 0.00743552 -0.0869167 
2.74139 -0.240151 -7 113 0.629998 -0.0340476 
6.30632 -1.54879 -7 115 -0.081983 -0.270221 
4.50714 -1.04124 -7 119 0.18869 -0.213976 
2.98659 0.138239 -7 123 0.549325 0.0679161 
4.46367 -0.542201 -7 125 0.197501 -0.105249 
6.6867 0.183154 -7 127 -0.116476 0.024775 
6.46481 -1.88245 -7 128 -0.102096 -0.324419 
3.77354 -0.887468 -7 133 0.343188 -0.194945 
6.08103 -0.977971 -7 134 -0.0519863 -0.173296 
3.34213 1.4046 -7 137 0.443865 0.373371 
4.29646 -0.0380129 -7 139 0.230219 0.00520825 
6.59087 -1.1778 -7 141 -0.112783 -0.200344 
4.8725 1.3091 -7 142 0.128589 0.267076 
6.26277 1.2623 -7 143 -0.0640037 0.208656 
6.4687 -1.97232 -7 149 -0.10299 -0.340023 
7 -1.59791 -6.35011 157 -0.247569 -0.275829 
7 1.75895 -5.06184 159 -0.437809 0.365271 
7 0.863395 -4.44339 163 -0.584229 0.221195 
7 -0.863938 -6.09367 166 -0.281255 -0.148788 
7 1.33843 -4.95324 172 -0.464346 0.290719 
7 0.759759 -5.08223 173 -0.444916 0.170841 
7 -0.563655 -4.89557 181 -0.4998 -0.0943897 
7 0.831841 -5.58946 182 -0.349953 0.165272 
7 1.69172 -5.79597 183 -0.308178 0.308903 
7 0.0865561 -4.29161 189 -0.634534 0.0554427 
7 -1.97934 -4.46413 190 -0.623291 -0.422002 
7 0.781169 -6.98961 200 -0.147173 0.114987 
