5.64257 -0.481715 -7 109 328.229 203.852 
2.74139 -0.240151 -7 113 616.66 227.195 
6.30632 -1.54879 -7 115 286.65 119.978 
4.50714 -1.04124 -7 119 411.566 145.196 
2.98659 0.138239 -7 123 579.559 274.346 
4.46367 -0.542201 -7 125 415.937 195.112 
6.6867 0.183154 -7 127 271.338 255.332 
6.46481 -1.88245 -7 128 277.292 95.2182 
3.77354 -0.887468 -7 133 483.05 153.628 
6.08103 -0.977971 -7 134 300.656 164.326 
3.34213 1.4046 -7 137 531.646 415.62 
4.29646 -0.0380129 -7 139 431.379 245.862 
6.59087 -1.1778 -7 141 272.612 152.046 
4.8725 1.3091 -7 142 385.059 366.649 
6.26277 1.2623 -7 143 295.899 339.859 
6.4687 -1.97232 -7 149 276.851 88.0821 
7 -1.59791 -6.35011 157 210.816 117.945 
7 1.75895 -5.06184 159 124.93 412.678 
7 0.863395 -4.44339 163 58.0836 346.78 
7 -0.863938 -6.09367 166 195.66 176.22 
7 1.33843 -4.95324 172 112.745 378.438 
7 0.759759 -5.08223 173 121.474 323.311 
7 0.741437 -4.00824 180 5.43984 345.242 
7 -0.563655 -4.89557 181 96.2214 201.909 
7 0.831841 -5.58946 182 164.776 320.502 
7 1.69172 -5.79597 183 184.058 386.463 
7 0.0865561 -4.29161 189 35.1109 270.929 
7 -1.97934 -4.46413 190 39.9295 52.8787 
7 0.781169 -6.98961 200 257.362 296.834 
