-7 0.21307 2.3409 51 560.878 389.004 
-7 -0.29883 -1.326 55 126.949 329.678 
-7 -0.441068 2.32778 56 550.496 311.1 
-7 -1.05185 -1.49538 60 114.658 242.241 
-7 -1.45394 1.58819 66 459.067 200.267 
-7 -1.07602 2.04225 70 511.555 240.466 
-7 -1.87164 2.51938 75 552.976 158.621 
-7 0.577231 -1.47952 76 98.1005 441.404 
-7 -1.86155 -2.22478 77 41.1982 154.98 
-7 -1.9255 2.82609 83 583.876 153.609 
-7 -0.166603 0.216342 87 310.177 344.639 
-7 0.312724 -0.335245 92 243.072 404.923 
-7 -1.0576 1.73598 99 478.384 242.381 
