1.69792 -0.977731 -7 104 633.113 10.002 
5.64257 -0.481715 -7 109 193.456 79.0939 
2.26927 0.767181 -7 111 487.801 257.533 
2.74139 -0.240151 -7 113 450.857 117.819 
4.50714 -1.04124 -7 119 283.208 20.4272 
2.98659 0.138239 -7 123 412.721 163.255 
4.46367 -0.542201 -7 125 279.914 74.7877 
6.6867 0.183154 -7 127 128.444 133.361 
3.77354 -0.887468 -7 133 348.004 34.9407 
6.08103 -0.977971 -7 134 170.907 32.9493 
3.34213 1.4046 -7 137 350.827 301.158 
4.29646 -0.0380129 -7 139 286.854 129.454 
6.59087 -1.1778 -7 141 143.409 16.6445 
4.8725 1.3091 -7 142 226.339 254.312 
6.26277 1.2623 -7 143 142.706 226.198 
1.9715 1.13953 -7 144 519.491 315.856 
1.45576 0.553777 -7 145 620.871 252.624 
7 -0.863938 -6.09367 166 43.2055 18.2616 
7 1.69172 -5.79597 183 0.838783 254.945 
7 0.781169 -6.98961 200 108.429 178.709 
