-7 0.46862 -2.98529 58 478.573 231.051 
-7 -1.03485 -3.75523 61 390.699 79.3978 
-7 -0.184126 -2.39523 62 547.226 155.861 
-7 0.0943094 -5.21035 64 281.856 200.387 
-7 1.11392 -6.02536 65 240.048 280.044 
-7 0.886694 -5.35798 67 279.508 265.037 
-7 1.34911 -4.82912 74 320.365 304.347 
-7 0.694743 -5.33965 78 278.892 249.818 
-7 1.12101 -6.65735 79 204.849 278.168 
-7 0.821262 -3.48263 80 429.148 265.28 
-7 -1.84392 -6.0007 85 208.708 40.8887 
-7 1.69039 -1.92004 89 609.763 367.634 
-7 -0.295975 -5.19552 90 279.007 166.943 
-7 1.40697 -4.3308 91 358.691 312.679 
-7 0.592834 -6.66606 94 198.695 240.749 
-7 -1.56958 -3.12031 95 453.964 3.70965 
-7 -1.20087 -3.87679 97 377.819 63.853 
-7 1.52805 -2.92335 98 489.174 337.03 
-7 -0.609874 -5.90804 100 228.816 145.498 
-5.46333 -1.29075 -7 102 41.9378 94.7269 
-5.09885 0.316864 -7 107 39.2122 252.935 
-6.22725 1.4028 -7 110 145.917 314.589 
-5.05591 -0.451909 -7 117 18.5592 179.219 
-6.20015 -0.954561 -7 122 110.399 127.491 
-6.2831 -0.370457 -7 140 125.12 176.106 
-6.46998 0.52855 -7 150 149.8 244.273 
