-1.97014 0.361326 7 3 -0.0379902 0.167574 
-2.93389 0.906698 7 9 -0.305927 0.27948 
-2.14837 -1.21575 7 10 -0.0331686 -0.295797 
-0.578608 0.00250695 7 11 0.421053 0.115013 
-0.39693 -1.00404 7 12 0.521269 -0.220844 
-4.80195 0.41523 7 21 -0.671825 0.081069 
-3.28746 -0.347612 7 22 -0.343538 -0.0720202 
-2.84657 -0.836733 7 31 -0.224398 -0.195449 
-3.76175 1.7333 7 32 -0.518933 0.457602 
-2.21352 -0.0799941 7 33 -0.0894638 0.0284812 
-4.02466 -0.174699 7 39 -0.50531 -0.0428466 
-3.22548 0.288125 7 40 -0.35165 0.0982613 
-3.26615 1.27581 7 43 -0.395737 0.363668 
-2.70348 -0.732172 7 47 -0.193101 -0.165458 
