-8.8069 2.99824 -0.956076 24 55.1109 279.224 
-8.89169 2.94928 -0.604829 26 60.1423 308.076 
-9.15905 2.79493 1.33263 40 63.4914 471.081 
-8.69401 3.06342 -0.315471 46 36.8792 329.653 
-9.17118 2.78792 0.352843 50 73.9728 385.764 
-9.06868 2.8471 0.616604 61 63.5433 408.693 
-9.53193 2.57964 -0.151691 69 106.596 345.935 
-8.43422 3.2134 0.143156 79 5.91848 372.637 
-8.57211 3.13379 0.696853 83 13.8736 424.157 
-9.48597 2.60618 0.402373 91 101.672 385.967 
-9.49264 2.60233 0.71894 111 98.5135 411.987 
-9.4138 2.64784 -0.749638 127 103.804 300.516 
-9.10665 2.82518 -0.067222 132 73.4519 351.177 
-8.31486 3.28232 -0.998132 134 5.88482 267.02 
-8.32648 3.27561 -0.916176 137 7.5833 276.387 
-8.89144 2.94943 -0.995818 139 62.195 276.512 
-8.50915 3.17015 -1.43562 142 32.1202 235.708 
-8.55092 3.14603 -1.2267 145 34.7337 253.281 
-9.27136 2.73008 -1.79969 152 99.9025 222.64 
-8.81769 2.99201 -0.933105 158 57.4174 282.436 
-9.09008 2.83474 -1.5709 176 85.4287 235.525 
-8.58962 3.12368 -0.807997 201 32.9809 287.429 
-9.31972 2.70216 0.881481 208 81.6503 427.132 
-8.26463 0.314754 1.16404 251 263.392 472.369 
-7.46287 -1.07392 -1.59589 252 399.087 197.387 
-9.1587 1.86333 -0.988996 253 157.778 278.059 
-8.41737 0.579321 1.27562 256 239.071 479.978 
-9.52122 2.49124 -1.0717 257 119.871 276.445 
-8.93601 1.47762 -0.633868 259 178.465 305.539 
-7.4714 -1.05915 0.355818 260 404.714 397.038 
-6.64917 -2.4833 -0.440182 261 597.764 304.088 
-8.62862 0.94521 0.119044 265 212.311 367.812 
-9.05625 1.68588 -1.53396 267 170.022 238.825 
-9.13681 1.82542 0.452008 276 152.038 394.248 
-6.90676 -2.03715 -0.996423 283 521.895 243.447 
-8.62523 0.939344 -1.18054 287 219.445 258.23 
-8.12164 0.0670859 0.804812 290 286.307 438.475 
-6.93825 -1.9826 -0.53082 295 519.594 297.182 
-6.74023 -2.32557 -0.914689 296 565.604 248.882 
-8.26682 0.318554 -1.13985 297 266.388 256.258 
-8.648 0.978768 1.29878 299 206.882 476.871 
-7.95776 -0.216756 -0.267516 301 313.226 331.627 
-7.19832 -1.53215 -0.65154 305 457.583 287.155 
-7.50388 -1.00291 -1.74177 307 389.782 188.107 
-7.75587 -0.566441 -1.28568 308 346.191 232.306 
-8.641 0.966654 -0.16123 311 214.947 343.711 
-9.31057 2.12638 -0.0551822 313 135.632 351.065 
-6.53509 -2.68089 -1.87527 314 607.078 134.815 
-7.11395 -1.67828 -0.473701 317 477.239 305.85 
-6.44508 -2.83679 -1.6951 321 635.273 150.628 
-7.51344 -0.986333 -0.814325 323 392.313 274.116 
-8.81253 1.26375 -0.857651 325 194.05 285.83 
-7.53876 -0.942491 0.491179 328 392.495 412.404 
-7.72464 -0.62053 -0.0248013 332 354.32 354.972 
-7.95987 -0.213096 0.306596 339 315.986 387.791 
-8.52917 0.772963 -1.76171 342 234.172 210.637 
-6.83154 -2.16742 0.486301 345 561.56 424.567 
-8.12381 0.0708475 -1.49958 347 288.325 222.144 
-8.00123 -0.141456 -0.325795 349 308.634 326.728 
-7.28977 -1.37375 -1.87683 352 429.611 166.567 
-7.45408 -1.08915 -1.1234 354 402.296 243.112 
-7.13206 -1.6469 0.386525 358 482.859 406.432 
-8.82998 1.29397 -1.283 359 195.949 253.801 
-7.24008 -1.45982 0.239176 360 455.269 387.493 
-8.26227 0.31067 0.618929 366 263.147 416.334 
-6.57086 -2.61894 0.112404 367 631.663 379.099 
-6.73207 -2.33972 -0.455992 369 576.215 303.86 
-6.90193 -2.0455 0.150108 371 538.258 379.794 
-7.92892 -0.2667 1.10434 372 319.311 472.943 
-8.43087 0.60269 -0.733047 375 244.65 292.295 
-9.0577 1.6884 -0.174837 377 163.725 341.618 
-8.19099 0.187209 -1.2445 378 279.696 246.694 
-7.6338 -0.777869 -0.0587155 380 372.242 352.059 
-9.37546 2.23878 -1.18001 383 135.489 268.1 
-6.69448 -2.40482 0.483031 384 600.925 426.402 
-9.14202 1.83445 -1.39071 391 159.724 250.203 
-6.74479 -2.31769 0.740399 393 589.651 461.002 
-9.48121 2.42194 -1.26659 396 124.9 262.741 
-7.37732 -1.22211 -1.65372 397 415.74 189.326 
-8.52092 0.758672 -1.7528 399 234.082 211.257 
-6.97577 -1.91761 -0.4901 401 509.816 303.627 
-9.44529 2.35972 -1.11888 402 128.431 274.659 
-7.81782 -0.459131 0.076778 403 338.65 365.896 
-7.63883 -0.769162 -0.119058 410 370.789 345.88 
-8.91993 1.44977 0.165011 413 176.194 371.144 
-7.3798 -1.21781 -1.93698 415 413.875 162.714 
-8.21371 0.226557 -0.790225 417 274.81 285.98 
-7.84199 -0.417283 -1.30465 420 332.836 232.619 
-9.51944 2.48816 0.340095 422 111.746 381.482 
-7.91669 -0.287895 -0.0147918 423 322.172 358.252 
-8.92471 1.45805 -1.88576 426 187.291 210.305 
-8.05966 -0.0402563 -0.2345 439 298.65 334.513 
-7.28007 -1.39054 -0.1606 450 444.089 338.602 
-8.18295 0.173293 -0.148578 455 279.155 343.791 
-8.15687 0.12812 0.541817 457 281.191 410.579 
-7.48055 -1.0433 0.202815 459 402.104 381.039 
-8.06618 -0.0289635 1.04644 461 295.89 465.754 
-6.65278 -2.47704 -0.576839 463 594.938 288.139 
-8.66593 1.00983 0.45259 465 208.56 396.406 
-7.42117 -1.14615 0.204588 467 414.958 381.36 
-9.45274 2.37263 -1.8729 469 130.1 222.894 
-7.72533 -0.619337 0.904189 476 357.385 457.484 
-7.83655 -0.426699 0.919261 479 335.644 456.628 
-7.18002 -1.56384 -1.73226 481 455.118 175.875 
-7.03065 -1.82256 -1.92608 482 483.376 150.81 
-6.7498 -2.309 -0.746357 485 566.638 269.958 
-8.11594 0.0572182 0.887934 486 288.398 446.58 
-9.2531 2.02685 -1.52478 488 151.219 240.559 
-9.11496 1.78758 0.0633076 493 155.021 361.431 
-9.55916 2.55695 -0.634717 496 112.821 307.412 
-9.00888 1.60385 -0.973121 498 173.139 278.509 
