-5.37012 0.037908 7 24 625.251 129.611 
-5.21106 1.44812 7 29 612.055 266.531 
-5.40598 0.152698 7 30 619.237 140.921 
-5.875 -0.508694 7 36 587.88 77.9272 
-5.59816 -0.619665 7 42 616.032 64.4865 
-6.33365 0.109205 7 44 540.509 134.778 
-6.25916 0.145289 7 48 545.505 137.997 
-7 0.21307 2.3409 51 113.11 97.4421 
-7 -0.503339 4.01391 52 297.958 43.5257 
-7 -0.64261 4.44771 54 336.872 36.8852 
-7 -0.441068 2.32778 56 110.894 13.468 
-7 1.81819 2.50338 57 133.207 279.369 
-7 1.50288 1.91462 59 59.258 248.391 
-7 0.78654 5.75191 68 417.192 181.233 
-7 -0.100249 4.19611 69 310.983 88.6197 
-7 -0.527577 4.46053 71 336.914 48.9802 
-7 -0.14175 5.47309 72 408.759 99.899 
-7 1.61955 6.53315 73 454.118 245.487 
-7 1.51818 2.67054 81 152.518 247.309 
-7 0.883221 6.2108 82 443.881 190.17 
-7 -0.72299 3.2493 84 223.268 1.82175 
-7 1.48523 2.57162 86 141.265 244.166 
-7 1.20864 2.59145 88 143.783 214.49 
-7 1.46933 5.82185 93 414.627 235.593 
-7 -0.576654 5.65743 96 425.789 62.8951 
