-5.46333 -1.29075 -7 102 572.454 193.926 
-4.55559 -0.250499 -7 105 492.558 284.768 
-2.11042 -0.0563179 -7 106 241.463 279.823 
-5.09885 0.316864 -7 107 525.031 345.614 
-6.22725 1.4028 -7 110 584.728 446.943 
-0.689565 -1.47331 -7 112 50.9253 30.3253 
-5.05591 -0.451909 -7 117 532.893 269.567 
-3.07632 -1.96878 -7 120 388.236 62.9891 
-3.56835 0.827876 -7 121 389.672 396.721 
-6.20015 -0.954561 -7 122 613.5 235.627 
-1.05355 -1.5594 -7 126 116.776 35.0777 
-2.10211 -0.684594 -7 129 252.641 195.938 
-3.11373 -0.303232 -7 130 363.203 262.256 
-1.59533 0.795126 -7 132 151.764 393.583 
-3.58737 1.4874 -7 135 380.626 471.623 
-6.2831 -0.370457 -7 140 610.828 288.636 
-0.615215 -0.161545 -7 146 5.5871 238.76 
-5.05277 -1.83336 -7 148 552.332 133.353 
-6.46998 0.52855 -7 150 610.194 369.045 
