-7 -1.78251 -2.62609 53 -0.22482 -0.445623 
-7 -0.29883 -1.326 55 0.0560304 -0.120006 
-7 0.46862 -2.98529 58 -0.322614 0.0562796 
-7 -1.05185 -1.49538 60 0.0201939 -0.296632 
-7 -1.03485 -3.75523 61 -0.459995 -0.272242 
-7 -0.184126 -2.39523 62 -0.189888 -0.0914961 
-7 1.26508 -0.184774 63 0.343833 0.283406 
-7 1.34911 -4.82912 74 -0.693548 0.234756 
-7 0.577231 -1.47952 76 0.0140176 0.0917257 
-7 -1.86155 -2.22478 77 -0.138479 -0.469486 
-7 0.821262 -3.48263 80 -0.428851 0.132619 
-7 -0.166603 0.216342 87 0.455073 -0.0895055 
-7 1.69039 -1.92004 89 -0.0983288 0.359992 
-7 1.40697 -4.3308 91 -0.602163 0.253848 
-7 0.312724 -0.335245 92 0.304449 0.0328058 
-7 -1.56958 -3.12031 95 -0.328663 -0.392622 
-7 -1.20087 -3.87679 97 -0.481255 -0.306063 
-7 1.52805 -2.92335 98 -0.321056 0.302494 
