4.31342 6.52894 -1.60055 753 0.143801 -0.390932 
3.95041 7.15768 -0.115486 754 0.28895 -0.0293255 
5.20903 4.97769 -0.50044 755 -0.30813 -0.118262 
4.55568 6.10933 1.89736 756 0.0281145 0.451914 
4.31954 6.51834 0.440036 760 0.139468 0.103708 
2.79672 9.15593 1.45335 762 0.654055 0.252494 
3.65369 7.67162 -0.409443 763 0.398407 -0.100364 
3.63308 7.70731 -0.253667 767 0.401697 -0.0650799 
4.46197 6.27165 0.273057 769 0.0775573 0.0714132 
4.61126 6.01306 1.59096 770 0.00333695 0.385388 
3.94821 7.16151 -0.305332 771 0.290037 -0.0746336 
5.03444 5.28009 -1.71136 772 -0.225085 -0.456638 
3.17581 8.49933 -0.450529 776 0.563931 -0.109048 
4.57465 6.07647 -0.980151 777 0.0214077 -0.240398 
2.96438 8.86554 -0.466828 778 0.626094 -0.109221 
3.01964 8.76982 1.66075 782 0.586102 0.297755 
2.91765 8.94648 -1.66232 783 0.656939 -0.354682 
5.15479 5.07165 1.79947 785 -0.255319 0.480751 
5.70086 4.12582 1.37764 788 -0.58637 0.428557 
4.09862 6.90098 -0.651429 789 0.225848 -0.154143 
3.94393 7.16891 1.20445 790 0.285257 0.262435 
5.12308 5.12656 1.56711 791 -0.242164 0.422716 
2.7584 9.22231 -0.310632 792 0.68535 -0.0808543 
5.18216 5.02423 -0.915456 795 -0.30113 -0.239038 
4.59582 6.03981 -1.8766 800 0.00694857 -0.474007 
4.05686 6.97332 -1.81735 802 0.257485 -0.435226 
3.73411 7.53233 -1.49404 804 0.373523 -0.348727 
4.51996 6.17121 -1.82406 806 0.0470524 -0.46008 
3.68413 7.6189 -0.207288 807 0.392159 -0.0546656 
5.66896 4.18107 1.48268 810 -0.564375 0.451146 
5.10188 5.16328 -1.16456 819 -0.250332 -0.30494 
5.52148 4.43652 -0.0547931 822 -0.492622 0.00848725 
3.75485 7.49641 -1.09591 823 0.370135 -0.251924 
5.84215 3.8811 1.25316 824 -0.682819 0.402561 
5.5405 4.40357 -1.44396 835 -0.532733 -0.409117 
3.57856 7.80176 -0.875216 840 0.431644 -0.200324 
2.75988 9.21974 0.955628 841 0.668953 0.158824 
4.78716 5.7084 1.97587 843 -0.070007 0.488594 
3.12713 8.58365 0.949699 846 0.56156 0.171823 
4.15625 6.80116 -0.0422045 847 0.205163 -0.0126945 
4.99376 5.35056 -0.727822 848 -0.189752 -0.18261 
3.4808 7.97107 -1.62753 851 0.466459 -0.365562 
3.61746 7.73437 -1.94874 852 0.427563 -0.444835 
3.11682 8.6015 1.29664 853 0.560289 0.240764 
3.59494 7.77338 0.739111 854 0.412471 0.147423 
5.62913 4.25005 -0.845981 855 -0.578897 -0.223937 
3.21408 8.43306 1.15774 858 0.538149 0.217245 
3.63106 7.71081 -1.67758 859 0.422898 -0.38251 
3.27878 8.32099 -1.03834 860 0.531395 -0.228597 
4.56207 6.09827 -1.67131 861 0.0301926 -0.421312 
5.34442 4.7432 -0.804129 863 -0.397082 -0.209598 
4.3546 6.4576 0.374594 864 0.116932 0.0902015 
4.06751 6.95487 -1.6458 865 0.249721 -0.393241 
3.50474 7.92962 1.97827 867 0.434381 0.391295 
4.94977 5.42675 -0.328941 868 -0.164893 -0.0755428 
2.83011 9.0981 -0.827008 869 0.669176 -0.182283 
3.62176 7.72692 0.659348 870 0.404914 0.130568 
4.25903 6.62315 1.93355 875 0.161145 0.435111 
4.41808 6.34766 -1.43643 876 0.0972654 -0.356452 
2.74336 9.24836 0.533191 877 0.679965 0.0844512 
5.30638 4.80908 -0.846641 879 -0.371677 -0.218073 
4.56699 6.08973 -1.84141 883 0.0247253 -0.463516 
4.79043 5.70272 0.841803 884 -0.0783723 0.220268 
5.48992 4.49117 1.01765 885 -0.4595 0.30466 
3.47475 7.98155 1.30736 888 0.448369 0.257072 
3.96207 7.13749 -0.131759 891 0.279371 -0.0361728 
4.38822 6.39938 -1.26668 892 0.112372 -0.309933 
5.33186 4.76494 0.690372 894 -0.367405 0.206462 
5.07479 5.21021 -0.592079 897 -0.231312 -0.145187 
3.79506 7.42677 -1.15471 899 0.353447 -0.26542 
4.24153 6.65346 -1.08896 903 0.172275 -0.262052 
4.97651 5.38043 -1.78963 905 -0.187533 -0.476 
5.14042 5.09654 0.266927 906 -0.263068 0.0908898 
4.61439 6.00765 -1.15812 909 -0.00106565 -0.286034 
4.70431 5.85189 0.465414 910 -0.0422781 0.124295 
4.24347 6.65009 0.760465 912 0.167788 0.174367 
3.15471 8.53588 -0.806247 915 0.569333 -0.182817 
3.62319 7.72445 -0.430218 916 0.416171 -0.101711 
3.37491 8.15449 -1.18787 917 0.499046 -0.266293 
3.88292 7.27458 0.732852 918 0.308894 0.156911 
4.81756 5.65573 0.693441 919 -0.0913478 0.188561 
3.5513 7.84897 1.93783 920 0.42239 0.379731 
4.74735 5.77734 -1.4318 921 -0.0644506 -0.36494 
3.89561 7.2526 -0.984565 922 0.313356 -0.233946 
3.15548 8.53455 -1.95746 923 0.580743 -0.430014 
3.45706 8.01219 0.602811 925 0.463092 0.111457 
4.92972 5.46147 0.685045 928 -0.150426 0.183456 
3.20202 8.45395 0.188458 931 0.550475 0.0234978 
4.89688 5.51835 -1.08993 939 -0.139772 -0.278428 
4.93218 5.45722 -0.369873 940 -0.156481 -0.0853284 
3.59191 7.77864 1.36064 942 0.413483 0.271288 
5.5287 4.42402 0.271974 943 -0.496143 0.109123 
5.34394 4.74403 -0.45553 947 -0.388664 -0.105615 
5.80798 3.94029 0.203205 953 -0.684767 0.0941859 
3.89811 7.24827 1.30532 954 0.302397 0.274119 
3.02515 8.76029 0.646829 955 0.599626 0.108502 
2.99518 8.81219 -1.02389 956 0.622434 -0.223262 
4.95506 5.41758 -0.74361 957 -0.173067 -0.18644 
2.88729 8.99907 -0.922446 958 0.65159 -0.201302 
5.615 4.27453 -0.380425 961 -0.560504 -0.0836483 
5.54904 4.38878 0.419383 964 -0.503505 0.144372 
4.28105 6.58501 -0.348295 969 0.153726 -0.0836036 
5.19076 5.00935 -1.7233 970 -0.313764 -0.471909 
5.51039 4.45573 1.34352 972 -0.468918 0.402461 
4.4012 6.3769 -1.37641 973 0.101201 -0.339698 
2.80084 9.14881 -0.0563065 974 0.671948 -0.0295579 
4.30329 6.54648 1.81023 975 0.142661 0.415143 
4.12313 6.85854 -0.122495 977 0.221633 -0.0290922 
2.74799 9.24035 0.800252 981 0.673851 0.130518 
4.93575 5.45104 -0.7803 984 -0.15838 -0.19554 
5.51818 4.44223 -1.47775 990 -0.516094 -0.416878 
5.75493 4.03217 1.14041 991 -0.629028 0.366571 
4.40456 6.37107 0.274064 992 0.102511 0.0680579 
4.26624 6.61065 0.689474 996 0.158981 0.161487 
4.40907 6.36327 1.15293 997 0.0961398 0.268624 
4.63799 5.96676 0.669191 998 -0.00299938 0.174176 
