7 -0.0623122 -3.31422 152 0.685714 -0.163443 
7 0.36994 -1.65205 155 0.283213 -0.0606226 
7 0.947338 -0.351981 158 -0.0323828 0.0755725 
7 0.343459 -2.54532 160 0.493649 -0.0665588 
7 -0.647617 -0.188366 161 -0.0735836 -0.324868 
7 1.08732 -1.94397 162 0.337547 0.104342 
7 -0.724268 -3.10497 165 0.662288 -0.332349 
7 0.725336 0.960833 171 -0.356379 0.0251365 
7 1.97211 0.0439567 176 -0.123759 0.300556 
7 1.44234 0.716532 178 -0.285967 0.189641 
7 -0.518283 -3.0968 179 0.652297 -0.278632 
7 -0.443496 -0.586995 184 0.0295581 -0.268084 
7 -1.20096 -0.713027 185 0.0668526 -0.477912 
7 -0.746732 -0.782938 186 0.0819354 -0.349272 
7 -1.07027 0.309808 197 -0.209389 -0.447003 
7 1.83558 -1.14915 198 0.147197 0.267078 
