-3.17768 1.79522 -7 101 0.358551 0.333947 
-4.55559 -0.250499 -7 105 0.678278 -0.195388 
-2.11042 -0.0563179 -7 106 0.108733 -0.16372 
-0.235026 1.16667 -7 114 -0.49176 0.237283 
-0.0787955 1.33173 -7 116 -0.548269 0.296566 
-1.66978 1.93068 -7 118 -0.0234075 0.420039 
-3.56835 0.827876 -7 121 0.457721 0.0800886 
-2.10211 -0.684594 -7 129 0.110383 -0.357089 
-3.11373 -0.303232 -7 130 0.369523 -0.225109 
-1.59533 0.795126 -7 132 -0.042481 0.0935155 
-3.58737 1.4874 -7 135 0.45255 0.246647 
-0.615215 -0.161545 -7 146 -0.366157 -0.214591 
