-7 0.21307 2.3409 51 -0.140025 -0.14324 
-7 -0.503339 4.01391 52 0.216862 -0.273483 
-7 -0.64261 4.44771 54 0.296416 -0.293004 
-7 -0.441068 2.32778 56 -0.135856 -0.30342 
-7 1.81819 2.50338 57 -0.120783 0.22058 
-7 1.50288 1.91462 59 -0.253378 0.157745 
-7 0.78654 5.75191 68 0.467075 0.00246241 
-7 -0.100249 4.19611 69 0.241582 -0.183684 
-7 -1.07602 2.04225 70 -0.199635 -0.478077 
-7 -0.527577 4.46053 71 0.296181 -0.268394 
-7 -0.14175 5.47309 72 0.448267 -0.172446 
-7 1.61955 6.53315 73 0.551877 0.14455 
-7 1.51818 2.67054 81 -0.0811848 0.154106 
-7 0.883221 6.2108 82 0.527362 0.0204449 
-7 -0.72299 3.2493 84 0.0725756 -0.343768 
-7 1.48523 2.57162 86 -0.102183 0.147825 
-7 1.20864 2.59145 88 -0.0946516 0.0870534 
-7 1.46933 5.82185 93 0.461506 0.12317 
-7 -0.576654 5.65743 96 0.485461 -0.253152 
-7 -1.0576 1.73598 99 -0.280197 -0.487668 
