7 -0.0623122 -3.31422 152 0.181733 0.025108 
7 0.36994 -1.65205 155 -0.187851 0.122979 
7 -1.59791 -6.35011 157 0.686163 -0.24361 
7 0.947338 -0.351981 158 -0.547919 0.282817 
7 1.75895 -5.06184 159 0.486569 0.392102 
7 0.343459 -2.54532 160 0.0201417 0.115028 
7 -0.647617 -0.188366 161 -0.583547 -0.151069 
7 1.08732 -1.94397 162 -0.121365 0.295289 
7 0.863395 -4.44339 163 0.38637 0.218922 
7 -0.724268 -3.10497 165 0.142901 -0.122033 
7 -0.863938 -6.09367 166 0.648857 -0.113101 
7 1.33843 -4.95324 172 0.470222 0.309891 
7 0.759759 -5.08223 173 0.492671 0.19379 
7 -0.518283 -3.0968 179 0.140318 -0.0766996 
7 0.741437 -4.00824 180 0.309842 0.196629 
7 -0.563655 -4.89557 181 0.466421 -0.0680371 
7 0.831841 -5.58946 182 0.571223 0.204739 
7 1.69172 -5.79597 183 0.599996 0.367048 
7 -0.443496 -0.586995 184 -0.466667 -0.0897942 
7 -1.20096 -0.713027 185 -0.424627 -0.285171 
7 -0.746732 -0.782938 186 -0.408582 -0.165738 
7 0.0865561 -4.29161 189 0.36264 0.0596973 
7 -1.97934 -4.46413 190 0.399202 -0.357859 
7 -1.56385 -0.742436 193 -0.413516 -0.378081 
7 1.83558 -1.14915 198 -0.327699 0.499671 
