-7 0.0943094 -5.21035 64 626.975 362.149 
-7 1.11392 -6.02536 65 541.33 444.739 
-7 0.886694 -5.35798 67 608.299 441.507 
-7 0.694743 -5.33965 78 610.89 421.805 
-7 1.12101 -6.65735 79 490.381 429.209 
-7 -1.84392 -6.0007 85 556.201 185.373 
-7 -0.295975 -5.19552 90 629.56 322.53 
-7 0.592834 -6.66606 94 492.708 384.172 
-7 -0.609874 -5.90804 100 559.272 288.766 
-5.46333 -1.29075 -7 102 400.27 209.758 
-4.55559 -0.250499 -7 105 327.295 288.899 
-2.11042 -0.0563179 -7 106 49.5514 271.17 
-5.09885 0.316864 -7 107 361.251 348.797 
-6.22725 1.4028 -7 110 423.505 448.983 
-5.05591 -0.451909 -7 117 366.197 276.379 
-3.07632 -1.96878 -7 120 219.165 74.4803 
-3.56835 0.827876 -7 121 220.519 399.355 
-6.20015 -0.954561 -7 122 439.314 249.605 
-2.10211 -0.684594 -7 129 66.8574 185.237 
-3.11373 -0.303232 -7 130 191.755 260.2 
-6.2831 -0.370457 -7 140 439.656 297.477 
-5.05277 -1.83336 -7 148 379.454 154.776 
-6.46998 0.52855 -7 150 443.35 372.695 
