7 -1.49784 0.349314 151 50.0063 50.0971 
7 -0.0623122 -3.31422 152 463.653 240.552 
7 0.36994 -1.65205 155 295.961 285.155 
7 0.947338 -0.351981 158 144.22 352.941 
7 1.75895 -5.06184 159 597.246 407.583 
7 0.343459 -2.54532 160 388.369 281.743 
7 -0.647617 -0.188366 161 123.813 163.82 
7 1.08732 -1.94397 162 324.408 360.653 
7 0.863395 -4.44339 163 555.094 329.468 
7 -0.724268 -3.10497 165 448.036 171.75 
7 1.33843 -4.95324 172 592.027 370.896 
7 0.759759 -5.08223 173 606.271 318.399 
7 1.97211 0.0439567 176 94.5805 472.109 
7 1.44234 0.716532 178 4.35681 417.879 
7 -0.518283 -3.0968 179 446.081 193.199 
7 0.741437 -4.00824 180 519.812 319.101 
7 -0.563655 -4.89557 181 601.891 195.399 
7 -0.443496 -0.586995 184 174.388 190.731 
7 -1.20096 -0.713027 185 190.942 100.395 
7 -0.746732 -0.782938 186 198.864 155.72 
7 0.0865561 -4.29161 189 548.057 256.281 
7 -1.97934 -4.46413 190 577.664 52.9052 
7 -1.56385 -0.742436 193 195.121 56.2092 
7 -1.07027 0.309808 197 56.2149 106.406 
7 1.83558 -1.14915 198 236.726 444.74 
