1.69792 -0.977731 -7 104 0.686949 -0.497943 
5.64257 -0.481715 -7 109 -0.270375 -0.346861 
2.26927 0.767181 -7 111 0.370623 0.0407003 
2.74139 -0.240151 -7 113 0.289705 -0.263052 
4.50714 -1.04124 -7 119 -0.0755211 -0.474444 
2.98659 0.138239 -7 123 0.206778 -0.164253 
4.46367 -0.542201 -7 125 -0.0824987 -0.356347 
6.6867 0.183154 -7 127 -0.411326 -0.228998 
3.77354 -0.887468 -7 133 0.0654845 -0.443049 
6.08103 -0.977971 -7 134 -0.319519 -0.447001 
3.34213 1.4046 -7 137 0.0724944 0.135348 
4.29646 -0.0380129 -7 139 -0.0672219 -0.237614 
6.59087 -1.1778 -7 141 -0.379286 -0.482335 
4.8725 1.3091 -7 142 -0.198312 0.0334978 
6.26277 1.2623 -7 143 -0.380022 -0.0275626 
1.9715 1.13953 -7 144 0.439865 0.167538 
1.45576 0.553777 -7 145 0.660848 0.0301262 
7 -0.863938 -6.09367 166 -0.596148 -0.477848 
7 1.69172 -5.79597 183 -0.686838 0.0355577 
7 0.781169 -6.98961 200 -0.454582 -0.13059 
