-7 -0.29883 -1.326 55 478.855 157.101 
-7 0.46862 -2.98529 58 297.623 240.778 
-7 -1.05185 -1.49538 60 460.517 66.302 
-7 -1.03485 -3.75523 61 223.673 88.584 
-7 -0.184126 -2.39523 62 355.987 172.744 
-7 1.26508 -0.184774 63 621.98 350.276 
-7 0.0943094 -5.21035 64 114.152 201.428 
-7 1.11392 -6.02536 65 65.8437 285.244 
-7 0.886694 -5.35798 67 108.323 269.765 
-7 1.34911 -4.82912 74 147.982 312.303 
-7 0.577231 -1.47952 76 456.987 258.676 
-7 0.694743 -5.33965 78 108.503 253.492 
-7 1.12101 -6.65735 79 27.4893 282.567 
-7 0.821262 -3.48263 80 253.125 273.247 
-7 -1.84392 -6.0007 85 47.5688 29.6782 
-7 1.69039 -1.92004 89 404.806 373.472 
-7 -0.295975 -5.19552 90 112.996 166.444 
-7 1.40697 -4.3308 91 185.475 321.18 
-7 0.312724 -0.335245 92 608.661 232.252 
-7 0.592834 -6.66606 94 23.2981 240.946 
-7 -1.56958 -3.12031 95 281.112 24.6137 
-7 -1.20087 -3.87679 97 212.456 72.3588 
-7 1.52805 -2.92335 98 304.856 345.409 
-7 -0.609874 -5.90804 100 62.2263 140.273 
