-7 0.46862 -2.98529 58 607.449 218.213 
-7 -1.03485 -3.75523 61 502.837 65.7427 
-7 0.0943094 -5.21035 64 380.353 199.278 
-7 1.11392 -6.02536 65 332.175 284.91 
-7 0.886694 -5.35798 67 375.417 267.144 
-7 1.34911 -4.82912 74 419.553 307.84 
-7 0.694743 -5.33965 78 375.32 251.053 
-7 1.12101 -6.65735 79 295.139 284.47 
-7 0.821262 -3.48263 80 547.319 259.536 
-7 -1.84392 -6.0007 85 311.54 49.1902 
-7 -0.295975 -5.19552 90 378.506 165.274 
-7 1.40697 -4.3308 91 463.384 315.676 
-7 0.592834 -6.66606 94 290.861 246.047 
-7 -1.20087 -3.87679 97 488.569 51.6921 
-7 1.52805 -2.92335 98 623.108 339.492 
-7 -0.609874 -5.90804 100 326.807 147.988 
-5.46333 -1.29075 -7 102 161.164 95.3905 
-4.55559 -0.250499 -7 105 91.2618 189.668 
-5.09885 0.316864 -7 107 148.281 241.496 
-6.22725 1.4028 -7 110 237.734 316.395 
-5.05591 -0.451909 -7 117 136.236 169.881 
-6.20015 -0.954561 -7 122 216.346 131.092 
-3.58737 1.4874 -7 135 0.396277 400.014 
-6.2831 -0.370457 -7 140 226.434 177.94 
-5.05277 -1.83336 -7 148 120.458 37.1155 
-6.46998 0.52855 -7 150 244.686 246.545 
