-5.21737 5.07065 -0.784054 2 326.957 100.821 
-6.30704 4.44153 1.88748 3 475.222 396.046 
-4.28285 5.6102 -0.35009 4 194.962 152.634 
-7.56816 3.71342 -1.91336 13 567.018 0.908492 
-7.32861 3.85173 1.20236 16 567.787 310.291 
-4.55705 5.45189 0.173982 17 240.814 218.887 
-7.27042 3.88532 -0.762006 28 549.797 112.973 
-3.73636 5.92572 1.85444 31 125.306 462.693 
-5.58769 4.85685 -0.0889875 33 379.635 184.054 
-4.90516 5.25091 0.957061 35 299.476 314.821 
-3.74583 5.92025 -0.779907 36 104.703 93.4423 
-4.01906 5.7625 0.688089 42 161.931 293.95 
-6.52013 4.31851 -0.668232 44 476.429 117.604 
-5.48126 4.9183 1.10702 45 374.584 323.117 
-5.01404 5.18805 -1.36312 47 295.774 29.7852 
-5.40315 4.96339 -0.284863 49 353.077 161.775 
-3.33545 6.15718 -0.435976 52 29.4429 141.577 
-6.99514 4.04426 0.162238 53 528.973 206.636 
-7.12929 3.9668 -0.413303 57 537.886 148.042 
-7.76282 3.60104 -1.23079 58 588.194 68.7339 
-4.59121 5.43217 1.87801 62 260.338 437.98 
-6.35552 4.41354 0.367926 65 468.705 231.147 
-3.74961 5.91807 1.32639 66 122.552 387.23 
-6.73615 4.19379 -0.772225 73 498.327 110.207 
-4.04408 5.74805 -1.06717 77 151.686 55.5597 
-4.14277 5.69108 0.84443 78 186.086 311.752 
-7.01524 4.03265 0.767731 80 536.075 265.211 
-6.84889 4.1287 -1.69131 81 502.658 17.3175 
-4.32489 5.58593 1.53801 86 218.742 400.601 
-4.13014 5.69837 -1.41351 88 162.905 10.8705 
-7.84704 3.55241 -1.4571 93 592.399 48.5502 
-6.07518 4.57539 0.411442 94 439.859 235.461 
-6.7471 4.18746 0.728183 95 509.605 266.743 
-6.83682 4.13566 0.932129 96 520.833 285.385 
-3.79213 5.89352 1.97511 97 135.827 475.417 
-5.96131 4.64114 0.2828 99 424.844 222.601 
-5.72779 4.77596 -0.0479517 100 396.819 189.259 
-3.51194 6.05528 0.00121058 101 68.3393 203.335 
-4.97487 5.21066 0.882942 102 308.335 305.572 
-8.30606 3.2874 -0.374033 103 638.386 151.584 
-6.83515 4.13663 0.928504 104 521.484 285.438 
-6.45698 4.35497 0.0373591 113 477.271 195.299 
-5.86459 4.69698 1.11578 115 420.453 317.774 
-3.7582 5.9131 1.64694 119 127.268 431.683 
-4.62783 5.41102 -0.263344 122 249.64 164.828 
-5.82616 4.71917 1.05356 123 416.701 312.344 
-7.76272 3.6011 -1.33649 124 587.012 59.6187 
-4.37657 5.55609 0.727218 125 219.81 293.272 
-6.48824 4.33692 0.602459 130 483.073 253.19 
-8.31486 3.28232 -0.998132 134 635.099 93.9451 
-7.54306 3.72791 -0.636474 136 575.321 125.754 
-8.32648 3.27561 -0.916176 137 636.083 101.1 
-7.75055 3.60812 0.607921 138 599.351 244.046 
-6.25679 4.47054 0.905937 144 462.395 292.507 
-5.45173 4.93535 -0.474326 153 358.18 136.85 
-7.61388 3.68703 -1.43304 154 573.605 48.8941 
-5.18032 5.09204 -1.54133 165 316.019 8.53344 
-5.69185 4.79671 -0.755463 167 386.473 106.579 
-6.08649 4.56887 1.43535 170 446.905 349.441 
-6.68884 4.2211 0.597207 171 504.539 252.315 
-7.21392 3.91795 1.54448 173 561.631 342.999 
-7.83448 3.55966 -0.735079 174 597.901 116.357 
-5.13805 5.11645 1.50194 175 335.779 376.841 
-6.73975 4.1917 -1.74479 178 492.863 8.88083 
-5.92197 4.66385 1.33939 179 428.594 342.62 
-5.55644 4.87489 1.22347 180 384.462 334.498 
-5.92731 4.66077 1.73781 182 432.439 388.571 
-5.70558 4.78878 -0.80519 184 387.803 100.295 
-7.69247 3.64165 -1.44056 186 581.062 46.9572 
-4.00147 5.77265 1.17768 189 164.004 359.87 
-6.79289 4.16102 0.492295 190 513.511 239.957 
-3.97857 5.78587 -1.48671 197 136.711 0.0817079 
-3.48498 6.07085 0.402763 199 67.8765 261.896 
-4.54546 5.45858 1.2223 207 248.819 353.893 
-6.12407 4.54717 1.70161 211 451.811 379.543 
-4.20889 5.6529 1.89089 215 205.319 450.524 
-6.59885 4.27306 -1.66716 216 478.049 15.0873 
-5.75689 4.75916 -1.40167 219 387.203 34.4779 
-4.56488 5.44737 -0.00874334 220 243.545 197.712 
-3.28265 6.18767 0.466932 221 27.5201 273.855 
-7.86451 3.54233 1.45463 223 615.074 323.58 
-7.66224 3.65911 -1.56845 226 577.172 34.1575 
-7.55688 3.71994 1.11487 232 588.167 296.023 
-6.86074 4.12186 0.00652214 233 516.809 190.034 
-5.83224 4.71566 -1.67191 237 397.11 3.77436 
-7.02658 4.02611 -1.06432 239 526.273 82.221 
-8.03402 3.44446 -0.562411 242 613.735 132.648 
-4.83444 5.29174 -0.69456 244 274.528 113.153 
-8.14068 3.38288 -0.0878003 245 627.292 178.13 
-6.54441 4.30449 1.25315 248 494.41 324.002 
-3.8183 5.87841 -0.432496 250 119.384 141.77 
