-4.80195 0.41523 7 21 633.164 180.898 
-5.37012 0.037908 7 24 581.937 139.837 
-5.21106 1.44812 7 29 572.727 273.181 
-5.40598 0.152698 7 30 576.626 150.788 
-5.875 -0.508694 7 36 546.188 89.1847 
-5.59816 -0.619665 7 42 571.99 76.4744 
-6.33365 0.109205 7 44 503.197 144.219 
-6.25916 0.145289 7 48 507.945 147.407 
-7 0.21307 2.3409 51 69.0242 114.276 
-7 -0.503339 4.01391 52 259.799 57.3195 
-7 -0.64261 4.44771 54 299.271 50.2304 
-7 -0.441068 2.32778 56 64.7242 29.5433 
-7 1.81819 2.50338 57 94.5257 297.846 
-7 1.50288 1.91462 59 15.2972 268.851 
-7 0.78654 5.75191 68 384.122 191.287 
-7 -0.100249 4.19611 69 274.255 101.889 
-7 -0.527577 4.46053 71 299.628 62.1967 
-7 -0.14175 5.47309 72 373.485 111.321 
-7 1.61955 6.53315 73 422.787 253.583 
-7 1.51818 2.67054 81 114.095 264.749 
-7 0.883221 6.2108 82 411.068 199.42 
-7 -0.72299 3.2493 84 181.926 16.6753 
-7 1.48523 2.57162 86 102.182 261.928 
-7 1.20864 2.59145 88 104.126 231.838 
-7 1.46933 5.82185 93 383.009 245.002 
-7 -0.576654 5.65743 96 389.553 74.6491 
