-7 -1.03485 -3.75523 61 541.434 71.7349 
-7 0.0943094 -5.21035 64 412.781 206.873 
-7 1.11392 -6.02536 65 361.398 293.761 
-7 0.886694 -5.35798 67 406.55 275.699 
-7 1.34911 -4.82912 74 452.161 317.622 
-7 0.694743 -5.33965 78 406.719 259.302 
-7 1.12101 -6.65735 79 323.304 293.225 
-7 0.821262 -3.48263 80 588.489 267.902 
-7 -1.84392 -6.0007 85 345.52 59.3909 
-7 -0.295975 -5.19552 90 411.423 172.757 
-7 1.40697 -4.3308 91 498.494 325.981 
-7 0.592834 -6.66606 94 319.897 254.347 
-7 -1.20087 -3.87679 97 526.596 58.1133 
-7 -0.609874 -5.90804 100 358.808 156.089 
-5.46333 -1.29075 -7 102 198.58 101.603 
-4.55559 -0.250499 -7 105 129.279 189.851 
-5.09885 0.316864 -7 107 181.421 243.434 
-6.22725 1.4028 -7 110 265.526 323.199 
-5.05591 -0.451909 -7 117 172.482 172.619 
-3.56835 0.827876 -7 121 25.373 315.21 
-6.20015 -0.954561 -7 122 249.912 138.324 
-3.58737 1.4874 -7 135 34.1096 393.16 
-6.2831 -0.370457 -7 140 258.299 184.564 
-5.05277 -1.83336 -7 148 162.395 44.5612 
-6.46998 0.52855 -7 150 274.13 253.395 
