1.69792 -0.977731 -7 104 326.118 167.71 
2.77254 -1.94854 -7 108 204.243 49.5007 
2.26927 0.767181 -7 111 235.83 404.098 
2.74139 -0.240151 -7 113 189.972 262.34 
4.50714 -1.04124 -7 119 22.3077 162.351 
2.98659 0.138239 -7 123 158.174 309.177 
0.474792 -0.485198 -7 124 505.561 242.248 
4.46367 -0.542201 -7 125 19.8626 218.022 
3.77354 -0.887468 -7 133 88.3526 179.504 
1.03314 -1.58354 -7 136 423.957 81.2412 
3.34213 1.4046 -7 137 104.407 469.008 
0.97797 0.750031 -7 138 416.918 428.347 
4.29646 -0.0380129 -7 139 28.5041 276.544 
1.9715 1.13953 -7 144 270.42 464.028 
1.45576 0.553777 -7 145 346.839 388.279 
0.206379 -1.0164 -7 147 553.456 160.483 
