-5.875 -0.508694 7 36 0.684452 -0.34855 
-6.33365 0.109205 7 44 0.572125 -0.222053 
-6.25916 0.145289 7 48 0.583775 -0.214944 
-7 0.21307 2.3409 51 -0.34343 -0.303422 
-7 -0.503339 4.01391 52 0.0434649 -0.419939 
-7 -0.64261 4.44771 54 0.1265 -0.434831 
-7 -0.441068 2.32778 56 -0.343692 -0.480824 
-7 1.81819 2.50338 57 -0.311461 0.0837305 
-7 1.50288 1.91462 59 -0.460703 0.0153376 
-7 0.78654 5.75191 68 0.293685 -0.120696 
-7 -0.100249 4.19611 69 0.0691218 -0.322841 
-7 -0.527577 4.46053 71 0.126075 -0.408693 
-7 -0.14175 5.47309 72 0.278606 -0.298614 
-7 1.61955 6.53315 73 0.371901 0.0214686 
-7 1.51818 2.67054 81 -0.27009 0.0158947 
-7 0.883221 6.2108 82 0.351592 -0.100591 
-7 -0.72299 3.2493 84 -0.111565 -0.507915 
-7 1.48523 2.57162 86 -0.293118 0.00883915 
-7 1.20864 2.59145 88 -0.286454 -0.0544122 
-7 1.46933 5.82185 93 0.285932 -0.00153196 
-7 -0.576654 5.65743 96 0.317073 -0.379473 
