2.56137 9.56171 -1.26435 9 572 78.4768 
1.53151 8.96712 0.925447 27 635.674 283.557 
1.89409 9.17646 -0.898766 30 630.674 102.769 
2.2299 9.37034 -1.63427 48 607.811 37.8742 
2.502 9.52743 1.21213 60 537.07 282.314 
2.48091 9.51526 -1.52748 64 581.481 52.5818 
1.84359 9.1473 -0.734752 70 634.965 120.268 
2.0992 9.29488 1.12901 72 571.499 283.482 
2.43447 9.48845 -1.27169 74 582.743 75.2928 
2.20527 9.35612 0.861552 89 568.493 260.119 
1.68572 9.05615 0.970133 121 616.99 282.748 
2.0713 9.27877 -0.869126 143 612.022 106.563 
2.40916 9.47383 1.43867 146 540.421 302.245 
2.34296 9.43561 0.313575 151 564.527 212.817 
1.50761 8.95332 1.78202 225 620.85 364.052 
2.3848 9.45977 -0.140995 231 568.65 174.981 
2.1672 9.33414 0.137181 241 584.154 198.201 
2.5324 9.54499 -0.521146 243 561.31 140.514 
2.29158 9.40595 0.467399 249 566.243 224.623 
3.95041 7.15768 -0.115486 754 355.728 143.575 
5.20903 4.97769 -0.50044 755 50.2705 41.2893 
4.55568 6.10933 1.89736 756 210.696 355.61 
4.31954 6.51834 0.440036 760 276.927 199.22 
2.79672 9.15593 1.45335 762 501.762 299.119 
3.65369 7.67162 -0.409443 763 410.467 123.182 
3.63308 7.70731 -0.253667 767 411.18 140.265 
4.46197 6.27165 0.273057 769 247.764 174.765 
4.61126 6.01306 1.59096 770 199.977 321.771 
3.94821 7.16151 -0.305332 771 358.574 124.135 
3.17581 8.49933 -0.450529 776 482.693 132.893 
4.57465 6.07647 -0.980151 777 234.936 16.5088 
2.96438 8.86554 -0.466828 778 510.926 137.468 
3.01964 8.76982 1.66075 782 472.294 315.522 
2.91765 8.94648 -1.66232 783 535.25 27.83 
5.15479 5.07165 1.79947 785 59.1373 355.104 
4.09862 6.90098 -0.651429 789 335.187 79.4077 
3.94393 7.16891 1.20445 790 341.098 280.698 
5.12308 5.12656 1.56711 791 70.3971 325.447 
2.7584 9.22231 -0.310632 792 534.761 152.814 
3.73411 7.53233 -1.49404 804 412.765 3.06576 
3.68413 7.6189 -0.207288 807 403.316 142.641 
2.74211 9.25053 -1.73828 813 557.408 27.0924 
3.75485 7.49641 -1.09591 823 403.084 47.1723 
3.57856 7.80176 -0.875216 840 430.691 76.893 
2.75988 9.21974 0.955628 841 515.487 260.385 
4.78716 5.7084 1.97587 843 155.259 366.865 
3.12713 8.58365 0.949699 846 468.875 258.601 
4.15625 6.80116 -0.0422045 847 315.058 147.833 
4.99376 5.35056 -0.727822 848 119.644 25.7939 
3.4808 7.97107 -1.62753 851 455.969 2.85652 
3.11682 8.6015 1.29664 853 465.61 287.793 
3.59494 7.77338 0.739111 854 404.384 234.787 
3.21408 8.43306 1.15774 858 452.109 275.944 
3.27878 8.32099 -1.03834 860 477.171 72.1783 
4.3546 6.4576 0.374594 864 271.96 189.083 
3.50474 7.92962 1.97827 867 400.697 347.976 
4.94977 5.42675 -0.328941 868 128.809 82.8736 
2.83011 9.0981 -0.827008 869 533.989 108.158 
3.62176 7.72692 0.659348 870 400.645 229.802 
4.25903 6.62315 1.93355 875 275.023 355.468 
2.74336 9.24836 0.533191 877 522.828 223.49 
4.79043 5.70272 0.841803 884 164.151 238.086 
3.47475 7.98155 1.30736 888 414.796 288.129 
3.96207 7.13749 -0.131759 891 353.792 143.264 
5.33186 4.76494 0.690372 894 7.98063 210.912 
5.07479 5.21021 -0.592079 897 93.871 37.7783 
3.79506 7.42677 -1.15471 899 399.195 39.5494 
4.24153 6.65346 -1.08896 903 311.307 23.937 
5.14042 5.09654 0.266927 906 70.457 157.024 
4.70431 5.85189 0.465414 910 187.784 195.052 
4.24347 6.65009 0.760465 912 289.309 232.197 
3.15471 8.53588 -0.806247 915 489.888 101.413 
3.62319 7.72445 -0.430218 916 415.128 120.604 
3.37491 8.15449 -1.18787 917 465.728 52.839 
3.88292 7.27458 0.732852 918 357.729 234.181 
4.81756 5.65573 0.693441 919 159 218.673 
3.5513 7.84897 1.93783 920 395.98 345.311 
3.89561 7.2526 -0.984565 922 379.121 52.5302 
2.665 9.38408 0.586617 924 531.106 232.16 
3.45706 8.01219 0.602811 925 426.348 224.798 
4.92972 5.46147 0.685045 928 128.442 218.462 
3.20202 8.45395 0.188458 931 469.908 190.102 
2.78152 9.18227 -1.96749 936 555.245 3.91395 
4.93218 5.45722 -0.369873 940 136.117 78.5132 
3.59191 7.77864 1.36064 942 396.882 294.251 
5.34394 4.74403 -0.45553 947 2.86256 40.5812 
3.89811 7.24827 1.30532 954 347.216 291.505 
3.02515 8.76029 0.646829 955 486.41 231.905 
2.99518 8.81219 -1.02389 956 514.81 86.0935 
4.95506 5.41758 -0.74361 957 131.273 23.7295 
2.88729 8.99907 -0.922446 958 527.339 96.5416 
4.28105 6.58501 -0.348295 969 294.204 109.468 
2.80084 9.14881 -0.0563065 974 522.495 176.03 
4.30329 6.54648 1.81023 975 267.516 343.422 
4.12313 6.85854 -0.122495 977 325.351 136.995 
2.74799 9.24035 0.800252 981 516.787 248.615 
4.93575 5.45104 -0.7803 984 138.415 19.2605 
4.40456 6.37107 0.274064 992 260.124 177.782 
4.26624 6.61065 0.689474 996 286.061 226.882 
4.40907 6.36327 1.15293 997 250.116 275.525 
4.63799 5.96676 0.669191 998 202.332 219.92 
