0.794442 1.97164 -7 103 -0.456235 0.489344 
-2.11042 -0.0563179 -7 106 0.372818 -0.317094 
-0.235026 1.16667 -7 114 -0.15546 0.164768 
-0.0787955 1.33173 -7 116 -0.19799 0.226891 
-1.66978 1.93068 -7 118 0.319409 0.312108 
0.474792 -0.485198 -7 124 -0.503511 -0.360153 
-2.10211 -0.684594 -7 129 0.346329 -0.521015 
-3.11373 -0.303232 -7 130 0.650364 -0.430658 
-1.59533 0.795126 -7 132 0.253239 -0.0261224 
0.97797 0.750031 -7 138 -0.603628 0.0996381 
-0.615215 -0.161545 -7 146 -0.100803 -0.292049 
