-7 0.21307 2.3409 51 372.445 323.704 
-7 -0.503339 4.01391 52 529.402 249.537 
-7 -0.64261 4.44771 54 565.821 236.82 
-7 -0.441068 2.32778 56 371.686 253.169 
-7 1.50288 1.91462 59 326.107 469.495 
-7 1.26508 -0.184774 63 70.2837 462.765 
-7 -1.45394 1.58819 66 295.104 140.108 
-7 -0.100249 4.19611 69 545.2 289.327 
-7 -1.07602 2.04225 70 342.938 184.019 
-7 -0.527577 4.46053 71 566.974 247.925 
-7 -1.87164 2.51938 75 391.98 103.602 
-7 1.51818 2.67054 81 404.843 463.879 
-7 -1.9255 2.82609 83 421.722 100.892 
-7 -0.72299 3.2493 84 461.186 225.816 
-7 1.48523 2.57162 86 394.914 461.191 
-7 -0.166603 0.216342 87 129.339 282.478 
-7 1.20864 2.59145 88 397.097 430.766 
-7 0.312724 -0.335245 92 53.7358 342.717 
-7 -1.0576 1.73598 99 310.48 184.396 
