-7 0.21307 2.3409 51 0.390361 0.344804 
-7 -0.29883 -1.326 55 -0.560259 0.226012 
-7 -0.441068 2.32778 56 0.374224 0.17863 
-7 -1.05185 -1.49538 60 -0.587906 0.0267946 
-7 -1.45394 1.58819 66 0.187743 -0.0627607 
-7 -1.07602 2.04225 70 0.297181 0.0259829 
-7 -1.87164 2.51938 75 0.390167 -0.151818 
-7 0.577231 -1.47952 76 -0.628727 0.478725 
-7 -1.9255 2.82609 83 0.455278 -0.161796 
-7 -0.72299 3.2493 84 0.576439 0.109474 
-7 -0.166603 0.216342 87 -0.144387 0.255688 
-7 0.312724 -0.335245 92 -0.296231 0.390846 
-7 -1.0576 1.73598 99 0.226573 0.0299107 
