-7 0.0943094 -5.21035 64 596.537 335.57 
-7 1.11392 -6.02536 65 517.229 420.078 
-7 0.886694 -5.35798 67 580.191 413.054 
-7 0.694743 -5.33965 78 582.338 393.92 
-7 1.12101 -6.65735 79 468.589 407.973 
-7 -1.84392 -6.0007 85 527.481 167.638 
-7 -0.295975 -5.19552 90 598.398 297.258 
-7 0.592834 -6.66606 94 470.121 364.003 
-7 -0.609874 -5.90804 100 531.899 267.928 
-5.46333 -1.29075 -7 102 376.036 193.723 
-4.55559 -0.250499 -7 105 304.418 271.498 
-2.11042 -0.0563179 -7 106 20.1708 252.871 
-5.09885 0.316864 -7 107 339.617 330.686 
-6.22725 1.4028 -7 110 403.534 429.011 
-5.05591 -0.451909 -7 117 343.216 259.254 
-3.07632 -1.96878 -7 120 190.707 57.4486 
-3.56835 0.827876 -7 121 198.583 381.013 
-6.20015 -0.954561 -7 122 415.625 233.195 
-2.10211 -0.684594 -7 129 36.2929 166.572 
-3.11373 -0.303232 -7 130 166.463 242.496 
-3.58737 1.4874 -7 135 189.659 461.916 
-6.2831 -0.370457 -7 140 416.829 280.243 
-5.05277 -1.83336 -7 148 354.218 139.272 
-6.46998 0.52855 -7 150 421.848 354.088 
