-7 -1.78251 -2.62609 53 -0.25785 -0.423659 
-7 -0.29883 -1.326 55 0.0191208 -0.100718 
-7 0.46862 -2.98529 58 -0.361028 0.0752093 
-7 -1.05185 -1.49538 60 -0.015889 -0.275407 
-7 -1.03485 -3.75523 61 -0.495247 -0.254058 
-7 -0.184126 -2.39523 62 -0.226054 -0.0729343 
-7 1.26508 -0.184774 63 0.304803 0.302049 
-7 0.577231 -1.47952 76 -0.023248 0.1105 
-7 -1.86155 -2.22478 77 -0.172004 -0.446273 
-7 0.821262 -3.48263 80 -0.469679 0.152549 
-7 -0.166603 0.216342 87 0.411937 -0.0696164 
-7 1.69039 -1.92004 89 -0.137262 0.382204 
-7 1.40697 -4.3308 91 -0.648728 0.276658 
-7 0.312724 -0.335245 92 0.264807 0.051394 
-7 -1.56958 -3.12031 95 -0.361889 -0.372379 
-7 -1.20087 -3.87679 97 -0.516149 -0.287795 
-7 1.52805 -2.92335 98 -0.362337 0.324937 
