5.64257 -0.481715 -7 109 427.379 249.313 
6.30632 -1.54879 -7 115 375.782 173.682 
4.50714 -1.04124 -7 119 512.831 180.841 
4.46367 -0.542201 -7 125 524.147 229.796 
6.6867 0.183154 -7 127 370.279 307.353 
6.46481 -1.88245 -7 128 364.243 151.987 
3.77354 -0.887468 -7 133 595.504 179.216 
6.08103 -0.977971 -7 134 394.108 213.982 
4.29646 -0.0380129 -7 139 548.889 280.071 
6.59087 -1.1778 -7 141 363.645 205.758 
4.8725 1.3091 -7 142 510.791 415.511 
6.26277 1.2623 -7 143 404.604 393.396 
6.4687 -1.97232 -7 149 363.265 145.499 
7 -0.0623122 -3.31422 152 49.8325 333.733 
7 -1.59791 -6.35011 157 303.756 179.598 
7 1.75895 -5.06184 159 243.06 474.959 
7 0.863395 -4.44339 163 181.86 406.645 
7 -0.724268 -3.10497 165 17.1932 260.405 
7 -0.863938 -6.09367 166 293.976 234.854 
7 1.33843 -4.95324 172 230.632 438.687 
7 0.759759 -5.08223 173 236.118 381.841 
7 -0.518283 -3.0968 179 17.4573 284.37 
7 0.741437 -4.00824 180 137.468 405.805 
7 -0.563655 -4.89557 181 210.023 264.64 
7 0.831841 -5.58946 182 274.586 378.061 
7 1.69172 -5.79597 183 296.105 446.97 
7 0.0865561 -4.29161 189 160.978 332.585 
7 -1.97934 -4.46413 190 161.139 135.927 
7 0.781169 -6.98961 200 358.5 351.275 
