-4.80195 0.41523 7 21 526.011 242.94 
-5.92999 -1.73451 7 23 445.257 50.1532 
-5.37012 0.037908 7 24 479.332 204.064 
-5.21106 1.44812 7 29 485.018 330.085 
-5.40598 0.152698 7 30 475.973 214.148 
-3.76175 1.7333 7 32 629.146 402.964 
-5.875 -0.508694 7 36 444.383 156.366 
-4.02466 -0.174699 7 39 615.157 185.933 
-5.59816 -0.619665 7 42 464.802 145.472 
-6.33365 0.109205 7 44 412.823 206.67 
-6.25916 0.145289 7 48 417.219 209.767 
-7 -0.503339 4.01391 52 160.975 146.631 
-7 -0.64261 4.44771 54 202.337 135.652 
-7 0.78654 5.75191 68 303.011 260.235 
-7 -0.100249 4.19611 69 179.884 187.833 
-7 -0.527577 4.46053 71 203.676 146.953 
-7 -0.14175 5.47309 72 284.656 185.217 
-7 1.61955 6.53315 73 348.733 315.137 
-7 1.51818 2.67054 81 11.1008 375.269 
-7 0.883221 6.2108 82 331.399 264.457 
-7 -0.72299 3.2493 84 73.4034 115.859 
-7 1.46933 5.82185 93 306.973 312.579 
-7 -0.576654 5.65743 96 297.674 149.004 
