7 -1.49784 0.349314 151 -0.551931 -0.419148 
7 -0.0623122 -3.31422 152 0.342687 -0.00749385 
7 0.36994 -1.65205 155 -0.0220073 0.0892727 
7 0.947338 -0.351981 158 -0.346893 0.234145 
7 1.75895 -5.06184 159 0.630515 0.355367 
7 0.343459 -2.54532 160 0.177959 0.0820231 
7 -0.647617 -0.188366 161 -0.392284 -0.172635 
7 1.08732 -1.94397 162 0.0388042 0.251889 
7 0.863395 -4.44339 163 0.540608 0.185996 
7 -0.724268 -3.10497 165 0.309917 -0.157777 
7 1.33843 -4.95324 172 0.620297 0.27602 
7 0.759759 -5.08223 173 0.653375 0.162179 
7 1.97211 0.0439567 176 -0.450753 0.486444 
7 1.44234 0.716532 178 -0.641619 0.370783 
7 -0.518283 -3.0968 179 0.305216 -0.110809 
7 0.741437 -4.00824 180 0.46364 0.163346 
7 -0.563655 -4.89557 181 0.647966 -0.106846 
7 -0.443496 -0.586995 184 -0.283617 -0.114654 
7 -1.20096 -0.713027 185 -0.248466 -0.311342 
7 -0.746732 -0.782938 186 -0.231161 -0.190824 
7 0.0865561 -4.29161 189 0.527315 0.0267026 
7 -1.97934 -4.46413 190 0.599034 -0.421719 
7 -1.56385 -0.742436 193 -0.239632 -0.40813 
7 -1.07027 0.309808 197 -0.537679 -0.296581 
7 1.83558 -1.14915 198 -0.149435 0.430545 
