-7 -1.78251 -2.62609 53 -0.0717563 -0.517677 
-7 -0.29883 -1.326 55 0.232602 -0.172543 
-7 0.46862 -2.98529 58 -0.150889 0.00753698 
-7 -1.05185 -1.49538 60 0.193778 -0.362021 
-7 -1.03485 -3.75523 61 -0.303549 -0.322729 
-7 -0.184126 -2.39523 62 -0.0238149 -0.140456 
-7 1.26508 -0.184774 63 0.533225 0.240412 
-7 0.0943094 -5.21035 64 -0.553942 -0.0787855 
-7 1.11392 -6.02536 65 -0.673168 0.111271 
-7 0.886694 -5.35798 67 -0.573974 0.0750349 
-7 1.34911 -4.82912 74 -0.487729 0.171181 
-7 0.577231 -1.47952 76 0.188657 0.0448279 
-7 0.694743 -5.33965 78 -0.571911 0.0381186 
-7 0.821262 -3.48263 80 -0.24965 0.0802343 
-7 -1.84392 -6.0007 85 -0.684952 -0.454792 
-7 -0.166603 0.216342 87 0.674629 -0.144029 
-7 1.69039 -1.92004 89 0.0781213 0.30079 
-7 -0.295975 -5.19552 90 -0.553131 -0.156299 
-7 1.40697 -4.3308 91 -0.403556 0.19034 
-7 0.312724 -0.335245 92 0.499483 -0.0134541 
-7 -1.56958 -3.12031 95 -0.177742 -0.455055 
-7 -1.20087 -3.87679 97 -0.326786 -0.35754 
-7 1.52805 -2.92335 98 -0.138989 0.241356 
-7 -0.609874 -5.90804 100 -0.664684 -0.214622 
