-1.97014 0.361326 7 3 0.253569 0.0706744 
-3.49077 1.97493 7 8 -0.116541 0.521671 
-2.93389 0.906698 7 9 0.00188288 0.235545 
-2.14837 -1.21575 7 10 0.169296 -0.363034 
-4.80195 0.41523 7 21 -0.374439 0.12325 
-3.28746 -0.347612 7 22 -0.0934298 -0.0855247 
-5.92999 -1.73451 7 23 -0.534866 -0.27779 
-5.37012 0.037908 7 24 -0.462152 0.0496142 
-5.21106 1.44812 7 29 -0.43967 0.353553 
-5.40598 0.152698 7 30 -0.46754 0.0738898 
-2.84657 -0.836733 7 31 0.000165893 -0.224889 
-3.76175 1.7333 7 32 -0.177209 0.448421 
-2.21352 -0.0799941 7 33 0.173552 -0.0508223 
-5.875 -0.508694 7 36 -0.531209 -0.0498786 
-4.02466 -0.174699 7 39 -0.240234 -0.0232454 
-3.22548 0.288125 7 40 -0.0735481 0.0729115 
-5.59816 -0.619665 7 42 -0.49347 -0.0781952 
-3.26615 1.27581 7 43 -0.0724629 0.334551 
-6.33365 0.109205 7 44 -0.592254 0.0769039 
-2.70348 -0.732172 7 47 0.0355489 -0.205446 
-6.25916 0.145289 7 48 -0.583076 0.0829649 
