-3.17768 1.79522 -7 101 459.933 412.816 
-4.55559 -0.250499 -7 105 608.173 175.354 
-2.11042 -0.0563179 -7 106 350.381 184.891 
-0.235026 1.16667 -7 114 66.2726 365.248 
-0.0787955 1.33173 -7 116 38.7178 392.588 
-1.66978 1.93068 -7 118 283.56 451.298 
-3.56835 0.827876 -7 121 507.041 297.874 
-2.10211 -0.684594 -7 129 353.011 97.2733 
-3.11373 -0.303232 -7 130 469.669 159.342 
-1.59533 0.795126 -7 132 278.159 301.163 
-3.58737 1.4874 -7 135 503.354 373.398 
-0.615215 -0.161545 -7 146 131.028 157.575 
