-7 0.0943094 -5.21035 64 623.913 359.567 
-7 1.11392 -6.02536 65 538.921 442.373 
-7 0.886694 -5.35798 67 605.48 438.746 
-7 0.694743 -5.33965 78 608.024 419.098 
-7 1.12101 -6.65735 79 488.206 427.192 
-7 -1.84392 -6.0007 85 553.32 183.707 
-7 -0.295975 -5.19552 90 626.421 320.079 
-7 0.592834 -6.66606 94 490.453 382.256 
-7 -0.609874 -5.90804 100 556.527 286.774 
-5.46333 -1.29075 -7 102 397.875 208.251 
-4.55559 -0.250499 -7 105 325.04 287.238 
-2.11042 -0.0563179 -7 106 46.7133 269.383 
-5.09885 0.316864 -7 107 359.107 347.072 
-6.22725 1.4028 -7 110 421.513 447.094 
-5.05591 -0.451909 -7 117 363.927 274.752 
-3.07632 -1.96878 -7 120 216.424 72.8806 
-3.56835 0.827876 -7 121 218.351 397.592 
-6.20015 -0.954561 -7 122 436.962 248.061 
-2.10211 -0.684594 -7 129 63.9283 183.426 
-3.11373 -0.303232 -7 130 189.292 258.492 
-3.58737 1.4874 -7 135 208.107 478.961 
-6.2831 -0.370457 -7 140 437.387 295.849 
-5.05277 -1.83336 -7 148 376.969 153.329 
-6.46998 0.52855 -7 150 441.209 370.933 
