5.64257 -0.481715 -7 109 0.149972 -0.0008643 
6.30632 -1.54879 -7 115 0.0464388 -0.17215 
4.50714 -1.04124 -7 119 0.332756 -0.139051 
4.46367 -0.542201 -7 125 0.3514 -0.0320455 
6.6867 0.183154 -7 127 0.0270194 0.117897 
6.46481 -1.88245 -7 128 0.0231462 -0.221763 
3.77354 -0.887468 -7 133 0.502068 -0.132348 
6.08103 -0.977971 -7 134 0.0826909 -0.0813614 
3.34213 1.4046 -7 137 0.680793 0.462068 
4.29646 -0.0380129 -7 139 0.396886 0.0776334 
6.59087 -1.1778 -7 141 0.0188057 -0.103047 
4.8725 1.3091 -7 142 0.307346 0.356702 
6.26277 1.2623 -7 143 0.0930634 0.3029 
6.4687 -1.97232 -7 149 0.02143 -0.236334 
7 -1.59791 -6.35011 157 -0.112049 -0.164612 
7 1.75895 -5.06184 159 -0.261782 0.476826 
7 0.863395 -4.44339 163 -0.397846 0.334394 
7 -0.863938 -6.09367 166 -0.137123 -0.0419122 
7 1.33843 -4.95324 172 -0.288346 0.400831 
7 0.759759 -5.08223 173 -0.274102 0.27917 
7 0.741437 -4.00824 180 -0.499626 0.334273 
7 -0.563655 -4.89557 181 -0.32991 0.023642 
7 0.831841 -5.58946 182 -0.187551 0.269889 
7 1.69172 -5.79597 183 -0.142968 0.415285 
7 0.0865561 -4.29161 189 -0.444523 0.174012 
7 -1.97934 -4.46413 190 -0.441227 -0.26815 
7 0.781169 -6.98961 200 -8.68529e-05 0.210447 
