7 -0.0623122 -3.31422 152 0.087711 0.0345973 
7 0.36994 -1.65205 155 -0.290629 0.133453 
7 -1.59791 -6.35011 157 0.566908 -0.220141 
7 0.947338 -0.351981 158 -0.680826 0.303673 
7 1.75895 -5.06184 159 0.404066 0.403589 
7 0.343459 -2.54532 160 -0.0747681 0.124889 
7 1.08732 -1.94397 162 -0.22082 0.31181 
7 0.863395 -4.44339 163 0.297634 0.228393 
7 -0.724268 -3.10497 165 0.0458829 -0.11079 
7 -0.863938 -6.09367 166 0.538296 -0.0971831 
7 1.33843 -4.95324 172 0.384378 0.319775 
7 0.759759 -5.08223 173 0.401689 0.202433 
7 -0.518283 -3.0968 179 0.0441532 -0.0663486 
7 0.741437 -4.00824 180 0.220555 0.206385 
7 -0.563655 -4.89557 181 0.365477 -0.0553812 
7 0.831841 -5.58946 182 0.479014 0.212893 
7 1.69172 -5.79597 183 0.514997 0.376184 
7 -0.443496 -0.586995 184 -0.582817 -0.0846761 
7 -1.20096 -0.713027 185 -0.534286 -0.279325 
7 -0.746732 -0.782938 186 -0.519682 -0.160492 
7 0.0865561 -4.29161 189 0.268651 0.0692734 
7 -1.97934 -4.46413 190 0.290195 -0.332425 
7 -1.56385 -0.742436 193 -0.520948 -0.370047 
7 0.781169 -6.98961 200 0.667055 0.19469 
