-7 -1.78251 -2.62609 53 -0.297068 -0.395873 
-7 -0.29883 -1.326 55 -0.0238518 -0.0748492 
-7 0.46862 -2.98529 58 -0.407162 0.101234 
-7 -1.05185 -1.49538 60 -0.0578511 -0.247929 
-7 -1.03485 -3.75523 61 -0.537935 -0.22994 
-7 -0.184126 -2.39523 62 -0.269005 -0.0477916 
-7 1.26508 -0.184774 63 0.259746 0.328254 
-7 0.577231 -1.47952 76 -0.0670009 0.136409 
-7 -1.86155 -2.22478 77 -0.211465 -0.417182 
-7 0.821262 -3.48263 80 -0.519076 0.179981 
-7 -0.166603 0.216342 87 0.363185 -0.0430109 
-7 1.69039 -1.92004 89 -0.183609 0.412845 
-7 0.312724 -0.335245 92 0.219314 0.0769005 
-7 -1.56958 -3.12031 95 -0.40172 -0.346337 
-7 -1.20087 -3.87679 97 -0.55848 -0.2637 
-7 1.52805 -2.92335 98 -0.412085 0.355776 
