7 -1.49784 0.349314 151 75.6768 45.0375 
7 -0.0623122 -3.31422 152 486.131 233.833 
7 0.36994 -1.65205 155 318.207 278.301 
7 0.947338 -0.351981 158 169.974 344.3 
7 1.75895 -5.06184 159 617.906 400.786 
7 0.343459 -2.54532 160 410.004 275.017 
7 -0.647617 -0.188366 161 148.886 158.269 
7 1.08732 -1.94397 162 345.903 352.739 
7 0.863395 -4.44339 163 576.994 322.944 
7 -0.724268 -3.10497 165 471.383 164.476 
7 0.725336 0.960833 171 0.389565 323.419 
7 1.33843 -4.95324 172 613.511 364.374 
7 0.759759 -5.08223 173 629.323 312.054 
7 1.97211 0.0439567 176 123.182 458.641 
7 1.44234 0.716532 178 36.7351 405.988 
7 -0.518283 -3.0968 179 469.091 186.183 
7 0.741437 -4.00824 180 541.489 312.486 
7 -0.563655 -4.89557 181 627.986 187.788 
7 -0.443496 -0.586995 184 198.546 184.812 
7 -1.20096 -0.713027 185 214.53 94.2275 
7 -0.746732 -0.782938 186 222.499 149.747 
7 0.0865561 -4.29161 189 571.433 249.578 
7 -1.97934 -4.46413 190 606.531 41.4667 
7 -1.56385 -0.742436 193 218.544 49.496 
7 -1.07027 0.309808 197 82.4129 101.47 
7 1.83558 -1.14915 198 259.865 433.862 
