7.15996 -3.9491 0.231069 501 -0.383772 -0.193548 
7.75999 -3.60267 0.808332 502 -0.242164 -0.087288 
9.29836 -2.71449 1.94602 503 -0.00637988 0.0480269 
9.54954 -2.56948 1.62614 504 0.0193454 -0.00305281 
9.1254 -2.81435 -0.972402 505 -0.0548854 -0.406782 
7.62157 -3.68259 0.309022 516 -0.285668 -0.182729 
7.24861 -3.89792 -1.1423 520 -0.394294 -0.497138 
9.51565 -2.58904 1.12107 521 0.0136375 -0.0761666 
8.29682 -3.29273 -0.961132 526 -0.178485 -0.424165 
7.67594 -3.6512 1.18816 529 -0.253784 -0.0165194 
9.28962 -2.71954 -1.63781 531 -0.0361818 -0.517984 
7.01301 -4.03394 -0.97463 534 -0.454249 -0.471176 
7.77252 -3.59544 -0.54676 544 -0.270314 -0.35062 
8.80092 -3.00169 1.19755 545 -0.0721945 -0.0507927 
8.06725 -3.42528 1.6113 573 -0.17942 0.0437528 
7.62174 -3.68249 1.0201 577 -0.268422 -0.0433156 
5.95338 -4.64572 1.4698 588 -0.678293 0.131683 
6.59806 -4.27351 1.37278 589 -0.485812 0.0712502 
8.43181 -3.2148 -0.531218 590 -0.148233 -0.339519 
7.71485 -3.62873 -1.31027 594 -0.297596 -0.517642 
8.52047 -3.16361 0.124086 605 -0.126266 -0.220925 
8.21821 -3.33812 0.87683 609 -0.163661 -0.0845723 
8.95105 -2.91501 -0.0284258 613 -0.0655379 -0.247144 
8.58134 -3.12847 1.5153 614 -0.0994746 0.00647151 
8.24406 -3.3232 1.57934 624 -0.153025 0.0313036 
8.37201 -3.24932 -1.42691 633 -0.175816 -0.516204 
7.92744 -3.50599 0.853241 634 -0.214548 -0.083299 
7.04767 -4.01393 1.30024 635 -0.381577 0.0264152 
6.13888 -4.53862 1.31542 644 -0.628642 0.0815408 
7.74644 -3.6105 0.0375105 649 -0.264676 -0.236502 
7.0982 -3.98476 0.68195 653 -0.389549 -0.0999583 
7.02559 -4.02668 0.448994 659 -0.412225 -0.144746 
8.5643 -3.13831 0.571234 665 -0.112454 -0.146375 
8.78782 -3.00925 1.27741 666 -0.073186 -0.0362535 
8.98332 -2.89638 -0.0875092 671 -0.0613998 -0.256816 
6.39838 -4.3888 1.60708 675 -0.535929 0.135108 
8.96859 -2.90489 1.45636 680 -0.0497705 -0.0172915 
9.51544 -2.58916 0.00507541 681 0.0071992 -0.244013 
8.52145 -3.16304 1.28747 684 -0.112897 -0.0243825 
7.92479 -3.50752 1.32245 688 -0.20574 0.000502169 
8.15199 -3.37635 -0.280505 689 -0.19572 -0.297078 
8.26763 -3.30959 0.733282 692 -0.160075 -0.108454 
8.01947 -3.45286 0.702216 699 -0.202182 -0.111414 
7.30395 -3.86597 1.05537 703 -0.333232 -0.0282481 
6.39348 -4.39163 0.914159 705 -0.568339 -0.0251719 
7.22497 -3.91156 0.961317 706 -0.349508 -0.041359 
6.01108 -4.6124 1.08959 711 -0.676199 0.0408382 
8.16644 -3.36801 1.19775 712 -0.169683 -0.0320994 
8.51548 -3.16649 1.61138 714 -0.11104 0.0269802 
6.58729 -4.27973 1.46929 725 -0.495044 0.0858268 
9.11375 -2.82108 -0.331225 726 -0.0455355 -0.296094 
7.50171 -3.75179 -1.28329 731 -0.342061 -0.51915 
7.13639 -3.96271 -0.718485 732 -0.414446 -0.402787 
6.09889 -4.56171 1.10908 735 -0.647914 0.0399722 
9.10626 -2.8254 1.29642 737 -0.0355595 -0.0370383 
6.72719 -4.19896 0.433244 741 -0.492659 -0.142238 
8.61615 -3.10837 -1.12108 742 -0.129413 -0.449053 
8.54451 -3.14973 -0.0560757 747 -0.123472 -0.256614 
7.49302 -3.75681 0.49302 748 -0.305871 -0.14418 
9.02166 -1.62597 0.310692 751 0.144197 -0.2063 
8.84921 -1.32728 1.80752 757 0.195615 0.0483315 
9.23701 -1.99898 0.725578 758 0.092089 -0.132702 
8.51992 -0.756939 0.408137 759 0.302807 -0.193662 
7.75054 0.575679 1.75169 773 0.618619 0.101311 
7.65875 0.734657 0.495993 779 0.685893 -0.180395 
9.27207 -2.0597 -0.388348 784 0.0848156 -0.314322 
7.7677 0.545948 0.346374 797 0.630794 -0.221982 
8.5833 -0.866718 0.816146 801 0.284149 -0.1203 
8.79364 -1.23104 1.71911 805 0.213511 0.0365129 
7.79816 0.49319 1.85753 808 0.593396 0.119151 
7.81192 0.469365 1.38832 814 0.597034 0.0185603 
8.27608 -0.334586 -0.00492856 815 0.395189 -0.281494 
7.72815 0.61446 -0.217688 816 0.664575 -0.361728 
8.79838 -1.23924 -0.076131 817 0.209806 -0.277185 
8.9917 -1.57408 -0.263508 820 0.151068 -0.306205 
7.71438 0.638309 -0.336083 827 0.673482 -0.391637 
8.37839 -0.511796 0.804967 830 0.351812 -0.116807 
7.85255 0.39899 0.707979 831 0.583483 -0.133378 
9.00086 -1.58994 1.58986 834 0.158965 0.00768842 
8.05704 0.0447927 0.347131 837 0.490428 -0.212136 
8.22434 -0.244979 -0.782358 838 0.423637 -0.454795 
8.81824 -1.27364 -0.967993 842 0.2076 -0.445158 
9.4474 -2.36338 -1.09642 844 0.0322451 -0.424392 
8.71228 -1.09011 -0.848161 845 0.239013 -0.432482 
8.83929 -1.31011 1.12568 849 0.198872 -0.0636081 
8.421 -0.585604 -0.76008 856 0.342724 -0.437998 
8.71634 -1.09715 -1.05762 862 0.237137 -0.469939 
8.05963 0.040311 0.283874 878 0.484818 -0.2247 
8.79205 -1.22828 1.24024 880 0.215995 -0.0440296 
9.26617 -2.04948 1.18971 881 0.0891179 -0.0676403 
8.55161 -0.811824 0.960383 887 0.289012 -0.0863843 
8.75985 -1.1725 0.775444 893 0.228832 -0.125447 
8.49526 -0.714226 0.0445874 902 0.313119 -0.266898 
9.19568 -1.92739 0.768329 913 0.103442 -0.1271 
7.703 0.65802 -0.183774 927 0.683484 -0.357526 
8.84897 -1.32687 1.20156 929 0.199103 -0.0509092 
8.21418 -0.227369 1.2496 933 0.412514 -0.0253595 
8.99498 -1.57975 1.82216 934 0.159861 0.0454294 
8.51325 -0.745376 -0.600431 941 0.306269 -0.39329 
8.81557 -1.26902 -1.19832 944 0.202451 -0.493071 
8.73736 -1.13355 1.94259 946 0.234597 0.0736603 
7.78699 0.51253 1.89064 949 0.597936 0.128585 
8.23755 -0.267852 -0.0508432 959 0.41203 -0.294392 
9.40671 -2.2929 1.01021 963 0.0519703 -0.0883949 
8.33271 -0.432673 -0.868744 976 0.380361 -0.469866 
9.36968 -2.22876 1.49865 979 0.0685303 -0.016649 
9.47971 -2.41934 0.180696 982 0.0355855 -0.217566 
8.14802 -0.112783 1.12075 986 0.444218 -0.048817 
8.42012 -0.584075 0.413676 987 0.341719 -0.19151 
8.18073 -0.169436 -0.844467 988 0.442604 -0.476511 
9.45187 -2.37112 -1.5872 989 0.0243677 -0.513865 
8.99905 -1.58682 1.73484 994 0.156344 0.0303571 
8.82589 -1.28688 1.75285 1000 0.204851 0.0399621 
