-7 1.12101 -6.65735 79 0.49647 0.491373 
-7 -1.84392 -6.0007 85 0.680615 -0.0563677 
-7 0.592834 -6.66606 94 0.505654 0.389462 
-7 -0.609874 -5.90804 100 0.679259 0.187355 
-5.46333 -1.29075 -7 102 0.308905 -0.00920794 
-4.55559 -0.250499 -7 105 0.142786 0.172263 
-2.11042 -0.0563179 -7 106 -0.433826 0.144034 
-5.09885 0.316864 -7 107 0.212262 0.304561 
-5.05591 -0.451909 -7 117 0.228477 0.142807 
-3.07632 -1.96878 -7 120 -0.0752393 -0.298461 
-3.56835 0.827876 -7 121 -0.0910854 0.416522 
-6.20015 -0.954561 -7 122 0.392896 0.0790133 
-2.10211 -0.684594 -7 129 -0.395712 -0.0416795 
-3.11373 -0.303232 -7 130 -0.143315 0.114419 
-1.30535 -1.94469 -7 131 -0.574385 -0.492434 
-1.59533 0.795126 -7 132 -0.682043 0.408831 
-6.2831 -0.370457 -7 140 0.38961 0.187532 
-5.05277 -1.83336 -7 148 0.267009 -0.13257 
-6.46998 0.52855 -7 150 0.391525 0.356923 
