1.50492 8.95177 -1.01173 5 383.595 210.483 
-0.0798114 8.03682 -1.36918 7 557.238 154.496 
2.56137 9.56171 -1.26435 9 309.094 197.356 
-0.178643 7.97976 0.508014 11 570.567 382.922 
0.882168 8.59222 -0.707979 12 437.247 233.994 
0.899845 8.60243 -1.45278 14 438.498 163.59 
0.308716 8.26114 -0.602419 18 503.938 244.118 
1.53151 8.96712 0.925447 27 371.15 386.67 
1.89409 9.17646 -0.898766 30 352.114 222.179 
1.20489 8.77855 1.35968 34 400.628 439.207 
0.643979 8.45471 0.172026 37 461.449 326.058 
1.0009 8.66077 1.01151 39 419.598 407.668 
1.35417 8.86473 -1.19204 41 395.978 192.142 
2.2299 9.37034 -1.63427 48 329.938 165.154 
-0.421209 7.83972 -1.17149 54 610.888 172.36 
-0.449959 7.82312 -0.349133 56 616.16 277.927 
1.11916 8.72905 0.11871 59 410.942 317.228 
2.502 9.52743 1.21213 60 301.781 391.606 
0.976565 8.64672 0.659001 63 425.125 371.993 
2.48091 9.51526 -1.52748 64 315.171 177.779 
1.84359 9.1473 -0.734752 70 354.37 234.873 
2.0992 9.29488 1.12901 72 329.504 393.05 
2.43447 9.48845 -1.27169 74 317.511 194.556 
0.772201 8.52873 0.816256 76 444.689 396.02 
2.20527 9.35612 0.861552 89 322.834 363.944 
0.17216 8.1823 0.981234 106 517.873 432.652 
-0.30588 7.9063 0.0837691 108 592.413 332.702 
1.53832 8.97105 -0.336704 110 379.326 270.43 
-0.383025 7.86176 0.22409 112 603.081 352.228 
1.39446 8.888 1.03195 114 383.802 397.563 
1.68572 9.05615 0.970133 121 359.406 387.092 
0.0926466 8.13639 -1.10015 128 532.929 186.266 
1.04442 8.6859 0.452906 133 419.222 350.08 
2.0713 9.27877 -0.869126 143 340.965 225.476 
2.40916 9.47383 1.43867 146 306.282 410.705 
-0.447254 7.82468 0.726916 148 615.754 422.773 
-0.106953 8.02115 -0.188349 150 562.986 295.719 
2.34296 9.43561 0.313575 151 315.133 320.208 
1.8128 9.12952 -1.61907 155 360.961 161.2 
1.66029 9.04147 -0.791988 162 368.413 229.392 
1.18573 8.76749 -1.30616 163 410.815 181.657 
0.827608 8.56072 -0.196826 177 441.934 289.13 
0.817645 8.55497 1.17423 181 439.43 429.694 
-0.0741699 8.04008 -1.61407 185 558.262 125.651 
-0.509556 7.78871 -1.73933 187 629.614 96.1041 
1.11154 8.72465 -0.22035 188 414.964 283.478 
-0.560641 7.75922 -0.484044 192 635.391 259.403 
1.01143 8.66685 -1.03298 194 425.652 203.872 
1.63059 9.02433 -0.54542 202 370.245 253.022 
0.530427 8.38915 0.212413 206 473.315 333.695 
-0.0829147 8.03503 0.967789 213 555.304 440.162 
0.498224 8.37055 -0.257251 218 479.398 281.338 
1.50761 8.95332 1.78202 225 370.421 469.66 
0.842776 8.56948 1.16326 230 436.179 429.27 
2.3848 9.45977 -0.140995 231 314.263 284.848 
1.20088 8.77623 0.396294 235 404.657 342.363 
-0.177513 7.98042 -1.74127 236 572.421 108.399 
-0.477256 7.80736 0.692004 238 620.801 419.283 
2.1672 9.33414 0.137181 241 327.942 308.337 
2.5324 9.54499 -0.521146 243 308.159 253.572 
0.34969 8.2848 -0.208161 246 497.854 289.608 
2.29158 9.40595 0.467399 249 318.371 332.681 
3.95041 7.15768 -0.115486 754 68.891 277.746 
2.79672 9.15593 1.45335 762 268.485 416.355 
3.65369 7.67162 -0.409443 763 139.859 248.314 
3.63308 7.70731 -0.253667 767 142.666 264.9 
3.94821 7.16151 -0.305332 771 73.2742 254.982 
3.17581 8.49933 -0.450529 776 225.59 252.598 
2.96438 8.86554 -0.466828 778 256.035 254.006 
3.01964 8.76982 1.66075 782 235.372 441.902 
2.91765 8.94648 -1.66232 783 267.715 155.664 
4.09862 6.90098 -0.651429 789 37.7176 209.947 
3.94393 7.16891 1.20445 790 57.9972 433.388 
2.7584 9.22231 -0.310632 792 281.589 268.333 
4.05686 6.97332 -1.81735 802 62.7048 79.3604 
3.73411 7.53233 -1.49404 804 132.715 135.625 
3.68413 7.6189 -0.207288 807 132.933 268.67 
2.74211 9.25053 -1.73828 813 290.917 157.426 
3.75485 7.49641 -1.09591 823 125.006 174.374 
3.57856 7.80176 -0.875216 840 157.756 203.272 
2.75988 9.21974 0.955628 841 275.104 374.021 
3.12713 8.58365 0.949699 846 222.383 379.879 
4.15625 6.80116 -0.0422045 847 14.2702 283.306 
3.4808 7.97107 -1.62753 851 183.055 135.309 
3.61746 7.73437 -1.94874 852 159.094 94.3247 
3.11682 8.6015 1.29664 853 222.765 410.886 
3.59494 7.77338 0.739111 854 140.896 368.447 
3.21408 8.43306 1.15774 858 210.88 402.353 
3.63106 7.71081 -1.67758 859 155.958 122.306 
3.27878 8.32099 -1.03834 860 213.169 195.173 
4.06751 6.95487 -1.6458 865 57.6112 97.3835 
2.83011 9.0981 -0.827008 869 274.857 225.847 
3.62176 7.72692 0.659348 870 137.743 360.614 
2.74336 9.24836 0.533191 877 280.5 338.594 
3.47475 7.98155 1.30736 888 160.406 422.656 
3.96207 7.13749 -0.131759 891 67.3978 274.757 
3.79506 7.42677 -1.15471 899 115.065 165.316 
4.24153 6.65346 -1.08896 903 2.98807 151.778 
3.15471 8.53588 -0.806247 915 230.259 220.388 
3.62319 7.72445 -0.430218 916 146.311 247.166 
3.37491 8.15449 -1.18787 917 196.093 180.638 
3.88292 7.27458 0.732852 918 75.9454 373.421 
3.89561 7.2526 -0.984565 922 93.551 180.694 
3.15548 8.53455 -1.95746 923 237.374 121.657 
2.665 9.38408 0.586617 924 288.083 341.941 
3.45706 8.01219 0.602811 925 169.852 353.076 
3.20202 8.45395 0.188458 931 216.222 309.188 
2.78152 9.18227 -1.96749 936 287.124 136.49 
3.59191 7.77864 1.36064 942 136.402 436.16 
3.89811 7.24827 1.30532 954 65.9127 443.083 
3.02515 8.76029 0.646829 955 240.205 349.367 
2.99518 8.81219 -1.02389 956 256.206 204.878 
2.88729 8.99907 -0.922446 958 269.58 217.002 
2.80084 9.14881 -0.0563065 974 275.015 289.303 
4.12313 6.85854 -0.122495 977 23.5354 275.061 
2.74799 9.24035 0.800252 981 277.846 361.221 
