5.64257 -0.481715 -7 109 -0.195471 -0.285261 
2.26927 0.767181 -7 111 0.467312 0.0962161 
2.74139 -0.240151 -7 113 0.373636 -0.207423 
6.30632 -1.54879 -7 115 -0.268238 -0.491118 
4.50714 -1.04124 -7 119 -0.00534757 -0.412391 
2.98659 0.138239 -7 123 0.29099 -0.108669 
4.46367 -0.542201 -7 125 -0.00881969 -0.296461 
6.6867 0.183154 -7 127 -0.330304 -0.16987 
3.77354 -0.887468 -7 133 0.137976 -0.383627 
6.08103 -0.977971 -7 134 -0.246794 -0.381976 
3.34213 1.4046 -7 137 0.162633 0.187813 
4.29646 -0.0380129 -7 139 0.0100682 -0.180063 
6.59087 -1.1778 -7 141 -0.306385 -0.415334 
4.8725 1.3091 -7 142 -0.11288 0.0854224 
6.26277 1.2623 -7 143 -0.293873 0.0251367 
1.9715 1.13953 -7 144 0.5439 0.224179 
7 -0.863938 -6.09367 166 -0.507806 -0.394997 
7 0.831841 -5.58946 182 -0.617955 -0.0634879 
7 1.69172 -5.79597 183 -0.577196 0.0991767 
7 0.781169 -6.98961 200 -0.369485 -0.0745191 
