-7 0.21307 2.3409 51 -0.151886 -0.15732 
-7 -0.503339 4.01391 52 0.206598 -0.286354 
-7 -0.64261 4.44771 54 0.286336 -0.30551 
-7 -0.441068 2.32778 56 -0.147755 -0.318504 
-7 1.81819 2.50338 57 -0.132421 0.207573 
-7 1.50288 1.91462 59 -0.265662 0.144335 
-7 0.78654 5.75191 68 0.455918 -0.00869986 
-7 -0.100249 4.19611 69 0.231173 -0.196067 
-7 -1.07602 2.04225 70 -0.212168 -0.49513 
-7 -0.527577 4.46053 71 0.286037 -0.280798 
-7 -0.14175 5.47309 72 0.437791 -0.183771 
-7 1.61955 6.53315 73 0.539809 0.133376 
-7 1.51818 2.67054 81 -0.0927004 0.141164 
-7 0.883221 6.2108 82 0.515925 0.00948523 
-7 -0.72299 3.2493 84 0.0619242 -0.357885 
-7 1.48523 2.57162 86 -0.113772 0.134819 
-7 1.20864 2.59145 88 -0.106221 0.0739803 
-7 1.46933 5.82185 93 0.449924 0.111798 
-7 -0.576654 5.65743 96 0.475226 -0.264456 
-7 -1.0576 1.73598 99 -0.293535 -0.505397 
