1.69792 -0.977731 -7 104 32.1305 148.455 
-2.11042 -0.0563179 -7 106 630.913 172.235 
-0.689565 -1.47331 -7 112 375.436 3.59032 
-0.235026 1.16667 -7 114 387.519 413.165 
-0.0787955 1.33173 -7 116 368.981 443.026 
0.474792 -0.485198 -7 124 230.737 185.562 
-2.10211 -0.684594 -7 129 610.025 78.8601 
-1.59533 0.795126 -7 132 580.581 315.508 
1.03314 -1.58354 -7 136 114.493 38.1849 
0.97797 0.750031 -7 138 191.639 387.112 
1.9715 1.13953 -7 144 52.3923 476.936 
1.45576 0.553777 -7 145 113.475 371.966 
-0.615215 -0.161545 -7 146 404.121 201.328 
0.206379 -1.0164 -7 147 255.202 98.0955 
