5.64257 -0.481715 -7 109 0.181492 0.00968018 
6.30632 -1.54879 -7 115 0.0746826 -0.15906 
4.50714 -1.04124 -7 119 0.365252 -0.132268 
4.46367 -0.542201 -7 125 0.386157 -0.0254638 
6.6867 0.183154 -7 127 0.0582223 0.131038 
6.46481 -1.88245 -7 128 0.0506975 -0.207741 
3.77354 -0.887468 -7 133 0.538402 -0.129183 
6.08103 -0.977971 -7 134 0.112314 -0.0694753 
4.29646 -0.0380129 -7 139 0.434746 0.0841291 
6.59087 -1.1778 -7 141 0.0475734 -0.0897804 
4.8725 1.3091 -7 142 0.347787 0.368743 
6.26277 1.2623 -7 143 0.127494 0.316805 
6.4687 -1.97232 -7 149 0.0488187 -0.222128 
7 -0.0623122 -3.31422 152 -0.659369 0.192466 
7 -1.59791 -6.35011 157 -0.0829288 -0.149339 
7 1.75895 -5.06184 159 -0.225496 0.492694 
7 0.863395 -4.44339 163 -0.360267 0.348388 
7 -0.863938 -6.09367 166 -0.106461 -0.0275699 
7 1.33843 -4.95324 172 -0.252213 0.415712 
7 0.759759 -5.08223 173 -0.238898 0.293295 
7 0.741437 -4.00824 180 -0.4599 0.347916 
7 -0.563655 -4.89557 181 -0.295058 0.0382385 
7 0.831841 -5.58946 182 -0.153568 0.284159 
7 1.69172 -5.79597 183 -0.108171 0.431058 
7 0.0865561 -4.29161 189 -0.406424 0.187914 
7 -1.97934 -4.46413 190 -0.40436 -0.248551 
7 0.781169 -6.98961 200 0.0317345 0.224617 
