-1.97014 0.361326 7 3 565.458 284.757 
-2.93389 0.906698 7 9 446.31 371.23 
-2.14837 -1.21575 7 10 493.866 84.4856 
-4.80195 0.41523 7 21 259.889 331.525 
-3.28746 -0.347612 7 22 380.044 226.705 
-5.92999 -1.73451 7 23 166.764 162.599 
-5.37012 0.037908 7 24 216.265 301.924 
-5.21106 1.44812 7 29 242.952 435.611 
-5.40598 0.152698 7 30 215.174 312.77 
-2.84657 -0.836733 7 31 417.451 158.312 
-3.76175 1.7333 7 32 371.07 473.793 
-2.21352 -0.0799941 7 33 515.771 230.556 
-5.875 -0.508694 7 36 180.397 261.037 
-4.02466 -0.174699 7 39 313.72 261.195 
-3.22548 0.288125 7 40 399.143 298.419 
-5.59816 -0.619665 7 42 195.486 247.205 
-3.26615 1.27581 7 43 415.393 419.181 
-6.33365 0.109205 7 44 160.475 318.219 
-2.70348 -0.732172 7 47 436.154 165.359 
-6.25916 0.145289 7 48 164.778 320.548 
-7 0.78654 5.75191 68 24.8769 403.602 
-7 1.61955 6.53315 73 102.438 460.429 
-7 0.883221 6.2108 82 69.8791 401.84 
-7 1.46933 5.82185 93 36.0871 470.283 
-7 -0.576654 5.65743 96 7.79947 273.493 
