1.69792 -0.977731 -7 104 -0.661373 -0.226147 
-2.11042 -0.0563179 -7 106 0.64205 -0.172863 
-0.235026 1.16667 -7 114 0.117609 0.348591 
-0.0787955 1.33173 -7 116 0.0775728 0.413234 
-1.66978 1.93068 -7 118 0.63207 0.499679 
0.474792 -0.485198 -7 124 -0.223995 -0.144442 
-2.10211 -0.684594 -7 129 0.598043 -0.375098 
-1.59533 0.795126 -7 132 0.53318 0.136286 
1.03314 -1.58354 -7 136 -0.480708 -0.468206 
0.97797 0.750031 -7 138 -0.30804 0.294527 
1.9715 1.13953 -7 144 -0.612223 0.491479 
1.45576 0.553777 -7 145 -0.479329 0.262442 
-0.615215 -0.161545 -7 146 0.153505 -0.11003 
0.206379 -1.0164 -7 147 -0.170986 -0.335563 
