-7 0.0943094 -5.21035 64 0.640763 0.242813 
-7 1.11392 -6.02536 65 0.460204 0.424164 
-7 0.886694 -5.35798 67 0.60225 0.413743 
-7 0.694743 -5.33965 78 0.607485 0.371394 
-7 1.12101 -6.65735 79 0.351473 0.393427 
-7 -1.84392 -6.0007 85 0.488457 -0.133592 
-7 -0.295975 -5.19552 90 0.645729 0.15783 
-7 0.592834 -6.66606 94 0.355842 0.296419 
-7 -0.609874 -5.90804 100 0.496318 0.0883795 
-5.46333 -1.29075 -7 102 0.153597 -0.0791639 
-4.55559 -0.250499 -7 105 -0.00383431 0.0915905 
-2.11042 -0.0563179 -7 106 -0.612869 0.0520441 
-5.09885 0.316864 -7 107 0.0709865 0.22122 
-6.22725 1.4028 -7 110 0.207684 0.437522 
-5.05591 -0.451909 -7 117 0.0806143 0.0646493 
-3.07632 -1.96878 -7 120 -0.243323 -0.374068 
-3.56835 0.827876 -7 121 -0.235173 0.330832 
-6.20015 -0.954561 -7 122 0.238882 0.00714097 
-2.10211 -0.684594 -7 129 -0.576119 -0.134999 
-3.11373 -0.303232 -7 130 -0.300387 0.0288338 
-3.58737 1.4874 -7 135 -0.256568 0.507441 
-6.2831 -0.370457 -7 140 0.240358 0.11048 
-5.05277 -1.83336 -7 148 0.107537 -0.198188 
-6.46998 0.52855 -7 150 0.249513 0.27282 
