-7 0.21307 2.3409 51 638.67 346.23 
-7 -1.78251 -2.62609 53 79.4423 128.924 
-7 -0.29883 -1.326 55 203.947 283.292 
-7 -0.441068 2.32778 56 626.419 267.986 
-7 0.46862 -2.98529 58 7.41338 371.767 
-7 -1.05185 -1.49538 60 190.691 201.42 
-7 -0.184126 -2.39523 62 83.5565 295.87 
-7 1.26508 -0.184774 63 333.252 478.694 
-7 -1.45394 1.58819 66 528.307 157.787 
-7 -1.07602 2.04225 70 583.953 197.289 
-7 -1.87164 2.51938 75 626.844 114.532 
-7 0.577231 -1.47952 76 179.55 386.964 
-7 -1.86155 -2.22478 77 121.321 120.904 
-7 -0.166603 0.216342 87 379.971 299.088 
-7 0.312724 -0.335245 92 315.577 355.79 
-7 -1.56958 -3.12031 95 26.0983 150.07 
-7 -1.0576 1.73598 99 549.116 199.411 
