7.15996 -3.9491 0.231069 501 0.530468 0.175366 
7.75999 -3.60267 0.808332 502 0.639046 0.318712 
4.32541 -5.58563 0.848861 506 -0.236253 0.23691 
3.31453 -6.16926 -0.82277 507 -0.507249 -0.310072 
5.15051 -5.10926 0.655281 515 0.0314014 0.208082 
7.62157 -3.68259 0.309022 516 0.620484 0.203635 
5.54127 -4.88365 0.584966 517 0.143281 0.200424 
7.24861 -3.89792 -1.1423 520 0.559583 -0.117309 
6.5432 -4.30518 -1.86519 522 0.429927 -0.309199 
3.60364 -6.00234 1.48237 523 -0.542492 0.417221 
4.96491 -5.21641 -0.162781 524 0.00655718 -0.0159757 
4.45282 -5.51207 0.330289 528 -0.169315 0.0927473 
7.67594 -3.6512 1.18816 529 0.621083 0.40223 
3.62183 -5.99184 -0.708902 530 -0.400175 -0.252106 
5.78814 -4.74112 0.731293 533 0.205459 0.25208 
7.01301 -4.03394 -0.97463 534 0.51353 -0.093491 
3.84209 -5.86467 0.762035 537 -0.406051 0.192525 
6.50511 -4.32718 -1.71048 538 0.416302 -0.276499 
4.08321 -5.72546 -0.0501395 541 -0.273637 -0.0333818 
3.27776 -6.19049 1.48571 543 -0.686077 0.412696 
7.77252 -3.59544 -0.54676 544 0.648885 0.0258158 
5.8167 -4.72463 -0.692834 547 0.245766 -0.0987612 
5.94865 -4.64845 -0.108768 552 0.263719 0.0483356 
4.14699 -5.68864 -0.0739802 553 -0.254326 -0.0395541 
5.11501 -5.12975 -1.32998 563 0.0884221 -0.29436 
5.60572 -4.84644 -1.12497 564 0.205713 -0.210763 
4.17332 -5.67344 0.684667 567 -0.279651 0.183254 
4.23148 -5.63986 1.46124 569 -0.30004 0.424064 
4.08949 -5.72184 0.309736 570 -0.291996 0.0675004 
8.06725 -3.42528 1.6113 573 0.692229 0.503886 
4.78434 -5.32066 -1.81187 575 0.0143596 -0.433876 
7.62174 -3.68249 1.0201 577 0.610472 0.36448 
5.79079 -4.73959 0.326224 579 0.219603 0.150142 
6.08574 -4.5693 -0.422393 587 0.304647 -0.0194889 
5.95338 -4.64572 1.4698 588 0.233692 0.449818 
6.59806 -4.27351 1.37278 589 0.389592 0.432926 
7.71485 -3.62873 -1.31027 594 0.653188 -0.130479 
4.89471 -5.25694 -0.199595 606 -0.00774185 -0.0245906 
2.89706 -6.41029 -1.2274 611 -0.640376 -0.464731 
5.91431 -4.66828 0.963849 617 0.230765 0.31745 
7.88394 -3.53111 -1.51631 618 0.680868 -0.162639 
5.34694 -4.99584 -0.371774 630 0.116951 -0.0502021 
3.2896 -6.18365 -0.831285 632 -0.514029 -0.314483 
7.92744 -3.50599 0.853241 634 0.675257 0.332097 
7.04767 -4.01393 1.30024 635 0.495586 0.421321 
5.60109 -4.84911 1.5746 636 0.126166 0.474993 
3.83992 -5.86592 -0.579006 640 -0.333515 -0.197049 
4.26955 -5.61788 1.7378 641 -0.303135 0.506873 
6.13888 -4.53862 1.31542 644 0.281552 0.409568 
6.14497 -4.53511 -1.1835 648 0.33866 -0.193519 
7.74644 -3.6105 0.0375105 649 0.644272 0.145992 
7.0982 -3.98476 0.68195 653 0.51213 0.273371 
7.02559 -4.02668 0.448994 659 0.498274 0.214035 
4.82206 -5.29889 0.859675 662 -0.0753769 0.255551 
4.88586 -5.26205 0.975449 663 -0.0581719 0.293335 
6.55913 -4.29599 -1.18896 667 0.424772 -0.168923 
4.05549 -5.74146 -0.254187 669 -0.273271 -0.0942186 
4.78329 -5.32127 0.804293 674 -0.0874019 0.238208 
6.39838 -4.3888 1.60708 675 0.336045 0.490835 
5.20039 -5.08046 -0.0857982 678 0.0701098 0.0178877 
4.99407 -5.19958 0.559179 682 -0.0107815 0.179258 
3.62073 -5.99248 0.99023 683 -0.502969 0.257476 
5.70419 -4.78959 -0.684915 686 0.219846 -0.102571 
6.4204 -4.37608 -1.66156 687 0.403894 -0.275189 
7.92479 -3.50752 1.32245 688 0.667587 0.435008 
4.226 -5.64302 0.28797 691 -0.242283 0.0687546 
3.83179 -5.87062 1.26855 694 -0.441597 0.352586 
4.82073 -5.29965 -1.08631 698 -0.00231423 -0.255302 
8.01947 -3.45286 0.702216 699 0.690882 0.298727 
5.29956 -5.0232 -0.579862 701 0.115982 -0.101229 
7.30395 -3.86597 1.05537 703 0.546108 0.368362 
6.39348 -4.39163 0.914159 705 0.349922 0.314083 
7.22497 -3.91156 0.961317 706 0.532725 0.340428 
4.30182 -5.59925 -1.21577 708 -0.150287 -0.328431 
5.49777 -4.90876 0.072566 709 0.150273 0.0690054 
7.66579 -3.65706 -1.9146 710 0.64714 -0.24593 
6.01108 -4.6124 1.08959 711 0.252142 0.348006 
6.54292 -4.30535 -1.87458 720 0.435524 -0.312249 
4.19117 -5.66313 1.67662 721 -0.329301 0.492387 
4.48631 -5.49273 -1.46496 723 -0.0875633 -0.37681 
5.45807 -4.93168 0.702726 724 0.115456 0.234797 
6.58729 -4.27973 1.46929 725 0.383537 0.454636 
3.52361 -6.04855 -0.447866 727 -0.452065 -0.186143 
3.97273 -5.78925 1.60711 728 -0.406774 0.4661 
5.30402 -5.02063 -1.37929 729 0.135191 -0.291105 
7.50171 -3.75179 -1.28329 731 0.611699 -0.133708 
7.13639 -3.96271 -0.718485 732 0.535267 -0.0329919 
5.1391 -5.11584 0.224599 734 0.0416327 0.0990833 
6.09889 -4.56171 1.10908 735 0.271653 0.356059 
7.25901 -3.89191 -1.70188 738 0.569293 -0.232705 
4.48121 -5.49568 0.424736 739 -0.166623 0.117733 
6.72719 -4.19896 0.433244 741 0.432903 0.206283 
5.33057 -5.0053 -0.178382 743 0.10814 0.00444591 
3.90444 -5.82868 0.777906 744 -0.384824 0.196312 
7.49302 -3.75681 0.49302 748 0.590773 0.23906 
2.78119 -6.47718 -1.18276 749 -0.692734 -0.467026 
