-3.17768 1.79522 -7 101 427.836 438.535 
-4.55559 -0.250499 -7 105 577.934 206.978 
-2.11042 -0.0563179 -7 106 324.226 211.315 
-5.09885 0.316864 -7 107 614.565 269.899 
-0.235026 1.16667 -7 114 28.1687 388.044 
-5.05591 -0.451909 -7 117 620.461 189.162 
-1.66978 1.93068 -7 118 249.34 476.461 
-3.56835 0.827876 -7 121 476.94 325.122 
-2.10211 -0.684594 -7 129 329.158 125.231 
-3.11373 -0.303232 -7 130 443.138 188.621 
-1.59533 0.795126 -7 132 248.284 325.603 
-3.58737 1.4874 -7 135 471.723 399.66 
-0.615215 -0.161545 -7 146 102.8 179.709 
-5.05277 -1.83336 -7 148 637.308 39.1231 
