1.69792 -0.977731 -7 104 0.526062 -0.502575 
5.64257 -0.481715 -7 109 -0.389473 -0.377018 
2.26927 0.767181 -7 111 0.230415 0.0173373 
2.74139 -0.240151 -7 113 0.15839 -0.283847 
4.50714 -1.04124 -7 119 -0.190286 -0.500706 
2.98659 0.138239 -7 123 0.0776262 -0.18687 
4.46367 -0.542201 -7 125 -0.20036 -0.382804 
6.6867 0.183154 -7 127 -0.538857 -0.258434 
3.77354 -0.887468 -7 133 -0.0530475 -0.46577 
6.08103 -0.977971 -7 134 -0.436209 -0.479874 
3.34213 1.4046 -7 137 -0.0592685 0.115883 
0.97797 0.750031 -7 138 0.664853 0.105091 
4.29646 -0.0380129 -7 139 -0.18838 -0.26304 
6.59087 -1.1778 -7 141 -0.496233 -0.517446 
4.8725 1.3091 -7 142 -0.32829 0.0137969 
6.26277 1.2623 -7 143 -0.513814 -0.0488957 
1.9715 1.13953 -7 144 0.294059 0.143205 
1.45576 0.553777 -7 145 0.499667 0.00511159 
7 0.781169 -6.98961 200 -0.588108 -0.156692 
