-5.37012 0.037908 7 24 0.590988 -0.224935 
-5.21106 1.44812 7 29 0.56867 0.0667446 
-5.40598 0.152698 7 30 0.579072 -0.200939 
-5.875 -0.508694 7 36 0.512624 -0.335592 
-5.59816 -0.619665 7 42 0.569892 -0.363617 
-6.33365 0.109205 7 44 0.416898 -0.214963 
-6.25916 0.145289 7 48 0.427334 -0.208017 
-7 0.21307 2.3409 51 -0.523292 -0.28513 
-7 -0.503339 4.01391 52 -0.11157 -0.406865 
-7 -0.64261 4.44771 54 -0.0260359 -0.421931 
-7 -0.441068 2.32778 56 -0.53158 -0.469156 
-7 1.81819 2.50338 57 -0.470635 0.11336 
-7 1.50288 1.91462 59 -0.640094 0.0490334 
-7 0.78654 5.75191 68 0.155925 -0.113116 
-7 -0.100249 4.19611 69 -0.0809115 -0.309566 
-7 -0.527577 4.46053 71 -0.0254326 -0.395823 
-7 -0.14175 5.47309 72 0.134034 -0.287781 
-7 1.61955 6.53315 73 0.238969 0.0234526 
-7 1.51818 2.67054 81 -0.428239 0.0419998 
-7 0.883221 6.2108 82 0.21434 -0.0949388 
-7 -0.72299 3.2493 84 -0.279227 -0.496133 
-7 1.48523 2.57162 86 -0.453788 0.0356614 
-7 1.20864 2.59145 88 -0.449267 -0.029549 
-7 1.46933 5.82185 93 0.152693 0.00401194 
-7 -0.576654 5.65743 96 0.169499 -0.367685 
