-1.97014 0.361326 7 3 433.858 273.022 
-3.49077 1.97493 7 8 263.004 479.821 
-2.93389 0.906698 7 9 317.951 348.4 
-2.14837 -1.21575 7 10 396.006 73.2635 
-4.80195 0.41523 7 21 145.042 296.039 
-3.28746 -0.347612 7 22 274.721 200.448 
-5.92999 -1.73451 7 23 71.7754 110.871 
-5.37012 0.037908 7 24 104.763 261.95 
-5.21106 1.44812 7 29 114.625 401.983 
-5.40598 0.152698 7 30 102.241 273.125 
-2.84657 -0.836733 7 31 318.014 136.478 
-3.76175 1.7333 7 32 235.242 446.044 
-2.21352 -0.0799941 7 33 397.357 216.975 
-5.875 -0.508694 7 36 73.0997 215.96 
-4.02466 -0.174699 7 39 207.071 228.826 
-3.22548 0.288125 7 40 283.577 273.427 
-5.59816 -0.619665 7 42 90.5385 202.987 
-3.26615 1.27581 7 43 283.602 393.821 
-6.33365 0.109205 7 44 44.7612 274.276 
-2.70348 -0.732172 7 47 334.244 145.51 
-6.25916 0.145289 7 48 48.9825 277.087 
