-7 -1.78251 -2.62609 53 -0.502012 -0.253565 
-7 -0.29883 -1.326 55 -0.232344 0.0793097 
-7 -0.441068 2.32778 56 0.687901 0.046277 
-7 0.46862 -2.98529 58 -0.654114 0.269184 
-7 -1.05185 -1.49538 60 -0.26155 -0.0974722 
-7 -0.184126 -2.39523 62 -0.491583 0.106303 
-7 1.26508 -0.184774 63 0.0484291 0.501355 
-7 -1.45394 1.58819 66 0.472767 -0.193436 
-7 -1.07602 2.04225 70 0.594767 -0.107622 
-7 -1.87164 2.51938 75 0.689185 -0.288343 
-7 0.577231 -1.47952 76 -0.284239 0.302676 
-7 -1.86155 -2.22478 77 -0.411884 -0.271151 
-7 -0.166603 0.216342 87 0.149195 0.113632 
-7 0.312724 -0.335245 92 0.0095971 0.236075 
-7 -1.56958 -3.12031 95 -0.616458 -0.207645 
-7 -1.0576 1.73598 99 0.518351 -0.102893 
