-3.11304 -8.60806 -1.9166 254 531.476 105.957 
-3.48222 -7.96863 1.84681 255 548.237 471.891 
-2.75039 -9.23619 0.329719 263 617.759 296.841 
-3.07463 -8.67459 -1.54793 266 542.624 138.647 
-2.72709 -9.27655 -1.48729 269 588.464 141.592 
-5.66157 -4.19387 -0.652214 270 11.6995 279.765 
-5.23237 -4.93727 0.70564 274 160.143 445.704 
-3.88769 -7.26632 -1.50954 277 420.456 148.273 
-4.24528 -6.64697 0.694015 279 391.953 385.904 
-5.01096 -5.32075 -0.777348 280 198.27 242.156 
-3.32874 -8.23445 -1.42324 285 509.325 150.744 
-3.49888 -7.93976 0.772929 286 523.844 361.145 
-5.29575 -4.82749 -1.96199 288 106.533 102.542 
-4.95189 -5.42307 -0.262658 289 220.249 302.823 
-4.9932 -5.35153 -1.23628 292 195.831 187.338 
-3.44968 -8.02497 0.167007 293 519.722 299.645 
-3.04378 -8.72802 1.54345 294 604.78 418.604 
-3.22332 -8.41705 1.89644 304 586.09 464.971 
-3.93868 -7.178 -1.57121 306 406.811 141.405 
-5.13363 -5.10828 -1.10309 312 163.473 205.807 
-3.32508 -8.2408 -1.51403 315 508.489 143.125 
-3.63057 -7.71167 -1.43695 316 464.436 151.568 
-4.92427 -5.47091 0.898447 318 246.468 450.208 
-4.81248 -5.66455 -1.64507 319 232.064 137.481 
-3.09129 -8.64573 1.79249 320 603.3 443.824 
-4.10365 -6.89227 -1.45523 322 384.502 153.481 
-3.06428 -8.69251 -0.666718 324 559.8 214.793 
-4.30377 -6.54565 0.385968 326 378.091 355.936 
-5.23373 -4.93491 -1.84234 327 124.115 116.634 
-4.07384 -6.9439 0.0649336 330 412.236 311.804 
-4.85494 -5.591 -1.94807 331 218.699 106.279 
-3.49997 -7.93787 0.446165 333 516.177 329.912 
-3.35488 -8.18918 1.50964 334 560.298 429.397 
-5.49704 -4.47884 -1.16972 335 56.8769 203.344 
-4.50583 -6.19567 0.376914 336 334.119 362.42 
-4.09708 -6.90364 0.281542 338 413.771 334.792 
-3.77569 -7.46032 0.825581 340 478.722 379.951 
-4.16753 -6.78163 0.981089 341 413.551 415.377 
-5.29142 -4.83499 -0.290764 343 130.191 314.66 
-4.78378 -5.71426 0.966713 344 281.536 449.665 
-3.62005 -7.72989 0.845456 350 507.108 374.18 
-4.2793 -6.58803 -1.32765 353 349.401 167.147 
-5.36533 -4.70697 -0.794508 356 101.784 251.042 
-3.10287 -8.62567 -0.357131 361 561.105 242.411 
-4.93982 -5.44397 -1.05261 362 210.56 208.43 
-3.98712 -7.09411 0.170839 364 430.352 317.709 
-4.44212 -6.30602 -1.20213 365 319.577 181.602 
-3.32955 -8.23305 -1.41411 368 510.547 151.164 
-2.62582 -9.45194 -1.96759 374 593.628 102.584 
-5.20485 -4.98493 0.860305 376 171.167 465.216 
-5.40008 -4.64678 -1.78435 379 78.1653 123.464 
-5.0994 -5.16757 -0.624233 381 177.691 264.051 
-3.72571 -7.54688 0.335972 382 478.408 325.946 
-3.02092 -8.76762 -1.67324 386 547.563 127.688 
-5.24676 -4.91235 0.215207 389 149.875 379.45 
-3.14704 -8.54917 1.54174 390 591.84 422.729 
-4.97755 -5.37862 1.00983 392 235.016 468.628 
-4.85021 -5.5992 -1.40794 394 227.761 168.068 
-2.75281 -9.23199 0.225616 395 616.048 285.747 
-5.6307 -4.24734 -0.845678 398 20.6274 253.494 
-3.18967 -8.47533 1.85927 400 592.175 455.762 
-3.33676 -8.22056 -0.399899 404 525.842 242.9 
-3.20418 -8.4502 0.757211 405 569.135 350.058 
-3.32846 -8.23494 1.89335 407 572.102 466.822 
-4.67743 -5.89845 0.0191106 408 291.394 326.731 
-4.7162 -5.8313 -1.22464 411 261.325 184.054 
-3.05904 -8.70159 0.925619 412 590.242 358.076 
-2.74941 -9.23788 0.292754 416 617.905 294.18 
-4.24744 -6.64321 -1.92173 418 347.399 107.134 
-4.59318 -6.04438 0.332137 419 315.512 360.926 
-3.28794 -8.30512 -0.582867 425 531.573 226.733 
-4.10084 -6.89714 -0.211774 427 405.91 280.896 
-2.88356 -9.00553 1.61269 428 627.871 418.836 
-3.57786 -7.80296 1.13653 429 518.214 402.089 
-4.2527 -6.63411 -0.951124 431 362.025 206.593 
-4.54469 -6.12836 -1.52013 432 292.972 149.683 
-3.71801 -7.56021 -1.73791 433 443.678 125.152 
-2.84073 -9.07972 -1.27039 435 578.442 161.461 
-5.16969 -5.04583 -0.141549 437 164.225 329.075 
-4.68557 -5.88436 -1.8811 438 257.821 111.774 
-4.8407 -5.61566 -0.0396453 440 253.06 326.538 
-4.21563 -6.69831 -0.927394 445 372.366 210.94 
-4.75369 -5.76637 0.970583 446 291.012 448.323 
-4.02746 -7.02424 -1.63148 447 392.996 135.316 
-2.97704 -8.84361 -0.559065 449 573.522 222.138 
-3.13049 -8.57784 0.930095 453 580.904 365.513 
-2.83311 -9.09292 -0.904736 454 585.707 191.143 
-3.07985 -8.66554 0.939564 456 588.41 362.448 
-2.82678 -9.10387 0.818773 460 617.178 342.414 
-5.32858 -4.77062 -1.23715 462 106.907 193.305 
-5.60301 -4.2953 -1.17858 464 24.4216 207.796 
-5.68074 -4.16068 0.111245 466 12.3438 389.997 
-4.41902 -6.34603 0.58457 470 355.762 381.42 
-5.14801 -5.08339 0.214391 472 177.933 373.613 
-4.6459 -5.95307 0.77707 474 310.056 417.567 
-2.94605 -8.89729 1.87197 478 621.993 446.101 
-3.62908 -7.71426 0.283949 480 494.654 319.23 
-4.72984 -5.80768 1.01961 483 295.789 453.074 
-3.75747 -7.49188 -0.114405 484 464.919 281.114 
-4.07094 -6.94893 1.07534 490 434.798 419.745 
-4.92481 -5.46997 -1.54112 491 205.37 151.834 
-2.61113 -9.47739 -1.5069 492 600.887 139.382 
-3.63585 -7.70252 0.600044 494 498.934 349.878 
-5.30136 -4.81777 0.489233 495 139.089 421.979 
-3.6271 -7.71768 0.36592 497 495.61 325.302 
-3.46213 -8.00341 0.473249 499 523.929 332.758 
-3.9326 -7.18855 1.52347 500 466.289 463.581 
-2.54087 -9.54988 -1.96382 546 601.487 100.647 
-2.39776 -9.46725 -1.50147 566 624.569 133.567 
