-7 -1.78251 -2.62609 53 -0.331525 -0.370649 
-7 -0.29883 -1.326 55 -0.0607803 -0.0500948 
-7 0.46862 -2.98529 58 -0.448106 0.126759 
-7 -1.05185 -1.49538 60 -0.0938905 -0.222432 
-7 -1.03485 -3.75523 61 -0.576209 -0.207117 
-7 -0.184126 -2.39523 62 -0.306704 -0.0235117 
-7 1.26508 -0.184774 63 0.221413 0.35435 
-7 -1.45394 1.58819 66 0.675213 -0.338839 
-7 0.577231 -1.47952 76 -0.104912 0.161851 
-7 -1.86155 -2.22478 77 -0.245821 -0.39098 
-7 0.821262 -3.48263 80 -0.563242 0.206982 
-7 -0.166603 0.216342 87 0.322609 -0.0176275 
-7 1.69039 -1.92004 89 -0.224321 0.443097 
-7 0.312724 -0.335245 92 0.180838 0.101766 
-7 -1.56958 -3.12031 95 -0.437071 -0.322353 
-7 -1.20087 -3.87679 97 -0.596512 -0.241019 
-7 1.52805 -2.92335 98 -0.456348 0.386167 
