7 -1.49784 0.349314 151 174.263 2.21574 
7 -0.0623122 -3.31422 152 585.143 190.058 
7 0.36994 -1.65205 155 408.438 235.518 
7 0.947338 -0.351981 158 265.333 297.732 
7 0.343459 -2.54532 160 502.011 232.759 
7 -0.647617 -0.188366 161 244.895 115.982 
7 1.08732 -1.94397 162 433.836 309.459 
7 -0.724268 -3.10497 165 573.528 115.984 
7 0.725336 0.960833 171 113.337 275.486 
7 1.97211 0.0439567 176 223.6 401.542 
7 1.44234 0.716532 178 146.983 351.335 
7 -0.518283 -3.0968 179 569.662 139.453 
7 0.741437 -4.00824 180 639.879 272.66 
7 -0.443496 -0.586995 184 292.46 141.982 
7 -1.20096 -0.713027 185 308.56 48.1675 
7 -0.746732 -0.782938 186 315.987 105.759 
7 -1.56385 -0.742436 193 312.888 0.486574 
7 -1.07027 0.309808 197 181.646 60.0427 
7 1.83558 -1.14915 198 348.689 384.16 
