-2.11042 -0.0563179 -7 106 600.275 149.34 
-0.235026 1.16667 -7 114 360.649 387.998 
-0.0787955 1.33173 -7 116 342.304 417.609 
-1.66978 1.93068 -7 118 594.304 455.565 
0.474792 -0.485198 -7 124 203.135 161.495 
-2.10211 -0.684594 -7 129 580.713 56.5223 
-1.59533 0.795126 -7 132 550.264 290.565 
1.03314 -1.58354 -7 136 83.13 10.6101 
0.97797 0.750031 -7 138 164.703 363.944 
1.9715 1.13953 -7 144 23.8467 455.174 
1.45576 0.553777 -7 145 85.1887 349.425 
-0.615215 -0.161545 -7 146 377.265 177.704 
0.206379 -1.0164 -7 147 227.54 73.0733 
