-7 0.21307 2.3409 51 0.516662 0.326449 
-7 -0.29883 -1.326 55 -0.426931 0.197978 
-7 -0.441068 2.32778 56 0.494375 0.157171 
-7 -1.05185 -1.49538 60 -0.453623 0.00736998 
-7 -1.45394 1.58819 66 0.296243 -0.0838408 
-7 -1.07602 2.04225 70 0.410093 0.00362554 
-7 -1.87164 2.51938 75 0.500198 -0.174303 
-7 0.577231 -1.47952 76 -0.490022 0.441532 
-7 -1.86155 -2.22478 77 -0.613902 -0.183039 
-7 -1.9255 2.82609 83 0.567229 -0.185151 
-7 -0.166603 0.216342 87 -0.0277649 0.23036 
-7 0.312724 -0.335245 92 -0.173957 0.361714 
-7 -1.0576 1.73598 99 0.338082 0.00778119 
