3.31453 -6.16926 -0.82277 507 0.305222 -0.245333 
2.55081 -6.61019 -1.05696 510 0.0104195 -0.260384 
0.697982 -7.67992 -1.90184 511 -0.636968 -0.380433 
2.60042 -6.58155 1.54168 513 0.164295 0.518529 
1.01972 -7.49417 -0.323822 518 -0.45313 0.0527922 
1.55304 -7.18626 -0.142317 519 -0.276901 0.0708366 
3.60364 -6.00234 1.48237 523 0.524318 0.457425 
3.18104 -6.24633 1.49572 527 0.369357 0.483327 
3.62183 -5.99184 -0.708902 530 0.425673 -0.231359 
0.57886 -7.7487 0.424617 532 -0.544002 0.280399 
1.74656 -7.07452 -0.649775 536 -0.235632 -0.0834498 
3.84209 -5.86467 0.762035 537 0.586741 0.231776 
4.08321 -5.72546 -0.0501395 541 0.644641 -0.0461752 
3.27776 -6.19049 1.48571 543 0.404041 0.477513 
1.31384 -7.32436 1.35338 549 -0.271249 0.505393 
0.488173 -7.80106 0.703509 550 -0.554966 0.358508 
4.14699 -5.68864 -0.0739802 553 0.671897 -0.0605082 
2.76135 -6.48864 -0.835611 556 0.094665 -0.207656 
2.50813 -6.63483 -1.62398 557 -0.0320442 -0.437586 
0.766945 -7.64011 0.115194 558 -0.50259 0.188214 
0.990941 -7.51078 -1.55331 559 -0.530462 -0.299583 
1.77128 -7.06025 -1.32111 560 -0.270125 -0.286074 
4.08949 -5.72184 0.309736 570 0.666136 0.0691234 
1.27527 -7.34662 -0.861902 571 -0.401381 -0.122464 
2.35211 -6.72491 -1.73362 576 -0.097257 -0.460314 
2.61049 -6.57574 0.28437 581 0.101434 0.145017 
1.33215 -7.31379 -0.490916 582 -0.36475 -0.0146951 
0.848258 -7.59316 -0.946016 591 -0.540537 -0.116004 
1.26618 -7.35187 -0.159086 592 -0.365078 0.0860662 
0.587659 -7.74362 -1.86164 595 -0.667852 -0.365867 
2.00616 -6.92464 -1.64027 600 -0.206978 -0.405232 
2.48133 -6.65031 0.492331 604 0.0680379 0.214615 
2.61487 -6.57321 0.0112596 607 0.0895255 0.058997 
2.89706 -6.41029 -1.2274 611 0.129803 -0.343059 
2.4848 -6.64831 0.119285 615 0.0499003 0.102035 
2.90013 -6.40851 0.80747 626 0.238328 0.293764 
2.77919 -6.47834 -1.67587 627 0.0595169 -0.476943 
3.2896 -6.18365 -0.831285 632 0.293828 -0.24439 
0.695133 -7.68157 0.336635 637 -0.515348 0.251753 
3.83992 -5.86592 -0.579006 640 0.523326 -0.204603 
2.18105 -6.82367 0.572736 650 -0.0320579 0.249816 
2.35902 -6.72093 0.562621 651 0.0323712 0.236459 
1.77898 -7.05581 0.424263 655 -0.170516 0.227739 
0.279953 -7.92127 1.12217 656 -0.590895 0.478493 
0.172776 -7.98315 1.03516 658 -0.62421 0.460409 
1.12851 -7.43136 0.338853 661 -0.381829 0.233575 
4.05549 -5.74146 -0.254187 669 0.623737 -0.114801 
2.3244 -6.74091 -0.546464 673 -0.0395238 -0.087855 
3.62073 -5.99248 0.99023 683 0.512212 0.31004 
0.0842166 -8.03428 0.452304 685 -0.687062 0.310077 
1.16029 -7.41301 -1.93088 690 -0.497395 -0.424868 
1.43203 -7.25612 -1.20582 693 -0.373091 -0.228633 
3.83179 -5.87062 1.26855 694 0.60958 0.385542 
0.676712 -7.6922 0.794688 695 -0.494619 0.379348 
2.99296 -6.35491 0.665465 696 0.258689 0.243357 
0.735422 -7.65831 -0.141939 702 -0.531372 0.112942 
-0.0286901 -8.09947 1.01989 704 -0.683332 0.464446 
4.30182 -5.59925 -1.21577 708 0.679376 -0.452695 
2.02484 -6.91386 0.215523 713 -0.10042 0.151008 
2.26921 -6.77278 -0.294944 715 -0.0464526 -0.00965613 
1.12928 -7.43091 0.660268 716 -0.368119 0.323315 
1.34298 -7.30754 -1.15975 722 -0.39946 -0.208374 
3.52361 -6.04855 -0.447866 727 0.406803 -0.136968 
3.97273 -5.78925 1.60711 728 0.683574 0.490432 
3.90444 -5.82868 0.777906 744 0.61397 0.2283 
2.78119 -6.47718 -1.18276 749 0.0836186 -0.32023 
