-3.11304 -8.60806 -1.9166 254 0.0605897 -0.317175 
-3.48222 -7.96863 1.84681 255 -0.0215352 0.414786 
-4.57399 -6.07762 1.59563 258 -0.541128 0.465921 
-2.75039 -9.23619 0.329719 263 0.183218 0.0826733 
-3.07463 -8.67459 -1.54793 266 0.0782169 -0.250025 
-2.57499 -9.53998 1.60069 268 0.242479 0.306483 
-2.72709 -9.27655 -1.48729 269 0.174846 -0.228984 
-4.57341 -6.07862 1.60241 272 -0.540884 0.467114 
-3.88769 -7.26632 -1.50954 277 -0.188748 -0.312193 
-4.24528 -6.64697 0.694015 279 -0.351393 0.187181 
-3.32874 -8.23445 -1.42324 285 0.00446076 -0.2507 
-3.49888 -7.93976 0.772929 286 -0.0328515 0.179759 
-3.44968 -8.02497 0.167007 293 -0.0189206 0.057784 
-3.04378 -8.72802 1.54345 294 0.119726 0.324788 
-3.22332 -8.41705 1.89644 304 0.0679706 0.398618 
-3.93868 -7.178 -1.57121 306 -0.217582 -0.327121 
-3.32508 -8.2408 -1.51403 315 0.00532291 -0.264222 
-3.63057 -7.71167 -1.43695 316 -0.0941703 -0.271313 
-4.81248 -5.66455 -1.64507 319 -0.678098 -0.453563 
-3.09129 -8.64573 1.79249 320 0.109421 0.369763 
-4.10365 -6.89227 -1.45523 322 -0.283137 -0.315868 
-3.06428 -8.69251 -0.666718 324 0.093943 -0.0947281 
-4.30377 -6.54565 0.385968 326 -0.379531 0.109353 
-4.07384 -6.9439 0.0649336 330 -0.266875 0.0338926 
-3.49997 -7.93787 0.446165 333 -0.0357293 0.112488 
-3.35488 -8.18918 1.50964 334 0.0274921 0.33266 
-4.50583 -6.19567 0.376914 336 -0.493725 0.110434 
-4.09708 -6.90364 0.281542 338 -0.275801 0.0850331 
-3.77569 -7.46032 0.825581 340 -0.138685 0.207935 
-4.16753 -6.78163 0.981089 341 -0.312532 0.256532 
-4.78378 -5.71426 0.966713 344 -0.685294 0.295685 
-4.31667 -6.52331 1.57757 348 -0.3911 0.434287 
-3.62005 -7.72989 0.845456 350 -0.0768795 0.202427 
-4.2793 -6.58803 -1.32765 353 -0.368859 -0.301439 
-2.64072 -9.42615 1.95256 355 0.23507 0.374115 
-3.10287 -8.62567 -0.357131 361 0.086097 -0.0396117 
-4.34584 -6.47278 1.58859 363 -0.40625 0.434052 
-3.98712 -7.09411 0.170839 364 -0.230405 0.0530896 
-4.44212 -6.30602 -1.20213 365 -0.452744 -0.290151 
-3.32955 -8.23305 -1.41411 368 0.00216888 -0.246624 
-2.62582 -9.45194 -1.96759 374 0.190444 -0.292434 
-3.72571 -7.54688 0.335972 382 -0.122003 0.0956601 
-3.02092 -8.76762 -1.67324 386 0.0934311 -0.272567 
-4.55591 -6.10892 1.47438 387 -0.533088 0.428953 
-3.14704 -8.54917 1.54174 390 0.0881247 0.323579 
-2.75281 -9.23199 0.225616 395 0.18211 0.0651813 
-3.18967 -8.47533 1.85927 400 0.0810271 0.393446 
-3.33676 -8.22056 -0.399899 404 0.0126835 -0.057833 
-3.20418 -8.4502 0.757211 405 0.0629687 0.169868 
-3.32846 -8.23494 1.89335 407 0.0362574 0.412855 
-4.67743 -5.89845 0.0191106 408 -0.601086 0.0138101 
-4.7162 -5.8313 -1.22464 411 -0.619931 -0.329267 
-3.05904 -8.70159 0.925619 412 0.107995 0.20161 
-2.74941 -9.23788 0.292754 416 0.191346 0.0745333 
-4.24744 -6.64321 -1.92173 418 -0.351265 -0.439848 
-4.59318 -6.04438 0.332137 419 -0.548051 0.0990125 
-3.28794 -8.30512 -0.582867 425 0.0255431 -0.0887297 
-4.10084 -6.89714 -0.211774 427 -0.280297 -0.0366103 
-2.88356 -9.00553 1.61269 428 0.166793 0.325609 
-3.57786 -7.80296 1.13653 429 -0.0589165 0.261965 
-4.2527 -6.63411 -0.951124 431 -0.355576 -0.214432 
-4.54469 -6.12836 -1.52013 432 -0.513562 -0.382328 
-3.71801 -7.56021 -1.73791 433 -0.12667 -0.339117 
-2.84073 -9.07972 -1.27039 435 0.144168 -0.193127 
-4.68557 -5.88436 -1.8811 438 -0.595766 -0.491969 
-4.21563 -6.69831 -0.927394 445 -0.342711 -0.208209 
-4.75369 -5.76637 0.970583 446 -0.662122 0.291039 
-4.02746 -7.02424 -1.63148 447 -0.252673 -0.343418 
-2.97704 -8.84361 -0.559065 449 0.116036 -0.0717713 
-4.46089 -6.27351 1.45209 451 -0.475343 0.407827 
-3.13049 -8.57784 0.930095 453 0.0864231 0.20325 
-2.83311 -9.09292 -0.904736 454 0.148054 -0.128946 
-3.07985 -8.66554 0.939564 456 0.105434 0.201832 
-2.82678 -9.10387 0.818773 460 0.172235 0.17164 
-4.41902 -6.34603 0.58457 470 -0.443923 0.166511 
-4.6459 -5.95307 0.77707 474 -0.588394 0.234811 
-2.94605 -8.89729 1.87197 478 0.15203 0.378393 
-3.62908 -7.71426 0.283949 480 -0.0891447 0.0789684 
-4.72984 -5.80768 1.01961 483 -0.645119 0.30889 
-3.75747 -7.49188 -0.114405 484 -0.136194 -0.00579535 
-4.07094 -6.94893 1.07534 490 -0.266488 0.277983 
-2.61113 -9.47739 -1.5069 492 0.198018 -0.223719 
-3.63585 -7.70252 0.600044 494 -0.0861013 0.148827 
-3.6271 -7.71768 0.36592 497 -0.0817138 0.0979683 
-3.46213 -8.00341 0.473249 499 -0.0225467 0.1163 
-3.9326 -7.18855 1.52347 500 -0.199572 0.381851 
-0.751588 -8.51683 0.0534651 508 0.599719 -0.0064905 
-0.577812 -8.4165 -1.88021 514 0.600167 -0.458148 
-1.33469 -8.85349 -0.250941 535 0.444933 -0.0544342 
-0.805849 -8.54816 -1.1322 539 0.554651 -0.270548 
-1.55768 -8.98223 1.00965 540 0.42161 0.207787 
-0.942173 -8.62687 -1.81306 542 0.507067 -0.399353 
-2.54087 -9.54988 -1.96382 546 0.204807 -0.291476 
-2.17518 -9.33875 -0.02102 551 0.286749 0.0164686 
-1.37853 -8.8788 -0.140968 554 0.436746 -0.0274698 
-0.337383 -8.27769 -1.23289 555 0.687962 -0.341442 
-1.35618 -8.8659 -1.86663 561 0.409545 -0.370049 
-0.751362 -8.5167 -0.54808 562 0.582866 -0.146167 
-2.39776 -9.46725 -1.50147 566 0.234195 -0.225351 
-0.48463 -8.36271 0.158388 572 0.684472 0.00304437 
-1.19047 -8.77022 1.45663 578 0.519771 0.315852 
-1.13416 -8.73771 1.81808 584 0.533945 0.403486 
-2.13398 -9.31496 -0.61668 585 0.288263 -0.0878522 
-1.80668 -9.12599 1.44164 586 0.372494 0.292285 
-0.665112 -8.46691 -0.0591155 593 0.621482 -0.0363417 
-1.05884 -8.69422 -0.500411 598 0.502983 -0.118815 
-1.85453 -9.15362 1.00414 599 0.357769 0.208455 
-1.02236 -8.67316 1.83715 602 0.566062 0.413006 
-0.918376 -8.61313 -1.76208 603 0.514406 -0.39291 
-2.0658 -9.2756 0.128408 612 0.305389 0.0377448 
-2.28434 -9.40177 0.767727 616 0.280799 0.160221 
-1.43619 -8.91209 -1.99412 619 0.388585 -0.384821 
-0.478158 -8.35897 -0.638973 621 0.661605 -0.183948 
-1.39269 -8.88697 -0.919729 622 0.418029 -0.182835 
-1.85496 -9.15386 1.85126 623 0.37308 0.375478 
-2.10532 -9.29841 0.971801 625 0.310796 0.198929 
-0.802806 -8.5464 1.53266 628 0.625676 0.354546 
-1.41788 -8.90152 -1.16565 639 0.409471 -0.232921 
-0.795119 -8.54197 -0.566815 642 0.571903 -0.150314 
-1.37552 -8.87706 0.232198 643 0.445489 0.0488418 
-1.56414 -8.98596 -0.787846 645 0.38917 -0.148895 
-0.814491 -8.55315 0.400562 646 0.591279 0.0729273 
-0.574829 -8.41478 0.349602 657 0.664099 0.0541101 
-1.00763 -8.66466 -0.50403 660 0.515941 -0.122344 
-0.613939 -8.43736 -0.547652 664 0.627325 -0.156077 
-0.867771 -8.58391 0.768917 668 0.581651 0.165275 
-0.769826 -8.52736 1.76192 670 0.639196 0.413348 
-1.48552 -8.94057 0.517606 676 0.425913 0.107975 
-1.10245 -8.71941 -0.567007 677 0.491902 -0.129409 
-2.31293 -9.41827 1.81431 707 0.287757 0.348522 
-0.939569 -8.62536 -0.32294 718 0.539518 -0.0850026 
-1.908 -9.18449 1.52916 719 0.359108 0.309101 
-0.734402 -8.50691 1.2467 730 0.636506 0.283771 
-1.49578 -8.94649 0.981389 746 0.434106 0.207586 
