-7 0.46862 -2.98529 58 472.856 231.961 
-7 -1.03485 -3.75523 61 385.582 80.3941 
-7 -0.184126 -2.39523 62 540.925 157.351 
-7 0.0943094 -5.21035 64 277.169 200.761 
-7 1.11392 -6.02536 65 235.499 280.205 
-7 0.886694 -5.35798 67 274.871 265.312 
-7 1.34911 -4.82912 74 315.62 304.618 
-7 0.694743 -5.33965 78 274.246 250.117 
-7 1.12101 -6.65735 79 200.327 278.252 
-7 0.821262 -3.48263 80 423.801 265.914 
-7 -1.84392 -6.0007 85 203.924 40.871 
-7 1.69039 -1.92004 89 602.547 367.949 
-7 -0.295975 -5.19552 90 274.302 167.337 
-7 1.40697 -4.3308 91 353.775 312.99 
-7 0.592834 -6.66606 94 194.131 240.838 
-7 -1.56958 -3.12031 95 448.5 5.18539 
-7 -1.20087 -3.87679 97 372.76 64.7997 
-7 1.52805 -2.92335 98 483.32 337.424 
-7 -0.609874 -5.90804 100 224.148 145.692 
-5.46333 -1.29075 -7 102 36.0914 94.6816 
-5.09885 0.316864 -7 107 33.5324 253.42 
-6.22725 1.4028 -7 110 141.15 314.796 
-5.05591 -0.451909 -7 117 12.5791 179.543 
-6.20015 -0.954561 -7 122 105.236 127.468 
-6.2831 -0.370457 -7 140 120.115 176.186 
-6.46998 0.52855 -7 150 145.021 244.41 
