-4.80195 0.41523 7 21 0.253312 0.1749 
-3.28746 -0.347612 7 22 0.589792 -0.00311202 
-5.92999 -1.73451 7 23 0.045621 -0.21684 
-5.37012 0.037908 7 24 0.152048 0.0963751 
-5.21106 1.44812 7 29 0.200576 0.371375 
-5.40598 0.152698 7 30 0.148432 0.11808 
-3.76175 1.7333 7 32 0.504815 0.513158 
-5.875 -0.508694 7 36 0.0712776 -0.00135595 
-4.02466 -0.174699 7 39 0.400754 0.0485127 
-3.22548 0.288125 7 40 0.623652 0.166883 
-5.59816 -0.619665 7 42 0.107752 -0.0251129 
-3.26615 1.27581 7 43 0.634644 0.430777 
-6.33365 0.109205 7 44 0.0223786 0.10749 
-6.25916 0.145289 7 48 0.0319165 0.113783 
-7 -0.503339 4.01391 52 -0.581213 0.0545398 
-7 -0.64261 4.44771 54 -0.478711 0.0157501 
-7 0.78654 5.75191 68 -0.21056 0.25755 
-7 -0.100249 4.19611 69 -0.528076 0.141 
-7 -0.527577 4.46053 71 -0.473799 0.0402881 
-7 -0.14175 5.47309 72 -0.269912 0.0963769 
-7 1.61955 6.53315 73 -0.0883868 0.364209 
-7 0.883221 6.2108 82 -0.141664 0.255564 
-7 1.46933 5.82185 93 -0.1896 0.376859 
-7 -0.576654 5.65743 96 -0.246083 0.012998 
