1.50492 8.95177 -1.01173 5 24.0948 78.1101 
-2.36095 6.71981 0.0648834 6 531.631 99.9003 
-0.178643 7.97976 0.508014 11 215.367 212.625 
0.882168 8.59222 -0.707979 12 80.3492 94.2009 
0.899845 8.60243 -1.45278 14 64.8355 12.3067 
0.308716 8.26114 -0.602419 18 140.155 93.1238 
-2.78176 6.47686 1.65747 19 636.295 338.221 
-0.834292 7.60122 -0.745649 20 271.317 37.8537 
-2.65363 6.55083 1.42287 22 608.82 303.84 
-2.57331 6.5972 -0.0115366 25 572.628 78.857 
1.53151 8.96712 0.925447 27 57.2904 273.9 
-1.29918 7.33282 1.56526 29 373.698 328.977 
-2.71663 6.51445 0.575812 32 610.277 168.085 
1.20489 8.77855 1.35968 34 90.7584 314.215 
0.643979 8.45471 0.172026 37 120.733 184.981 
1.0009 8.66077 1.01151 39 104.215 278.396 
1.35417 8.86473 -1.19204 41 30.8312 52.3613 
-1.4565 7.24199 0.969849 43 387.017 249.822 
-2.14768 6.84294 -0.101629 51 488.358 81.3397 
-1.24468 7.36429 0.57792 55 350.898 203.831 
-0.449959 7.82312 -0.349133 56 230.574 101.914 
1.11916 8.72905 0.11871 59 76.2263 188.776 
0.976565 8.64672 0.659001 63 99.4022 242.177 
-1.42581 7.25971 0.982136 67 382.769 252.172 
2.0992 9.29488 1.12901 72 15.4264 295.979 
-2.63329 6.56257 1.86537 75 607.441 367.919 
0.772201 8.52873 0.816256 76 120.526 256.222 
-2.18179 6.82325 0.0567123 84 495.232 102.331 
-1.81168 7.03693 1.23812 85 451.554 281.153 
-2.31638 6.74554 0.814643 87 532.517 214.933 
2.20527 9.35612 0.861552 89 4.18146 272.896 
0.17216 8.1823 0.981234 106 182.572 268.101 
-1.22592 7.37512 0.548265 107 349.568 198.29 
-0.30588 7.9063 0.0837691 108 218.649 159.722 
-2.27819 6.76759 -0.186085 109 512.191 64.3753 
1.53832 8.97105 -0.336704 110 32.5563 150.03 
-0.383025 7.86176 0.22409 112 231.071 173.923 
1.39446 8.888 1.03195 114 68.9574 283.093 
-1.79023 7.04931 1.8524 116 455.108 366.99 
-0.803108 7.61923 -0.814071 117 265.342 31.0869 
1.29458 8.83033 1.97538 118 94.6954 370.991 
-0.964105 7.52628 0.885878 120 315.953 245.159 
1.68572 9.05615 0.970133 121 45.4212 278.14 
0.0926466 8.13639 -1.10015 128 152.572 25.7477 
-1.20685 7.38613 1.22507 129 357.154 287.292 
-2.44383 6.67196 -0.385326 131 542.001 21.7231 
1.04442 8.6859 0.452906 133 88.7937 220.465 
-1.33285 7.31338 0.696058 135 365.685 215.275 
-0.621084 7.72432 1.104 141 274.753 275.474 
2.40916 9.47383 1.43867 146 0.9928 321.989 
-0.582336 7.74669 0.181318 147 253.266 165.678 
-0.447254 7.82468 0.726916 148 247.277 234.889 
-1.07075 7.46471 -0.23607 149 313.863 97.465 
-0.106953 8.02115 -0.188349 150 191.963 130.243 
-2.79823 6.46735 0.492322 157 628.418 153.158 
-2.15233 6.84026 -0.0957294 160 489.833 80.6085 
-2.43306 6.67818 0.0756168 161 546.495 99.2504 
1.66029 9.04147 -0.791988 162 13.329 104.574 
1.18573 8.76749 -1.30616 163 42.7064 37.9907 
-0.717429 7.6687 0.357392 164 273.367 182.064 
-2.12399 6.85662 0.667081 166 495.879 196.823 
0.840218 8.568 1.74362 168 129.367 351.369 
0.0695622 8.12307 1.38063 169 201.362 312.921 
-1.10514 7.44485 1.99159 172 352.298 379.118 
0.827608 8.56072 -0.196826 177 96.8631 147.142 
0.817645 8.55497 1.17423 181 122.436 293.951 
1.11154 8.72465 -0.22035 188 70.9435 152.618 
-1.12203 7.4351 -0.763709 191 310.392 24.0581 
-0.560641 7.75922 -0.484044 192 242.065 81.4279 
1.01143 8.66685 -1.03298 194 63.9925 64.2244 
-1.21876 7.37925 1.56713 198 362.188 329.638 
-2.46086 6.66212 1.43715 200 568.984 305.592 
1.63059 9.02433 -0.54542 202 21.5164 130.392 
-2.60244 6.58039 -0.419929 205 575.457 10.6301 
0.530427 8.38915 0.212413 206 132.841 188.403 
-1.89242 6.99031 1.67854 209 468.762 341.72 
-2.75916 6.4899 1.6333 210 632.26 334.371 
-0.0829147 8.03503 0.967789 213 210.223 263.129 
-1.32904 7.31558 0.826885 214 367.978 234.016 
-2.20564 6.80948 0.351964 217 504.683 147.495 
0.498224 8.37055 -0.257251 218 127.148 136.914 
-1.18272 7.40006 -0.335728 222 326.839 80.8481 
1.50761 8.95332 1.78202 225 73.2043 353.003 
0.843826 8.57009 1.93717 228 134.359 368.303 
0.842776 8.56948 1.16326 230 120.405 293.436 
1.20088 8.77623 0.396294 235 73.0407 217.684 
-0.477256 7.80736 0.692004 238 249.461 228.013 
-2.63039 6.56425 -0.0067306 240 584.629 77.1064 
0.34969 8.2848 -0.208161 246 144.026 138.779 
-2.65581 6.54957 -0.244999 247 588.845 33.3116 
