7 -1.49784 0.349314 151 -0.362904 -0.490453 
7 -0.0623122 -3.31422 152 0.525651 -0.0832481 
7 0.36994 -1.65205 155 0.148323 0.0143848 
7 0.947338 -0.351981 158 -0.162564 0.150216 
7 0.343459 -2.54532 160 0.34949 0.00820722 
7 -0.647617 -0.188366 161 -0.208125 -0.244202 
7 1.08732 -1.94397 162 0.204328 0.174064 
7 -0.724268 -3.10497 165 0.499125 -0.241097 
7 0.725336 0.960833 171 -0.498317 0.102775 
7 1.97211 0.0439567 176 -0.254053 0.378226 
7 1.44234 0.716532 178 -0.423822 0.269096 
7 -0.518283 -3.0968 179 0.491517 -0.191196 
7 0.741437 -4.00824 180 0.643916 0.0931502 
7 -0.443496 -0.586995 184 -0.104219 -0.187695 
7 -1.20096 -0.713027 185 -0.0699354 -0.389257 
7 -0.746732 -0.782938 186 -0.0533499 -0.265513 
7 -1.56385 -0.742436 193 -0.0609473 -0.49122 
7 -1.07027 0.309808 197 -0.346753 -0.365733 
7 1.83558 -1.14915 198 0.020506 0.33773 
