-7 0.21307 2.3409 51 0.0892117 0.15424 
-7 -0.503339 4.01391 52 0.43023 -0.00391596 
-7 -0.64261 4.44771 54 0.509082 -0.0308394 
-7 -0.441068 2.32778 56 0.0885936 0.00156584 
-7 1.50288 1.91462 59 -0.0129871 0.46713 
-7 1.26508 -0.184774 63 -0.57006 0.451971 
-7 -1.45394 1.58819 66 -0.0773408 -0.246508 
-7 -0.100249 4.19611 69 0.463152 0.0821658 
-7 -1.07602 2.04225 70 0.0268792 -0.149441 
-7 -0.527577 4.46053 71 0.511229 -0.0068277 
-7 -0.14175 5.47309 72 0.682166 0.0745823 
-7 -1.87164 2.51938 75 0.135147 -0.324362 
-7 1.51818 2.67054 81 0.157019 0.455348 
-7 -1.9255 2.82609 83 0.200117 -0.329591 
-7 -0.72299 3.2493 84 0.283359 -0.0563652 
-7 1.48523 2.57162 86 0.135671 0.44958 
-7 -0.166603 0.216342 87 -0.44172 0.0618421 
-7 1.20864 2.59145 88 0.140876 0.384548 
-7 0.312724 -0.335245 92 -0.607743 0.192087 
-7 -1.0576 1.73598 99 -0.0440647 -0.149241 
