-1.97014 0.361326 7 3 0.632561 0.126812 
-2.93389 0.906698 7 9 0.360769 0.313123 
-2.14837 -1.21575 7 10 0.462236 -0.319981 
-4.80195 0.41523 7 21 -0.0578694 0.219333 
-3.28746 -0.347612 7 22 0.206468 -0.00564873 
-5.92999 -1.73451 7 23 -0.269066 -0.147738 
-5.37012 0.037908 7 24 -0.154935 0.154017 
-5.21106 1.44812 7 29 -0.0910817 0.442589 
-5.40598 0.152698 7 30 -0.15688 0.177354 
-2.84657 -0.836733 7 31 0.289123 -0.155826 
-2.21352 -0.0799941 7 33 0.516303 0.0052895 
-5.875 -0.508694 7 36 -0.235048 0.0649542 
-4.02466 -0.174699 7 39 0.0588854 0.0683918 
-3.22548 0.288125 7 40 0.251801 0.151981 
-5.59816 -0.619665 7 42 -0.202692 0.035458 
-3.26615 1.27581 7 43 0.292086 0.416302 
-6.33365 0.109205 7 44 -0.275894 0.187282 
-2.70348 -0.732172 7 47 0.331929 -0.140144 
-6.25916 0.145289 7 48 -0.26645 0.192417 
-7 0.78654 5.75191 68 -0.552166 0.374527 
-7 -0.14175 5.47309 72 -0.628357 0.191558 
-7 1.61955 6.53315 73 -0.391022 0.4914 
-7 0.883221 6.2108 82 -0.460824 0.368367 
-7 1.46933 5.82185 93 -0.525535 0.515188 
-7 -0.576654 5.65743 96 -0.594556 0.0989724 
