-1.97014 0.361326 7 3 238.517 329.087 
-2.93389 0.906698 7 9 112.301 373.042 
-2.14837 -1.21575 7 10 252.606 111.857 
-0.578608 0.00250695 7 11 443.809 318.901 
-0.39693 -1.00404 7 12 498.639 169.735 
-3.28746 -0.347612 7 22 101.561 206.251 
-2.84657 -0.836733 7 31 160.706 151.826 
-3.76175 1.7333 7 32 8.52653 450.089 
-2.21352 -0.0799941 7 33 218.388 262.954 
-4.02466 -0.174699 7 39 23.1932 214.099 
-3.22548 0.288125 7 40 94.3503 286.898 
-3.26615 1.27581 7 43 68.5102 409.637 
-2.70348 -0.732172 7 47 174.769 167.471 
