-5.21737 5.07065 -0.784054 2 45.4654 119.889 
-6.30704 4.44153 1.88748 3 225.084 383.647 
-7.56816 3.71342 -1.91336 13 322.164 7.55435 
-7.32861 3.85173 1.20236 16 316.672 293.818 
-8.8069 2.99824 -0.956076 24 415.081 102.324 
-8.89169 2.94928 -0.604829 26 419.979 130.755 
-7.27042 3.88532 -0.762006 28 300.237 120.073 
-5.58769 4.85685 -0.0889875 33 114.8 204.268 
-4.90516 5.25091 0.957061 35 30.8961 344.411 
-9.15905 2.79493 1.33263 40 436.618 270.147 
-6.52013 4.31851 -0.668232 44 226.776 131.723 
-5.48126 4.9183 1.10702 45 120.976 337.079 
-8.69401 3.06342 -0.315471 46 408.922 155.533 
-5.40315 4.96339 -0.284863 49 87.04 181.762 
-9.17118 2.78792 0.352843 50 437.35 201.504 
-6.99514 4.04426 0.162238 53 280.677 208.974 
-7.12929 3.9668 -0.413303 57 289.527 153.575 
-7.76282 3.60104 -1.23079 58 340.598 76.0301 
-9.06868 2.8471 0.616604 61 432.863 221.374 
-6.35552 4.41354 0.367926 65 218.155 239.595 
-8.32689 3.27537 0.102633 68 386.669 190.808 
-9.53193 2.57964 -0.151691 69 456.995 162.989 
-6.73615 4.19379 -0.772225 73 248.888 116.74 
-8.43422 3.2134 0.143156 79 396.069 192.52 
-7.01524 4.03265 0.767731 80 287.078 264.972 
-6.84889 4.1287 -1.69131 81 254.344 20.8381 
-8.57211 3.13379 0.696853 83 403.403 232.806 
-9.48597 2.60618 0.402373 91 454.277 201.103 
-7.84704 3.55241 -1.4571 93 345.449 57.5362 
-6.07518 4.57539 0.411442 94 185.844 250.429 
-6.7471 4.18746 0.728183 95 262.483 265.092 
-6.83682 4.13566 0.932129 96 271.408 281.855 
-8.21684 3.33891 0.855065 98 379.109 249.61 
-5.96131 4.64114 0.2828 99 171.775 236.89 
-5.72779 4.77596 -0.0479517 100 135.665 204.111 
-4.97487 5.21066 0.882942 102 39.1529 330.758 
-8.30606 3.2874 -0.374033 103 383.194 152.073 
-6.83515 4.13663 0.928504 104 272.895 282.416 
-9.49264 2.60233 0.71894 111 455.08 223.478 
-6.45698 4.35497 0.0373591 113 226.146 203.481 
-5.86459 4.69698 1.11578 115 170.047 326.342 
-5.82616 4.71917 1.05356 123 165.395 320.769 
-7.76272 3.6011 -1.33649 124 339.739 67.7703 
-9.4138 2.64784 -0.749638 127 451.218 119.774 
-6.48824 4.33692 0.602459 130 236.02 260.566 
-9.10665 2.82518 -0.067222 132 434.4 170.27 
-8.31486 3.28232 -0.998132 134 381.321 97.9247 
-7.54306 3.72791 -0.636474 136 324.477 133.189 
-8.32648 3.27561 -0.916176 137 382.843 104.292 
-7.75055 3.60812 0.607921 138 346.613 237.28 
-8.89144 2.94943 -0.995818 139 419.996 100.249 
-8.50915 3.17015 -1.43562 142 396.04 61.8866 
-6.25679 4.47054 0.905937 144 212.569 293.948 
-8.55092 3.14603 -1.2267 145 398.406 79.374 
-9.27136 2.73008 -1.79969 152 442.835 36.1874 
-5.45173 4.93535 -0.474326 153 88.2213 156.746 
-7.61388 3.68703 -1.43304 154 328.143 56.5367 
-8.81769 2.99201 -0.933105 158 416.077 104.492 
-5.18032 5.09204 -1.54133 165 19.8447 13.7083 
-5.69185 4.79671 -0.755463 167 119.737 121.687 
-6.08649 4.56887 1.43535 170 199.157 349.444 
-6.68884 4.2211 0.597207 171 255.144 256.901 
-7.21392 3.91795 1.54448 173 307.682 325.425 
-7.83448 3.55966 -0.735079 174 347.108 120.326 
-5.13805 5.11645 1.50194 175 78.6429 394.453 
-9.09008 2.83474 -1.5709 176 432.368 53.4291 
-6.73975 4.1917 -1.74479 178 240.296 14.2264 
-5.92197 4.66385 1.33939 179 177.655 345.822 
-5.55644 4.87489 1.22347 180 130.851 347.482 
-5.92731 4.66077 1.73781 182 182.552 385.228 
-5.70558 4.78878 -0.80519 184 121.249 117.313 
-7.69247 3.64165 -1.44056 186 333.326 56.2381 
-6.79289 4.16102 0.492295 190 265.12 243.403 
-8.58962 3.12368 -0.807997 201 400.478 115.144 
-9.31972 2.70216 0.881481 208 446.567 238.253 
-6.12407 4.54717 1.70161 211 206.768 373.427 
-6.59885 4.27306 -1.66716 216 225.449 20.1404 
-5.75689 4.75916 -1.40167 219 120.033 42.0581 
-7.86451 3.54233 1.45463 223 358.444 302.257 
-7.66224 3.65911 -1.56845 226 330.321 44.2495 
-7.55688 3.71994 1.11487 232 333.032 281.12 
-6.86074 4.12186 0.00652214 233 269.084 196.058 
-8.6765 3.07352 1.96596 234 410.969 322.039 
-5.83224 4.71566 -1.67191 237 126.279 8.17086 
-7.02658 4.02611 -1.06432 239 275.646 90.8461 
-8.03402 3.44446 -0.562411 242 362.094 137.307 
-8.14068 3.38288 -0.0878003 245 370.812 177.232 
-6.54441 4.30449 1.25315 248 247.341 318.489 
-9.1587 1.86333 -0.988996 253 510.15 94.937 
-8.41737 0.579321 1.27562 256 633.347 295.236 
-9.52122 2.49124 -1.0717 257 463.374 94.8372 
-8.93601 1.47762 -0.633868 259 547.611 119.846 
-9.30328 2.11375 1.73712 262 487.712 298.839 
-8.62862 0.94521 0.119044 265 599.23 184.824 
-9.05625 1.68588 -1.53396 267 528.565 45.08 
-9.13681 1.82542 0.452008 276 512.152 209.29 
-8.62523 0.939344 -1.18054 287 606.315 62.4412 
-8.648 0.978768 1.29878 299 589.035 287.503 
-8.641 0.966654 -0.16123 311 598.968 162.035 
-9.31057 2.12638 -0.0551822 313 491.508 168.868 
-8.81253 1.26375 -0.857651 325 569.394 98.51 
-8.82998 1.29397 -1.283 359 567.151 60.0057 
-8.81299 1.26454 1.68087 370 558.764 313.564 
-9.0577 1.6884 -0.174837 377 526.497 159.887 
-9.37546 2.23878 -1.18001 383 484.105 84.4044 
-9.14202 1.83445 -1.39071 391 516.244 59.278 
-9.48121 2.42194 -1.26659 396 468.95 78.1285 
-9.44529 2.35972 -1.11888 402 475.359 91.6731 
-8.91993 1.44977 0.165011 413 547.012 188.34 
-9.51944 2.48816 0.340095 422 464.281 196.252 
-8.92471 1.45805 -1.88576 426 551.662 4.92198 
-9.40694 2.29329 1.83376 448 474.571 302.9 
-8.66593 1.00983 0.45259 465 589.588 214.171 
-9.45274 2.37263 -1.8729 469 471.874 29.2197 
-9.08866 1.74202 1.71988 475 516.166 303.77 
-8.78933 1.22356 1.82285 477 561.579 324.878 
-8.80838 1.25656 1.8581 487 559.279 326.605 
-9.2531 2.02685 -1.52478 488 500.217 51.8715 
-9.11496 1.78758 0.0633076 493 516.316 180.18 
-9.55916 2.55695 -0.634717 496 458.827 127.32 
-9.00888 1.60385 -0.973121 498 537.539 94.5337 
