1.69792 -0.977731 -7 104 408.84 99.564 
5.64257 -0.481715 -7 109 13.7021 142.479 
2.26927 0.767181 -7 111 302.643 327.029 
2.74139 -0.240151 -7 113 265.226 189.473 
4.50714 -1.04124 -7 119 108.07 88.6772 
2.98659 0.138239 -7 123 231.86 233.249 
0.474792 -0.485198 -7 124 594.611 180.264 
4.46367 -0.542201 -7 125 103.913 141.906 
3.77354 -0.887468 -7 133 170.278 106.485 
1.03314 -1.58354 -7 136 519.859 11.7139 
3.34213 1.4046 -7 137 173.723 379.413 
0.97797 0.750031 -7 138 483.921 361.015 
4.29646 -0.0380129 -7 139 110.031 197.499 
4.8725 1.3091 -7 142 42.5682 332.957 
1.9715 1.13953 -7 144 333.219 385.49 
1.45576 0.553777 -7 145 414.725 318.159 
