-5.21106 1.44812 7 29 0.675901 0.0592737 
-5.40598 0.152698 7 30 0.693561 -0.216943 
-5.875 -0.508694 7 36 0.623713 -0.355126 
-5.59816 -0.619665 7 42 0.687233 -0.384918 
-6.33365 0.109205 7 44 0.516725 -0.230118 
-6.25916 0.145289 7 48 0.52788 -0.223083 
-7 0.21307 2.3409 51 -0.406526 -0.313582 
-7 -0.503339 4.01391 52 -0.0106241 -0.429723 
-7 -0.64261 4.44771 54 0.073373 -0.444153 
-7 -0.441068 2.32778 56 -0.409388 -0.494497 
-7 1.81819 2.50338 57 -0.367845 0.0791326 
-7 1.50288 1.91462 59 -0.523769 0.0109047 
-7 0.78654 5.75191 68 0.244429 -0.129187 
-7 -0.100249 4.19611 69 0.0164866 -0.331772 
-7 -0.527577 4.46053 71 0.0732173 -0.417858 
-7 -0.14175 5.47309 72 0.227734 -0.306757 
-7 1.61955 6.53315 73 0.323547 0.011806 
-7 1.51818 2.67054 81 -0.326098 0.0102594 
-7 0.883221 6.2108 82 0.302329 -0.109317 
-7 -0.72299 3.2493 84 -0.169953 -0.519971 
-7 1.48523 2.57162 86 -0.349957 0.00326829 
-7 1.20864 2.59145 88 -0.343963 -0.0607759 
-7 1.46933 5.82185 93 0.237767 -0.010529 
-7 -0.576654 5.65743 96 0.265479 -0.387433 
