-7 0.0943094 -5.21035 64 0.439809 0.0668738 
-7 1.11392 -6.02536 65 0.296781 0.256349 
-7 0.886694 -5.35798 67 0.414703 0.225494 
-7 1.34911 -4.82912 74 0.530071 0.339486 
-7 0.694743 -5.33965 78 0.417371 0.18691 
-7 1.12101 -6.65735 79 0.202267 0.245196 
-7 -1.84392 -6.0007 85 0.296052 -0.262582 
-7 -0.295975 -5.19552 90 0.440692 -0.0105918 
-7 1.40697 -4.3308 91 0.656697 0.374857 
-7 0.592834 -6.66606 94 0.201321 0.155361 
-7 -0.609874 -5.90804 100 0.312671 -0.0558051 
-3.17768 1.79522 -7 101 -0.524173 0.491006 
-5.46333 -1.29075 -7 102 -0.0180655 -0.194739 
-4.55559 -0.250499 -7 105 -0.168576 -0.0270119 
-5.09885 0.316864 -7 107 -0.0820569 0.0973129 
-6.22725 1.4028 -7 110 0.0694804 0.297755 
-5.05591 -0.451909 -7 117 -0.083074 -0.0541876 
-3.07632 -1.96878 -7 120 -0.464864 -0.498882 
-3.56835 0.827876 -7 121 -0.394317 0.21205 
-6.20015 -0.954561 -7 122 0.0738896 -0.110978 
-3.11373 -0.303232 -7 130 -0.491675 -0.0865502 
-3.58737 1.4874 -7 135 -0.402304 0.384338 
-6.2831 -0.370457 -7 140 0.0817738 -0.011796 
-5.05277 -1.83336 -7 148 -0.0736406 -0.312418 
-6.46998 0.52855 -7 150 0.100783 0.142047 
