4.32541 -5.58563 0.848861 506 330.068 387.188 
3.31453 -6.16926 -0.82277 507 201.816 143.677 
2.55081 -6.61019 -1.05696 510 81.0256 90.4928 
2.60042 -6.58155 1.54168 513 13.305 473.068 
5.15051 -5.10926 0.655281 515 453.588 368.938 
5.54127 -4.88365 0.584966 517 508.454 365.92 
6.5432 -4.30518 -1.86519 522 632.686 103.294 
3.60364 -6.00234 1.48237 523 201.64 471.082 
4.96491 -5.21641 -0.162781 524 435.956 261.457 
3.18104 -6.24633 1.49572 527 127.258 470.57 
4.45282 -5.51207 0.330289 528 357.226 316.302 
3.62183 -5.99184 -0.708902 530 249.424 163.667 
5.78814 -4.74112 0.731293 533 539.079 389.796 
3.84209 -5.86467 0.762035 537 256.563 367.376 
6.50511 -4.32718 -1.71048 538 630.411 118.333 
4.08321 -5.72546 -0.0501395 541 309.062 258.56 
3.27776 -6.19049 1.48571 543 142.713 470.065 
5.8167 -4.72463 -0.692834 547 547.823 213.509 
5.94865 -4.64845 -0.108768 552 564.227 283.788 
4.14699 -5.68864 -0.0739802 553 318.36 259.074 
2.76135 -6.48864 -0.835611 556 111.607 125.749 
2.50813 -6.63483 -1.62398 557 89.1955 17.8296 
5.11501 -5.12975 -1.32998 563 462.998 125.432 
5.60572 -4.84644 -1.12497 564 523.635 160.79 
4.17332 -5.67344 0.684667 567 312.741 359.919 
4.23148 -5.63986 1.46124 569 307.6 475.385 
4.08949 -5.72184 0.309736 570 302.63 307.613 
4.78434 -5.32066 -1.81187 575 424.286 66.4134 
5.79079 -4.73959 0.326224 579 541.367 335.816 
2.61049 -6.57574 0.28437 581 53.762 275.935 
6.08574 -4.5693 -0.422393 587 580.104 249.215 
3.5218 -6.04959 -1.73721 596 249.331 34.876 
2.48133 -6.65031 0.492331 604 24.925 304.761 
4.89471 -5.25694 -0.199595 606 427.018 256.542 
2.61487 -6.57321 0.0112596 607 64.6527 237.073 
2.89706 -6.41029 -1.2274 611 144.717 80.375 
2.4848 -6.64831 0.119285 615 37.0473 249.777 
5.91431 -4.66828 0.963849 617 554.895 420.384 
2.90013 -6.40851 0.80747 626 95.7777 358.925 
2.77919 -6.47834 -1.67587 627 134.934 20.8553 
5.34694 -4.99584 -0.371774 630 487.83 243.1 
3.2896 -6.18365 -0.831285 632 198.393 139.603 
3.83992 -5.86592 -0.579006 640 277.589 185.294 
6.13888 -4.53862 1.31542 644 584.061 470.58 
6.14497 -4.53511 -1.1835 648 588.6 166.511 
3.74064 -5.92325 -1.9671 654 285.619 16.121 
4.82206 -5.29889 0.859675 662 404.745 393.079 
4.88586 -5.26205 0.975449 663 413.641 411.733 
6.55913 -4.29599 -1.18896 667 636.212 173.077 
4.05549 -5.74146 -0.254187 669 307.991 231.1 
2.3244 -6.74091 -0.546464 673 27.2997 150.881 
4.78329 -5.32127 0.804293 674 400.673 384.284 
5.20039 -5.08046 -0.0857982 678 467.129 274.469 
4.99407 -5.19958 0.559179 682 432.885 355.018 
3.62073 -5.99248 0.99023 683 215.78 399.359 
5.70419 -4.78959 -0.684915 686 535.065 211.476 
6.4204 -4.37608 -1.66156 687 621.211 121.263 
4.226 -5.64302 0.28797 691 322.185 306.711 
3.83179 -5.87062 1.26855 694 243.586 441.966 
2.99296 -6.35491 0.665465 696 113.569 340.049 
4.82073 -5.29965 -1.08631 698 425.683 146.367 
5.29956 -5.0232 -0.579862 701 484.154 216.715 
6.39348 -4.39163 0.914159 705 615.885 418.568 
4.30182 -5.59925 -1.21577 708 355.607 119.683 
5.49777 -4.90876 0.072566 709 506.069 299.22 
6.01108 -4.6124 1.08959 711 567.573 438.442 
2.26921 -6.77278 -0.294944 715 8.39837 185.871 
6.54292 -4.30535 -1.87458 720 634.702 102.488 
4.48631 -5.49273 -1.46496 723 383.738 94.9591 
5.45807 -4.93168 0.702726 724 494.783 379.431 
3.52361 -6.04855 -0.447866 727 229.414 196.704 
5.30402 -5.02063 -1.37929 729 489.453 124.437 
5.1391 -5.11584 0.224599 734 456.057 314.861 
6.09889 -4.56171 1.10908 735 578.516 440.706 
4.48121 -5.49568 0.424736 739 360.719 329.685 
5.33057 -5.0053 -0.178382 743 484.637 267.77 
3.90444 -5.82868 0.777906 744 267.82 370.657 
2.78119 -6.47718 -1.18276 749 123.555 82.065 
