-5.37012 0.037908 7 24 618.551 130.462 
-5.21106 1.44812 7 29 605.859 266.839 
-5.40598 0.152698 7 30 612.638 141.72 
-5.875 -0.508694 7 36 581.487 78.927 
-5.59816 -0.619665 7 42 609.279 65.5867 
-6.33365 0.109205 7 44 534.76 135.53 
-6.25916 0.145289 7 48 539.715 138.744 
-7 0.21307 2.3409 51 106.403 98.8712 
-7 -0.503339 4.01391 52 292.158 44.6698 
-7 -0.64261 4.44771 54 331.161 38.0005 
-7 -0.441068 2.32778 56 103.876 14.7057 
-7 1.81819 2.50338 57 127.302 281.146 
-7 1.50288 1.91462 59 52.5824 250.372 
-7 0.78654 5.75191 68 412.096 182.026 
-7 -0.100249 4.19611 69 305.385 89.7351 
-7 -0.527577 4.46053 71 331.247 50.0864 
-7 -0.14175 5.47309 72 403.371 100.851 
-7 1.61955 6.53315 73 449.241 246.036 
-7 1.51818 2.67054 81 146.649 248.947 
-7 0.883221 6.2108 82 438.813 190.872 
-7 -0.72299 3.2493 84 216.991 2.99828 
-7 1.48523 2.57162 86 135.3 245.839 
-7 1.20864 2.59145 88 137.733 216.095 
-7 1.46933 5.82185 93 409.724 236.299 
-7 -0.576654 5.65743 96 420.273 63.8908 
