1.69792 -0.977731 -7 104 -0.341582 -0.0343225 
2.77254 -1.94854 -7 108 -0.673571 -0.272449 
-0.689565 -1.47331 -7 112 0.402237 -0.311101 
2.74139 -0.240151 -7 113 -0.627437 0.237482 
2.98659 0.138239 -7 123 -0.689282 0.365289 
0.474792 -0.485198 -7 124 0.0607662 0.068841 
-1.05355 -1.5594 -7 126 0.523454 -0.359845 
-1.30535 -1.94469 -7 131 0.588459 -0.498578 
1.03314 -1.58354 -7 136 -0.160939 -0.252384 
0.97797 0.750031 -7 138 -0.0514116 0.506675 
1.45576 0.553777 -7 145 -0.214696 0.453602 
-0.615215 -0.161545 -7 146 0.451362 0.130597 
0.206379 -1.0164 -7 147 0.124706 -0.116669 
