-6.33365 0.109205 7 44 0.596456 -0.214581 
-6.25916 0.145289 7 48 0.608348 -0.207431 
-7 0.21307 2.3409 51 -0.316187 -0.293141 
-7 -0.503339 4.01391 52 0.0666874 -0.410472 
-7 -0.64261 4.44771 54 0.149275 -0.425728 
-7 -0.441068 2.32778 56 -0.315458 -0.46863 
-7 1.81819 2.50338 57 -0.286823 0.0910982 
-7 1.50288 1.91462 59 -0.433333 0.0230109 
-7 0.78654 5.75191 68 0.315363 -0.112873 
-7 -0.100249 4.19611 69 0.0918529 -0.314011 
-7 -0.527577 4.46053 71 0.148774 -0.399718 
-7 -0.14175 5.47309 72 0.300647 -0.290668 
-7 1.61955 6.53315 73 0.39353 0.0295367 
-7 1.51818 2.67054 81 -0.245637 0.0236502 
-7 0.883221 6.2108 82 0.373353 -0.0928159 
-7 -0.72299 3.2493 84 -0.086562 -0.49688 
-7 1.48523 2.57162 86 -0.268325 0.0166237 
-7 1.20864 2.59145 88 -0.261417 -0.0462506 
-7 1.46933 5.82185 93 0.307352 0.00644404 
-7 -0.576654 5.65743 96 0.339283 -0.371545 
