5.64257 -0.481715 -7 109 -0.133626 -0.222154 
2.26927 0.767181 -7 111 0.554642 0.154279 
2.74139 -0.240151 -7 113 0.445835 -0.14973 
6.30632 -1.54879 -7 115 -0.211068 -0.420769 
4.50714 -1.04124 -7 119 0.0525637 -0.348124 
2.98659 0.138239 -7 123 0.363954 -0.0510871 
4.46367 -0.542201 -7 125 0.0525625 -0.234731 
6.6867 0.183154 -7 127 -0.263894 -0.109078 
6.46481 -1.88245 -7 128 -0.228086 -0.480606 
3.77354 -0.887468 -7 133 0.198186 -0.321777 
6.08103 -0.977971 -7 134 -0.187049 -0.315531 
3.34213 1.4046 -7 137 0.242047 0.244133 
4.29646 -0.0380129 -7 139 0.0751184 -0.120652 
6.59087 -1.1778 -7 141 -0.246634 -0.347059 
4.8725 1.3091 -7 142 -0.0407535 0.140776 
6.26277 1.2623 -7 143 -0.222885 0.0809675 
1.9715 1.13953 -7 144 0.640123 0.28418 
6.4687 -1.97232 -7 149 -0.228019 -0.497664 
7 -1.59791 -6.35011 157 -0.390283 -0.447147 
7 1.75895 -5.06184 159 -0.641334 0.208342 
7 -0.863938 -6.09367 166 -0.436108 -0.314728 
7 1.33843 -4.95324 172 -0.669432 0.127724 
7 0.759759 -5.08223 173 -0.64186 0.00357542 
7 0.831841 -5.58946 182 -0.53102 0.010007 
7 1.69172 -5.79597 183 -0.490206 0.164069 
7 0.781169 -6.98961 200 -0.299988 -0.0161803 
