7 -1.49784 0.349314 151 10.4315 54.0511 
7 -0.0623122 -3.31422 152 430.709 247.683 
7 0.36994 -1.65205 155 262.238 292.523 
7 0.947338 -0.351981 158 103.666 363.333 
7 1.75895 -5.06184 159 567.726 415.581 
7 0.343459 -2.54532 160 356.171 288.965 
7 -0.647617 -0.188366 161 85.0594 168.714 
7 1.08732 -1.94397 162 291.852 369.994 
7 0.863395 -4.44339 163 523.477 336.677 
7 -0.724268 -3.10497 165 413.826 179.518 
7 1.33843 -4.95324 172 561.246 378.304 
7 0.759759 -5.08223 173 573.273 325.336 
7 -0.518283 -3.0968 179 412.321 200.634 
7 0.741437 -4.00824 180 488.315 326.382 
7 -0.563655 -4.89557 181 564.537 203.8 
7 0.831841 -5.58946 182 609.909 330.481 
7 1.69172 -5.79597 183 620.84 404.713 
7 -0.443496 -0.586995 184 137.255 196.294 
7 -1.20096 -0.713027 185 155.118 106.206 
7 -0.746732 -0.782938 186 162.814 161.319 
7 0.0865561 -4.29161 189 514.269 263.492 
7 -1.97934 -4.46413 190 536.453 66.488 
7 -1.56385 -0.742436 193 159.725 62.8059 
7 -1.07027 0.309808 197 15.5756 110.206 
7 1.83558 -1.14915 198 200.701 459.246 
