5.64257 -0.481715 -7 109 398.665 243.001 
6.30632 -1.54879 -7 115 350.034 164.989 
4.50714 -1.04124 -7 119 483.036 178.299 
4.46367 -0.542201 -7 125 492.306 227.46 
6.6867 0.183154 -7 127 342.018 298.413 
6.46481 -1.88245 -7 128 339.106 142.454 
3.77354 -0.887468 -7 133 562.091 180.288 
6.08103 -0.977971 -7 134 367.135 206.381 
4.29646 -0.0380129 -7 139 514.179 277.889 
6.59087 -1.1778 -7 141 337.487 196.826 
4.8725 1.3091 -7 142 473.785 407.941 
6.26277 1.2623 -7 143 373.387 383.746 
6.4687 -1.97232 -7 149 338.267 135.808 
7 -0.0623122 -3.31422 152 9.77843 326.694 
7 -1.59791 -6.35011 157 277.409 169.138 
7 1.75895 -5.06184 159 210.761 464.395 
7 0.863395 -4.44339 163 148.58 398.331 
7 -0.863938 -6.09367 166 266.355 225.296 
7 1.33843 -4.95324 172 198.496 429.142 
7 0.759759 -5.08223 173 204.759 372.946 
7 0.741437 -4.00824 180 102.432 398.187 
7 -0.563655 -4.89557 181 178.98 255.565 
7 0.831841 -5.58946 182 244.19 368.705 
7 1.69172 -5.79597 183 264.946 436.035 
7 0.0865561 -4.29161 189 127.271 324.54 
7 -1.97934 -4.46413 190 128.402 122.912 
7 0.781169 -6.98961 200 329.742 341.296 
