-7 -1.78251 -2.62609 53 -0.314183 -0.383395 
-7 -0.29883 -1.326 55 -0.0422942 -0.0627475 
-7 0.46862 -2.98529 58 -0.427456 0.113639 
-7 -1.05185 -1.49538 60 -0.0758506 -0.235379 
-7 -1.03485 -3.75523 61 -0.556856 -0.218753 
-7 -0.184126 -2.39523 62 -0.287738 -0.0359469 
-7 1.26508 -0.184774 63 0.240554 0.3409 
-7 0.577231 -1.47952 76 -0.0858986 0.148774 
-7 -1.86155 -2.22478 77 -0.228568 -0.404198 
-7 0.821262 -3.48263 80 -0.54093 0.19309 
-7 -0.166603 0.216342 87 0.342767 -0.0305922 
-7 1.69039 -1.92004 89 -0.20384 0.42752 
-7 0.312724 -0.335245 92 0.200025 0.0890082 
-7 -1.56958 -3.12031 95 -0.419238 -0.334509 
-7 -1.20087 -3.87679 97 -0.577273 -0.252569 
-7 1.52805 -2.92335 98 -0.434013 0.370522 
