-1.97014 0.361326 7 3 -0.484955 0.0921208 
-2.14837 -1.21575 7 10 -0.461859 -0.415471 
-0.578608 0.00250695 7 11 -0.0372142 0.0643643 
-0.39693 -1.00404 7 12 0.0824501 -0.254992 
1.43468 0.247817 7 14 0.625104 0.277982 
1.15492 0.329495 7 16 0.520858 0.285272 
0.825183 -1.74731 7 17 0.555565 -0.445553 
1.72001 0.911917 7 20 0.67666 0.517865 
-2.84657 -0.836733 7 31 -0.687355 -0.328724 
-2.21352 -0.0799941 7 33 -0.536073 -0.0584316 
0.788776 -1.64059 7 38 0.534545 -0.409679 
-2.70348 -0.732172 7 47 -0.650235 -0.288623 
