-2.93389 0.906698 7 9 629.429 408.26 
-4.80195 0.41523 7 21 412.367 335.141 
-3.28746 -0.347612 7 22 558.071 249.095 
-5.92999 -1.73451 7 23 313.688 157.594 
-5.37012 0.037908 7 24 365.656 300.106 
-5.21106 1.44812 7 29 391.669 427.977 
-5.40598 0.152698 7 30 364.338 310.218 
-2.84657 -0.836733 7 31 611.548 180.098 
-5.875 -0.508694 7 36 327.935 255.947 
-4.02466 -0.174699 7 39 475.925 274.881 
-3.22548 0.288125 7 40 576.545 326.237 
-5.59816 -0.619665 7 42 344.041 244.582 
-3.26615 1.27581 7 43 587.233 448.321 
-6.33365 0.109205 7 44 307.18 306.997 
-2.70348 -0.732172 7 47 635.694 190.205 
-6.25916 0.145289 7 48 311.587 309.799 
-7 -0.503339 4.01391 52 17.6099 290.294 
-7 -0.64261 4.44771 54 67.7505 270.632 
-7 0.78654 5.75191 68 198.752 381.052 
-7 -0.100249 4.19611 69 43.7584 330.633 
-7 -0.527577 4.46053 71 70.1888 282.135 
-7 -0.14175 5.47309 72 169.167 305.808 
-7 1.61955 6.53315 73 258.352 429.642 
-7 0.883221 6.2108 82 231.871 378.968 
-7 1.46933 5.82185 93 209.705 437.568 
-7 -0.576654 5.65743 96 180.125 266.441 
