1.69792 -0.977731 -7 104 470.478 53.5778 
5.64257 -0.481715 -7 109 69.6044 98.9169 
2.26927 0.767181 -7 111 352.166 282.425 
2.74139 -0.240151 -7 113 318.082 145.591 
4.50714 -1.04124 -7 119 162.267 45.0005 
2.98659 0.138239 -7 123 283.228 189.026 
4.46367 -0.542201 -7 125 157.522 98.1238 
3.77354 -0.887468 -7 133 224.011 62.4097 
6.08103 -0.977971 -7 134 48.2852 51.0676 
3.34213 1.4046 -7 137 222.565 330.462 
0.97797 0.750031 -7 138 538.114 319.843 
4.29646 -0.0380129 -7 139 162.866 153.041 
6.59087 -1.1778 -7 141 20.1564 32.9997 
4.8725 1.3091 -7 142 96.3697 283.336 
6.26277 1.2623 -7 143 6.95553 253.713 
1.9715 1.13953 -7 144 381.343 340.258 
1.45576 0.553777 -7 145 467.567 275.729 
