-3.17768 1.79522 -7 101 445.656 424.163 
-4.55559 -0.250499 -7 105 594.664 189.595 
-2.11042 -0.0563179 -7 106 338.88 196.653 
-5.09885 0.316864 -7 107 632.545 253.153 
-0.235026 1.16667 -7 114 49.7356 375.153 
-0.0787955 1.33173 -7 116 21.1907 402.603 
-5.05591 -0.451909 -7 117 637.851 170.997 
-1.66978 1.93068 -7 118 268.523 462.273 
-3.56835 0.827876 -7 121 493.637 310.022 
-2.10211 -0.684594 -7 129 342.547 109.752 
-3.11373 -0.303232 -7 130 457.926 172.456 
-1.59533 0.795126 -7 132 265.05 311.942 
-3.58737 1.4874 -7 135 489.25 385.044 
-0.615215 -0.161545 -7 146 118.747 167.333 
