-2.93389 0.906698 7 9 624.104 409.059 
-4.80195 0.41523 7 21 407.88 337.26 
-3.28746 -0.347612 7 22 552.067 250.37 
-5.92999 -1.73451 7 23 308.749 160.181 
-5.37012 0.037908 7 24 361.164 302.44 
-5.21106 1.44812 7 29 387.755 430.575 
-5.40598 0.152698 7 30 359.9 312.579 
-2.84657 -0.836733 7 31 604.459 181.347 
-5.875 -0.508694 7 36 323.364 258.433 
-4.02466 -0.174699 7 39 470.735 276.568 
-3.22548 0.288125 7 40 570.981 327.325 
-5.59816 -0.619665 7 42 339.363 246.975 
-3.26615 1.27581 7 43 582.562 449.529 
-6.33365 0.109205 7 44 302.88 309.693 
-2.70348 -0.732172 7 47 628.417 191.3 
-6.25916 0.145289 7 48 307.289 312.475 
-7 -0.503339 4.01391 52 10.9041 294.14 
-7 -0.64261 4.44771 54 61.6668 274.184 
-7 0.78654 5.75191 68 194.108 384.627 
-7 -0.100249 4.19611 69 37.365 334.629 
-7 -0.527577 4.46053 71 64.1315 285.733 
-7 -0.14175 5.47309 72 164.135 309.128 
-7 1.61955 6.53315 73 254.335 433.199 
-7 0.883221 6.2108 82 227.511 382.36 
-7 1.46933 5.82185 93 205.269 441.469 
-7 -0.576654 5.65743 96 175.131 269.574 
