-2.11042 -0.0563179 -7 106 0.503269 -0.267951 
-0.235026 1.16667 -7 114 -0.0135497 0.239068 
-0.0787955 1.33173 -7 116 -0.0536828 0.302517 
-1.66978 1.93068 -7 118 0.476577 0.379443 
0.474792 -0.485198 -7 124 -0.359021 -0.25952 
-2.10211 -0.684594 -7 129 0.466573 -0.469935 
-1.59533 0.795126 -7 132 0.392371 0.0325351 
0.97797 0.750031 -7 138 -0.444619 0.187033 
1.45576 0.553777 -7 145 -0.624716 0.154795 
-0.615215 -0.161545 -7 146 0.0266025 -0.216051 
0.206379 -1.0164 -7 147 -0.303989 -0.456385 
