-2.93389 0.906698 7 9 532.086 398.21 
-2.14837 -1.21575 7 10 584.066 101.862 
-4.80195 0.41523 7 21 331.618 347.789 
-3.28746 -0.347612 7 22 457.56 247.982 
-5.92999 -1.73451 7 23 231.379 177.282 
-5.37012 0.037908 7 24 285.916 316.54 
-5.21106 1.44812 7 29 316.674 448.193 
-5.40598 0.152698 7 30 285.094 327.117 
-2.84657 -0.836733 7 31 497.974 178.525 
-2.21352 -0.0799941 7 33 609.748 256.983 
-5.875 -0.508694 7 36 248.224 274.891 
-4.02466 -0.174699 7 39 386.64 280.39 
-3.22548 0.288125 7 40 479.403 321.819 
-5.59816 -0.619665 7 42 263.158 261.863 
-3.26615 1.27581 7 43 498.56 444.275 
-6.33365 0.109205 7 44 229.891 329.77 
-2.70348 -0.732172 7 47 518.955 186.313 
-6.25916 0.145289 7 48 234.278 332.237 
-7 0.78654 5.75191 68 110.785 414.69 
-7 -0.14175 5.47309 72 76.4696 333.697 
-7 1.61955 6.53315 73 180.741 465.707 
-7 0.883221 6.2108 82 149.679 411.233 
-7 1.46933 5.82185 93 123.538 476.993 
-7 -0.576654 5.65743 96 89.8028 291.717 
