-7 -1.78251 -2.62609 53 191.131 52.3054 
-7 -0.29883 -1.326 55 317.501 200.275 
-7 0.46862 -2.98529 58 141.891 281.202 
-7 -1.05185 -1.49538 60 301.66 120.384 
-7 -1.03485 -3.75523 61 81.0732 129.308 
-7 -0.184126 -2.39523 62 204.78 212.856 
-7 1.26508 -0.184774 63 448.341 385.565 
-7 0.577231 -1.47952 76 297.828 297.403 
-7 -1.86155 -2.22478 77 230.535 42.2558 
-7 0.821262 -3.48263 80 91.0819 317.132 
-7 -0.166603 0.216342 87 496.585 214.775 
-7 1.69039 -1.92004 89 244.74 423.582 
-7 1.40697 -4.3308 91 6.7879 375.191 
-7 0.312724 -0.335245 92 429.812 270.123 
-7 -1.56958 -3.12031 95 143.137 75.4187 
-7 -1.20087 -3.87679 97 71.5561 113.791 
-7 1.52805 -2.92335 98 140.355 397.294 
