-5.875 -0.508694 7 36 619.427 77.2481 
-6.33365 0.109205 7 44 569.07 135.101 
-6.25916 0.145289 7 48 574.299 138.351 
-7 0.21307 2.3409 51 146.03 96.7797 
-7 -0.503339 4.01391 52 326.309 43.4025 
-7 -0.64261 4.44771 54 364.756 36.7003 
-7 -0.441068 2.32778 56 145.272 14.2089 
-7 1.81819 2.50338 57 162.39 276.38 
-7 1.50288 1.91462 59 92.0711 244.888 
-7 0.78654 5.75191 68 442.544 181.585 
-7 -0.100249 4.19611 69 338.457 88.3341 
-7 -0.527577 4.46053 71 364.622 48.7748 
-7 -0.14175 5.47309 72 435.255 99.7796 
-7 1.61955 6.53315 73 478.694 246.734 
-7 1.51818 2.67054 81 181.519 244.923 
-7 0.883221 6.2108 82 469.166 190.802 
-7 -0.72299 3.2493 84 253.918 2.24598 
-7 1.48523 2.57162 86 170.719 241.683 
-7 1.20864 2.59145 88 173.622 212.379 
-7 1.46933 5.82185 93 439.218 236.286 
-7 -0.576654 5.65743 96 452.792 62.6198 
