6.30632 -1.54879 -7 115 0.674574 -0.221477 
6.6867 0.183154 -7 127 0.637698 0.0948716 
6.46481 -1.88245 -7 128 0.641292 -0.268583 
6.59087 -1.1778 -7 141 0.631632 -0.143213 
6.4687 -1.97232 -7 149 0.63917 -0.283319 
7 -0.0623122 -3.31422 152 0.0171114 0.0425161 
7 0.36994 -1.65205 155 -0.370874 0.143353 
7 -1.59791 -6.35011 157 0.483723 -0.204503 
7 1.75895 -5.06184 159 0.342054 0.411206 
7 0.343459 -2.54532 160 -0.14744 0.133598 
7 1.08732 -1.94397 162 -0.298444 0.325896 
7 0.863395 -4.44339 163 0.231369 0.235441 
7 -0.724268 -3.10497 165 -0.0266724 -0.101643 
7 -0.863938 -6.09367 166 0.459909 -0.0862889 
7 1.33843 -4.95324 172 0.320215 0.326589 
7 0.759759 -5.08223 173 0.334436 0.208595 
7 -0.518283 -3.0968 179 -0.0279587 -0.0577598 
7 0.741437 -4.00824 180 0.15358 0.213942 
7 -0.563655 -4.89557 181 0.292272 -0.04614 
7 0.831841 -5.58946 182 0.411206 0.218434 
7 1.69172 -5.79597 183 0.451669 0.3818 
7 -0.443496 -0.586995 184 -0.675562 -0.0781462 
7 -1.20096 -0.713027 185 -0.621238 -0.272998 
7 -0.746732 -0.782938 186 -0.607762 -0.15423 
7 0.0865561 -4.29161 189 0.199123 0.0766848 
7 -1.97934 -4.46413 190 0.212325 -0.314932 
7 -1.56385 -0.742436 193 -0.605953 -0.36257 
7 0.781169 -6.98961 200 0.594672 0.198968 
