-7 0.21307 2.3409 51 0.145627 0.214518 
-7 -0.503339 4.01391 52 0.487532 0.0495039 
-7 -0.64261 4.44771 54 0.567213 0.0209829 
-7 -0.441068 2.32778 56 0.14256 0.0600528 
-7 -1.45394 1.58819 66 -0.0250859 -0.183595 
-7 -0.100249 4.19611 69 0.523801 0.136724 
-7 -1.07602 2.04225 70 0.0788711 -0.0897987 
-7 -0.527577 4.46053 71 0.570199 0.0453355 
-7 -1.87164 2.51938 75 0.183496 -0.264716 
-7 -1.9255 2.82609 83 0.247867 -0.271358 
-7 -0.72299 3.2493 84 0.33716 -0.00121478 
-7 1.48523 2.57162 86 0.197843 0.518551 
-7 -0.166603 0.216342 87 -0.380902 0.127527 
-7 1.20864 2.59145 88 0.201953 0.450867 
-7 0.312724 -0.335245 92 -0.5434 0.259435 
-7 -1.0576 1.73598 99 0.00865962 -0.0882975 
