-3.11304 -8.60806 -1.9166 254 598.354 93.5408 
-3.48222 -7.96863 1.84681 255 592.332 467.747 
-3.07463 -8.67459 -1.54793 266 607.395 128.98 
-5.66157 -4.19387 -0.652214 270 85.6107 263.488 
-5.67473 -4.17108 -1.85136 273 68.2714 106.422 
-5.23237 -4.93727 0.70564 274 222.053 425.309 
-3.88769 -7.26632 -1.50954 277 477.926 136.969 
-4.24528 -6.64697 0.694015 279 441.958 377.652 
-5.01096 -5.32075 -0.777348 280 256.244 232.755 
-3.32874 -8.23445 -1.42324 285 572.886 141.208 
-3.49888 -7.93976 0.772929 286 574.39 358.116 
-5.29575 -4.82749 -1.96199 288 172.409 91.7198 
-4.95189 -5.42307 -0.262658 289 279.136 292.186 
-4.9932 -5.35153 -1.23628 292 255.574 176.956 
-3.44968 -8.02497 0.167007 293 576.173 296.053 
-3.22332 -8.41705 1.89644 304 633.863 458.023 
-3.93868 -7.178 -1.57121 306 467.99 129.918 
-5.13363 -5.10828 -1.10309 312 223.266 194.454 
-3.32508 -8.2408 -1.51403 315 569.069 133.181 
-3.63057 -7.71167 -1.43695 316 522.813 141.244 
-4.92427 -5.47091 0.898447 318 302.019 434.941 
-4.81248 -5.66455 -1.64507 319 289.418 125.859 
-4.10365 -6.89227 -1.45523 322 440.803 143.445 
-3.06428 -8.69251 -0.666718 324 619.098 209.479 
-4.30377 -6.54565 0.385968 326 426.562 344.288 
-5.23373 -4.93491 -1.84234 327 190.193 108.755 
-5.70343 -4.12137 0.704539 329 87.9317 453.899 
-4.07384 -6.9439 0.0649336 330 466.675 301.693 
-4.85494 -5.591 -1.94807 331 280.008 93.1225 
-3.49997 -7.93787 0.446165 333 570.113 324.96 
-3.35488 -8.18918 1.50964 334 607.783 425.331 
-5.49704 -4.47884 -1.16972 335 126.169 191.794 
-4.50583 -6.19567 0.376914 336 384.621 352.161 
-4.09708 -6.90364 0.281542 338 466.076 327.249 
-3.77569 -7.46032 0.825581 340 530.858 374.036 
-4.16753 -6.78163 0.981089 341 461.077 405.98 
-5.29142 -4.83499 -0.290764 343 193.695 298.695 
-4.78378 -5.71426 0.966713 344 335.419 433.835 
-3.62005 -7.72989 0.845456 350 555.697 371.157 
-4.2793 -6.58803 -1.32765 353 410.184 156.988 
-5.36533 -4.70697 -0.794508 356 166.778 239.324 
-3.10287 -8.62567 -0.357131 361 619.924 238.408 
-4.93982 -5.44397 -1.05261 362 268.491 197.695 
-3.98712 -7.09411 0.170839 364 484.114 311.001 
-4.44212 -6.30602 -1.20213 365 377.753 174.499 
-3.32955 -8.23305 -1.41411 368 570.342 140.373 
-5.20485 -4.98493 0.860305 376 228.235 444.725 
-5.40008 -4.64678 -1.78435 379 143.304 113.663 
-5.0994 -5.16757 -0.624233 381 239.518 252.248 
-3.72571 -7.54688 0.335972 382 532.559 320.069 
-3.02092 -8.76762 -1.67324 386 615.163 115.509 
-5.24676 -4.91235 0.215207 389 210.881 363.827 
-3.14704 -8.54917 1.54174 390 637.731 420.102 
-4.97755 -5.37862 1.00983 392 290.117 450.182 
-4.85021 -5.5992 -1.40794 394 286.009 155.347 
-5.6307 -4.24734 -0.845678 398 92.1494 238.841 
-3.18967 -8.47533 1.85927 400 636.515 453.979 
-3.33676 -8.22056 -0.399899 404 581.932 237.352 
-3.20418 -8.4502 0.757211 405 620.488 347.193 
-3.32846 -8.23494 1.89335 407 616.591 463.586 
-4.67743 -5.89845 0.0191106 408 344.308 317.013 
-4.7162 -5.8313 -1.22464 411 318.065 172.238 
-4.24744 -6.64321 -1.92173 418 405.33 94.0452 
-4.59318 -6.04438 0.332137 419 366.453 351.871 
-5.68549 -4.15243 -1.43883 421 68.8677 159.97 
-3.28794 -8.30512 -0.582867 425 588.594 220.523 
-4.10084 -6.89714 -0.211774 427 457.522 273.33 
-3.57786 -7.80296 1.13653 429 568.891 400.643 
-4.2527 -6.63411 -0.951124 431 418.448 198.918 
-4.54469 -6.12836 -1.52013 432 350.588 141.53 
-3.71801 -7.56021 -1.73791 433 503.552 111.983 
-5.71018 -4.10968 -1.61545 434 59.4225 137.669 
-5.16969 -5.04583 -0.141549 437 224.161 314.085 
-4.68557 -5.88436 -1.8811 438 320.263 102.341 
-4.8407 -5.61566 -0.0396453 440 305.638 315.813 
-5.69392 -4.13784 -0.92901 443 72.1093 227.353 
-4.21563 -6.69831 -0.927394 445 425.666 201.241 
-4.75369 -5.76637 0.970583 446 341.792 432.172 
-4.02746 -7.02424 -1.63148 447 453.757 124.101 
-2.97704 -8.84361 -0.559065 449 635.725 216.687 
-4.46089 -6.27351 1.45209 451 411.98 473.3 
-3.13049 -8.57784 0.930095 453 633.419 362.113 
-5.32858 -4.77062 -1.23715 462 170.44 180.683 
-5.60301 -4.2953 -1.17858 464 95.3413 194.579 
-5.68074 -4.16068 0.111245 466 88.0413 370.455 
-4.41902 -6.34603 0.58457 470 406.704 371.963 
-5.14801 -5.08339 0.214391 472 238.223 358.248 
-5.88723 -3.80302 -0.421933 473 16.8559 302.883 
-4.6459 -5.95307 0.77707 474 362.249 404.689 
-3.62908 -7.71426 0.283949 480 546.889 313.318 
-4.72984 -5.80768 1.01961 483 346.905 437.505 
-3.75747 -7.49188 -0.114405 484 518.995 277.916 
-5.72951 -4.0762 -0.498216 489 68.0987 286.955 
-4.07094 -6.94893 1.07534 490 482.059 413.018 
-4.92481 -5.46997 -1.54112 491 269.72 138.188 
-3.63585 -7.70252 0.600044 494 550.158 345.95 
-5.30136 -4.81777 0.489233 495 202.373 400.7 
-3.6271 -7.71768 0.36592 497 549.516 319.35 
-3.46213 -8.00341 0.473249 499 575.124 326.494 
-3.9326 -7.18855 1.52347 500 511.905 454.156 
