-1.97014 0.361326 7 3 0.624053 0.124154 
-2.93389 0.906698 7 9 0.353546 0.310773 
-2.14837 -1.21575 7 10 0.454782 -0.321508 
-4.80195 0.41523 7 21 -0.0639119 0.217845 
-3.28746 -0.347612 7 22 0.199987 -0.00752541 
-5.92999 -1.73451 7 23 -0.274473 -0.149107 
-5.37012 0.037908 7 24 -0.160797 0.152661 
-5.21106 1.44812 7 29 -0.097322 0.441394 
-5.40598 0.152698 7 30 -0.162768 0.17602 
-2.84657 -0.836733 7 31 0.282423 -0.157605 
-2.21352 -0.0799941 7 33 0.508468 0.00301927 
-5.875 -0.508694 7 36 -0.240749 0.0636578 
-4.02466 -0.174699 7 39 0.0527691 0.066673 
-3.22548 0.288125 7 40 0.245065 0.149928 
-5.59816 -0.619665 7 42 -0.208375 0.0340971 
-3.26615 1.27581 7 43 0.28506 0.414094 
-6.33365 0.109205 7 44 -0.281743 0.186173 
-2.70348 -0.732172 7 47 0.325041 -0.14198 
-6.25916 0.145289 7 48 -0.272307 0.191298 
-7 0.78654 5.75191 68 -0.559431 0.373415 
-7 -0.14175 5.47309 72 -0.63567 0.189921 
-7 1.61955 6.53315 73 -0.397655 0.490792 
-7 0.883221 6.2108 82 -0.467571 0.367411 
-7 1.46933 5.82185 93 -0.532943 0.514439 
-7 -0.576654 5.65743 96 -0.601466 0.0972659 
