5.98522 3.63329 1.2144 752 0.498611 0.367232 
8.84921 -1.32728 1.80752 757 -0.679415 0.304734 
8.51992 -0.756939 0.408137 759 -0.583215 0.0637506 
8.29274 -0.363451 -1.35134 761 -0.511382 -0.297055 
6.15778 3.33441 -0.551726 764 0.432294 -0.109366 
6.72499 2.35198 -0.698686 765 0.125492 -0.151102 
6.84891 2.13734 -1.72634 766 0.0744773 -0.41227 
7.18459 1.55593 0.710517 768 -0.0980588 0.173366 
7.75054 0.575679 1.75169 773 -0.322325 0.365905 
8.11102 -0.0486967 -1.08378 774 -0.448263 -0.241437 
5.86576 3.8402 -1.56683 775 0.633172 -0.403899 
7.65875 0.734657 0.495993 779 -0.285861 0.106727 
6.87834 2.08637 1.48366 780 0.0347103 0.362213 
6.61901 2.53554 -1.90015 786 0.20018 -0.466579 
5.84347 3.87882 -1.54309 787 0.64898 -0.393104 
5.70086 4.12582 1.37764 788 0.674189 0.439564 
6.3358 3.02608 -0.89504 793 0.328972 -0.201441 
7.07393 1.74759 -1.06522 794 -0.0357819 -0.242245 
7.7677 0.545948 0.346374 797 -0.328516 0.0702537 
6.99287 1.88799 0.446143 798 -0.00885023 0.116627 
5.95878 3.67909 -1.91848 799 0.578495 -0.499709 
8.5833 -0.866718 0.816146 801 -0.607049 0.136364 
8.13241 -0.0857393 -1.69052 803 -0.455882 -0.368198 
8.79364 -1.23104 1.71911 805 -0.662562 0.298511 
7.79816 0.49319 1.85753 808 -0.340908 0.385326 
6.6228 2.52897 -1.96054 809 0.195068 -0.482161 
5.66896 4.18107 1.48268 810 0.691056 0.471178 
7.13747 1.63753 -1.91994 811 -0.0588098 -0.449512 
7.48096 1.04259 -1.87628 812 -0.208599 -0.42864 
7.81192 0.469365 1.38832 814 -0.345116 0.284489 
8.27608 -0.334586 -0.00492856 815 -0.504584 -0.0168182 
7.72815 0.61446 -0.217688 816 -0.307781 -0.0508024 
8.79838 -1.23924 -0.076131 817 -0.667242 -0.0371245 
7.65524 0.740743 -1.67984 818 -0.276436 -0.378649 
6.32015 3.05317 1.6683 821 0.308177 0.450985 
5.84215 3.8811 1.25316 824 0.58611 0.391554 
8.44778 -0.631981 -1.44841 825 -0.559837 -0.31239 
7.71438 0.638309 -0.336083 827 -0.306353 -0.0793401 
7.15574 1.60589 0.615543 828 -0.0802389 0.150947 
8.37839 -0.511796 0.804967 830 -0.535612 0.143337 
7.85255 0.39899 0.707979 831 -0.355856 0.146313 
6.41513 2.88866 1.89263 832 0.25272 0.500726 
7.0505 1.78818 -1.26688 833 -0.0224726 -0.291962 
6.68672 2.41826 0.33091 836 0.137995 0.102771 
8.05704 0.0447927 0.347131 837 -0.427878 0.0573771 
8.22434 -0.244979 -0.782358 838 -0.487839 -0.174151 
7.41493 1.15696 -1.61534 839 -0.17736 -0.367584 
8.81824 -1.27364 -0.967993 842 -0.675109 -0.212636 
8.71228 -1.09011 -0.848161 845 -0.645354 -0.190116 
8.83929 -1.31011 1.12568 849 -0.675283 0.184374 
6.64876 2.484 -1.60616 850 0.181703 -0.386594 
8.421 -0.585604 -0.76008 856 -0.55144 -0.170038 
7.47605 1.05111 -1.34417 857 -0.20637 -0.301557 
8.71634 -1.09715 -1.05762 862 -0.645213 -0.231059 
6.53997 2.67244 -0.861665 866 0.220038 -0.192197 
7.07604 1.74394 0.502742 871 -0.0481887 0.130496 
6.4243 2.87279 -0.337461 872 0.280377 -0.0581781 
5.87176 3.82982 -1.86513 873 0.631868 -0.489386 
6.81272 2.20003 1.31801 874 0.0687617 0.330835 
8.05963 0.040311 0.283874 878 -0.428636 0.0470564 
8.79205 -1.22828 1.24024 880 -0.660783 0.207689 
6.67343 2.44128 -1.01357 882 0.155189 -0.22745 
6.14997 3.34793 -0.772956 886 0.444383 -0.169556 
8.55161 -0.811824 0.960383 887 -0.596488 0.166738 
6.38369 2.94312 -0.846468 889 0.307251 -0.191603 
6.41 2.89756 1.35706 890 0.263191 0.374148 
8.75985 -1.1725 0.775444 893 -0.654444 0.121524 
5.96932 3.66083 1.41731 895 0.503577 0.421001 
5.88934 3.79937 -0.91473 896 0.5998 -0.209626 
7.68639 0.686781 -1.10309 898 -0.291378 -0.245758 
7.3611 1.2502 0.0561545 900 -0.166867 0.0153961 
7.13224 1.6466 -0.977877 901 -0.0605256 -0.222672 
8.49526 -0.714226 0.0445874 902 -0.576181 -0.00810989 
6.93416 1.98968 -1.06451 904 0.025711 -0.244717 
6.87866 2.08582 -0.0270921 907 0.0470194 0.00596466 
6.77251 2.26967 -0.747548 908 0.107051 -0.166081 
6.05282 3.51621 -1.75001 911 0.518253 -0.446205 
7.05959 1.77242 -1.7808 914 -0.0224282 -0.416944 
7.703 0.65802 -0.183774 927 -0.29898 -0.0441353 
8.84897 -1.32687 1.20156 929 -0.674389 0.200671 
7.30009 1.35587 1.86648 930 -0.147736 0.421964 
6.12516 3.3909 1.11897 932 0.423593 0.334697 
8.21418 -0.227369 1.2496 933 -0.484619 0.236259 
6.67513 2.43834 -0.321965 935 0.150658 -0.0609901 
7.22829 1.48023 1.7576 937 -0.120596 0.405187 
6.75528 2.29951 -0.729401 938 0.112517 -0.156471 
8.51325 -0.745376 -0.600431 941 -0.580889 -0.141743 
8.81557 -1.26902 -1.19832 944 -0.678051 -0.255689 
6.43723 2.85038 1.42602 945 0.243425 0.389207 
8.73736 -1.13355 1.94259 946 -0.643489 0.343155 
5.85587 3.85734 -1.13495 948 0.629577 -0.274213 
7.78699 0.51253 1.89064 949 -0.337324 0.391948 
7.05329 1.78334 -1.18945 950 -0.0216298 -0.271566 
7.15835 1.60138 1.8444 951 -0.091354 0.426363 
6.22795 3.21288 -0.545567 952 0.389572 -0.105259 
5.80798 3.94029 0.203205 953 0.6301 0.108842 
8.23755 -0.267852 -0.0508432 959 -0.490004 -0.0256605 
6.10007 3.43436 0.816237 960 0.441443 0.257507 
6.0817 3.46619 -1.62949 965 0.495508 -0.412217 
6.29783 3.09184 1.91783 966 0.312148 0.519031 
6.53207 2.68613 -0.981663 967 0.229184 -0.224215 
6.68153 2.42724 -0.314303 968 0.146656 -0.0567775 
7.36792 1.23839 -0.614933 971 -0.166763 -0.135535 
8.33271 -0.432673 -0.868744 976 -0.524974 -0.193311 
7.61247 0.814808 -0.677047 978 -0.262241 -0.152869 
6.66636 2.45352 1.76174 980 0.127817 0.44385 
6.2372 3.19685 0.871776 983 0.363275 0.259851 
8.49831 -0.719498 -1.83038 985 -0.582141 -0.388538 
8.14802 -0.112783 1.12075 986 -0.460068 0.210626 
8.42012 -0.584075 0.413676 987 -0.550686 0.0637232 
8.18073 -0.169436 -0.844467 988 -0.470331 -0.186973 
5.75493 4.03217 1.14041 991 0.641839 0.373457 
5.97808 3.64567 0.0489525 995 0.531067 0.0608488 
6.58202 2.59961 -0.970701 999 0.205019 -0.22135 
8.82589 -1.28688 1.75285 1000 -0.673005 0.303933 
