5.98522 3.63329 1.2144 752 0.291721 0.373189 
6.15778 3.33441 -0.551726 764 0.192788 -0.0993051 
6.72499 2.35198 -0.698686 765 -0.0935032 -0.132876 
6.84891 2.13734 -1.72634 766 -0.146251 -0.370334 
7.18459 1.55593 0.710517 768 -0.313524 0.214875 
7.75054 0.575679 1.75169 773 -0.571768 0.463592 
8.11102 -0.0486967 -1.08378 774 -0.675974 -0.194166 
5.86576 3.8402 -1.56683 775 0.344256 -0.367902 
7.65875 0.734657 0.495993 779 -0.519866 0.154644 
6.87834 2.08637 1.48366 780 -0.173111 0.417528 
5.7277 4.07932 -1.90892 781 0.414489 -0.459323 
6.61901 2.53554 -1.90015 786 -0.0364799 -0.421169 
5.84347 3.87882 -1.54309 787 0.356659 -0.362982 
5.70086 4.12582 1.37764 788 0.459531 0.432911 
6.3358 3.02608 -0.89504 793 0.100917 -0.182894 
7.07393 1.74759 -1.06522 794 -0.251794 -0.211729 
7.7677 0.545948 0.346374 797 -0.56174 0.123887 
6.99287 1.88799 0.446143 798 -0.224446 0.150509 
5.95878 3.67909 -1.91848 799 0.289661 -0.449082 
8.13241 -0.0857393 -1.69052 803 -0.675111 -0.320275 
7.79816 0.49319 1.85753 808 -0.589932 0.479817 
6.6228 2.52897 -1.96054 809 -0.037966 -0.432502 
5.66896 4.18107 1.48268 810 0.478651 0.46066 
7.13747 1.63753 -1.91994 811 -0.272816 -0.406367 
7.48096 1.04259 -1.87628 812 -0.416279 -0.381831 
7.81192 0.469365 1.38832 814 -0.591262 0.367449 
7.72815 0.61446 -0.217688 816 -0.538828 -0.00937445 
7.65524 0.740743 -1.67984 818 -0.489996 -0.33293 
6.32015 3.05317 1.6683 821 0.107216 0.487851 
5.52148 4.43652 -0.0547931 822 0.554593 0.0254846 
5.84215 3.8811 1.25316 824 0.375305 0.387684 
7.71438 0.638309 -0.336083 827 -0.529588 -0.0328197 
7.15574 1.60589 0.615543 828 -0.296274 0.188011 
7.85255 0.39899 0.707979 831 -0.596182 0.203275 
7.0505 1.78818 -1.26688 833 -0.242905 -0.261516 
5.5405 4.40357 -1.44396 835 0.526193 -0.3443 
6.68672 2.41826 0.33091 836 -0.0780295 0.124431 
8.05704 0.0447927 0.347131 837 -0.677406 0.118823 
7.41493 1.15696 -1.61534 839 -0.391099 -0.326807 
6.64876 2.484 -1.60616 850 -0.0491383 -0.349636 
5.62913 4.25005 -0.845981 855 0.478476 -0.187864 
7.47605 1.05111 -1.34417 857 -0.41955 -0.264734 
5.34442 4.7432 -0.804129 863 0.649741 -0.186262 
6.53997 2.67244 -0.861665 866 -0.00484201 -0.169139 
7.07604 1.74394 0.502742 871 -0.263367 0.163411 
6.4243 2.87279 -0.337461 872 0.0550105 -0.0431863 
5.87176 3.82982 -1.86513 873 0.340938 -0.446428 
6.81272 2.20003 1.31801 874 -0.145117 0.375991 
8.05963 0.040311 0.283874 878 -0.673612 0.105388 
5.30638 4.80908 -0.846641 879 0.679511 -0.196044 
6.67343 2.44128 -1.01357 882 -0.0679328 -0.204591 
5.48992 4.49117 1.01765 885 0.587267 0.332239 
6.14997 3.34793 -0.772956 886 0.196491 -0.15926 
6.38369 2.94312 -0.846468 889 0.0754203 -0.171507 
6.41 2.89756 1.35706 890 0.0615375 0.39685 
5.33186 4.76494 0.690372 894 0.680733 0.244067 
5.96932 3.66083 1.41731 895 0.301485 0.429157 
5.88934 3.79937 -0.91473 896 0.336939 -0.197764 
7.68639 0.686781 -1.10309 898 -0.510273 -0.209027 
7.3611 1.2502 0.0561545 900 -0.383817 0.0542211 
7.13224 1.6466 -0.977877 901 -0.275702 -0.190325 
6.93416 1.98968 -1.06451 904 -0.189293 -0.214209 
6.87866 2.08582 -0.0270921 907 -0.16698 0.0348005 
6.77251 2.26967 -0.747548 908 -0.111625 -0.142086 
6.05282 3.51621 -1.75001 911 0.244988 -0.405863 
7.05959 1.77242 -1.7808 914 -0.241728 -0.374434 
5.93483 3.72057 -1.99581 926 0.301063 -0.468649 
7.703 0.65802 -0.183774 927 -0.525847 -0.00358096 
7.30009 1.35587 1.86648 930 -0.374748 0.500449 
6.12516 3.3909 1.11897 932 0.215326 0.3455 
6.67513 2.43834 -0.321965 935 -0.0693177 -0.0389043 
7.22829 1.48023 1.7576 937 -0.341377 0.478629 
6.75528 2.29951 -0.729401 938 -0.104689 -0.138931 
5.5287 4.42402 0.271974 943 0.549973 0.119308 
6.43723 2.85038 1.42602 945 0.0443838 0.422276 
5.34394 4.74403 -0.45553 947 0.654522 -0.0883493 
5.85587 3.85734 -1.13495 948 0.351894 -0.262337 
7.78699 0.51253 1.89064 949 -0.589723 0.48731 
7.05329 1.78334 -1.18945 950 -0.241784 -0.241214 
7.15835 1.60138 1.8444 951 -0.311501 0.502578 
6.22795 3.21288 -0.545567 952 0.157638 -0.0998968 
5.80798 3.94029 0.203205 953 0.386141 0.0978532 
6.10007 3.43436 0.816237 960 0.227705 0.261972 
5.615 4.27453 -0.380425 961 0.495709 -0.0593814 
5.29086 4.83597 -1.98418 962 0.669079 -0.503228 
5.54904 4.38878 0.419383 964 0.54089 0.158082 
6.0817 3.46619 -1.62949 965 0.230079 -0.376013 
6.53207 2.68613 -0.981663 967 0.00325798 -0.202098 
6.68153 2.42724 -0.314303 968 -0.069226 -0.036559 
7.36792 1.23839 -0.614933 971 -0.382607 -0.0997528 
5.51039 4.45573 1.34352 972 0.576145 0.425989 
7.61247 0.814808 -0.677047 978 -0.481116 -0.117559 
6.66636 2.45352 1.76174 980 -0.0691671 0.501013 
6.2372 3.19685 0.871776 983 0.150987 0.271375 
5.51818 4.44223 -1.47775 990 0.542788 -0.356991 
5.75493 4.03217 1.14041 991 0.427262 0.358991 
5.53617 4.41107 -1.97751 993 0.524082 -0.484048 
5.97808 3.64567 0.0489525 995 0.290021 0.0526834 
6.58202 2.59961 -0.970701 999 -0.0256167 -0.200733 
