5.64257 -0.481715 -7 109 425.007 249.002 
6.30632 -1.54879 -7 115 373.652 173.169 
4.50714 -1.04124 -7 119 510.356 180.858 
4.46367 -0.542201 -7 125 521.506 229.833 
6.6867 0.183154 -7 127 367.955 306.811 
6.46481 -1.88245 -7 128 362.161 151.405 
3.77354 -0.887468 -7 133 592.724 179.55 
6.08103 -0.977971 -7 134 391.879 213.559 
4.29646 -0.0380129 -7 139 546.01 280.128 
6.59087 -1.1778 -7 141 361.485 205.221 
4.8725 1.3091 -7 142 507.729 415.109 
6.26277 1.2623 -7 143 402.037 392.798 
6.4687 -1.97232 -7 149 361.194 144.904 
7 -0.0623122 -3.31422 152 46.6149 333.5 
7 -1.59791 -6.35011 157 301.588 178.952 
7 1.75895 -5.06184 159 240.437 474.346 
7 0.863395 -4.44339 163 179.166 406.246 
7 -0.724268 -3.10497 165 13.7457 260.046 
7 -0.863938 -6.09367 166 291.712 234.287 
7 1.33843 -4.95324 172 228.024 438.163 
7 0.759759 -5.08223 173 233.57 381.364 
7 -0.518283 -3.0968 179 14.0277 284.073 
7 0.741437 -4.00824 180 134.639 405.486 
7 -0.563655 -4.89557 181 207.498 264.157 
7 0.831841 -5.58946 182 272.109 377.526 
7 1.69172 -5.79597 183 293.565 446.296 
7 0.0865561 -4.29161 189 158.251 332.214 
7 -1.97934 -4.46413 190 158.482 135.15 
7 0.781169 -6.98961 200 356.139 350.643 
