1.69792 -0.977731 -7 104 398.136 108.255 
5.64257 -0.481715 -7 109 3.03503 151.501 
2.26927 0.767181 -7 111 294.001 336.147 
2.74139 -0.240151 -7 113 255.773 198.241 
4.50714 -1.04124 -7 119 97.8911 97.4378 
2.98659 0.138239 -7 123 222.638 242.227 
0.474792 -0.485198 -7 124 582.564 188.367 
4.46367 -0.542201 -7 125 93.8882 150.817 
3.77354 -0.887468 -7 133 160.357 115.256 
1.03314 -1.58354 -7 136 507.164 21.0415 
3.34213 1.4046 -7 137 164.988 389.646 
0.97797 0.750031 -7 138 474.868 369.287 
4.29646 -0.0380129 -7 139 100.222 206.648 
4.8725 1.3091 -7 142 32.5773 343.461 
1.9715 1.13953 -7 144 324.95 394.777 
1.45576 0.553777 -7 145 405.727 326.685 
