-1.97014 0.361326 7 3 0.125998 0.10821 
-2.93389 0.906698 7 9 -0.133107 0.24939 
-2.14837 -1.21575 7 10 0.0842121 -0.339383 
-0.578608 0.00250695 7 11 0.601769 -0.0018779 
-0.39693 -1.00404 7 12 0.6653 -0.349756 
-4.80195 0.41523 7 21 -0.501958 0.0995159 
-3.28746 -0.347612 7 22 -0.200253 -0.0854353 
-5.92999 -1.73451 7 23 -0.638424 -0.33837 
-5.37012 0.037908 7 24 -0.586908 0.0142862 
-5.21106 1.44812 7 29 -0.586475 0.329457 
-5.40598 0.152698 7 30 -0.59433 0.0389354 
-2.84657 -0.836733 7 31 -0.0949317 -0.217856 
-3.76175 1.7333 7 32 -0.328067 0.447229 
-2.21352 -0.0799941 7 33 0.0598229 -0.0215812 
-5.875 -0.508694 7 36 -0.651553 -0.0971737 
-4.02466 -0.174699 7 39 -0.353354 -0.0373941 
-3.22548 0.288125 7 40 -0.193847 0.0782467 
-5.59816 -0.619665 7 42 -0.60992 -0.122596 
-3.26615 1.27581 7 43 -0.214746 0.341976 
-2.70348 -0.732172 7 47 -0.0615722 -0.193809 
