-7 0.21307 2.3409 51 570.512 385.141 
-7 -1.78251 -2.62609 53 5.9686 159.965 
-7 -0.29883 -1.326 55 136.905 325.157 
-7 -0.441068 2.32778 56 559.761 307.148 
-7 -1.05185 -1.49538 60 124.559 238.457 
-7 -0.184126 -2.39523 62 6.32387 339.583 
-7 -1.45394 1.58819 66 467.475 196.421 
-7 -1.07602 2.04225 70 520.321 236.514 
-7 -1.87164 2.51938 75 561.694 154.672 
-7 0.577231 -1.47952 76 108.592 435.926 
-7 -1.86155 -2.22478 77 51.8548 152.163 
-7 -1.9255 2.82609 83 592.803 149.592 
-7 -0.166603 0.216342 87 319.002 340.305 
-7 0.312724 -0.335245 92 252.317 400.154 
-7 -1.0576 1.73598 99 487.002 238.442 
