-7 -0.29883 -1.326 55 594.705 151.964 
-7 0.46862 -2.98529 58 394.403 240.359 
-7 -1.05185 -1.49538 60 574.873 54.6579 
-7 -1.03485 -3.75523 61 313.919 89.2734 
-7 -0.184126 -2.39523 62 456.056 171.234 
-7 0.0943094 -5.21035 64 208.775 203.576 
-7 1.11392 -6.02536 65 167.075 282.306 
-7 0.886694 -5.35798 67 206.312 268.17 
-7 1.34911 -4.82912 74 246.094 308.113 
-7 0.577231 -1.47952 76 567.883 258.119 
-7 0.694743 -5.33965 78 205.74 252.934 
-7 1.12101 -6.65735 79 131.531 279.616 
-7 0.821262 -3.48263 80 349.06 272.024 
-7 -1.84392 -6.0007 85 135.796 38.1071 
-7 1.69039 -1.92004 89 509.195 371.415 
-7 -0.295975 -5.19552 90 206.044 169.957 
-7 1.40697 -4.3308 91 282.835 316.905 
-7 0.592834 -6.66606 94 125.307 241.39 
-7 -1.56958 -3.12031 95 372.984 19.8903 
-7 -1.20087 -3.87679 97 301.819 73.1773 
-7 1.52805 -2.92335 98 403.488 341.938 
-7 -0.609874 -5.90804 100 156.02 145.86 
-6.22725 1.4028 -7 110 66.1274 317.047 
-6.20015 -0.954561 -7 122 28.2001 122.521 
-6.2831 -0.370457 -7 140 44.4711 173.536 
-6.46998 0.52855 -7 150 71.6917 244.428 
