-7 0.21307 2.3409 51 0.692761 0.230934 
-7 -1.78251 -2.62609 53 -0.522951 -0.241469 
-7 -0.29883 -1.326 55 -0.252288 0.0941123 
-7 -0.441068 2.32778 56 0.666129 0.0608391 
-7 0.46862 -2.98529 58 -0.679536 0.286451 
-7 -1.05185 -1.49538 60 -0.281107 -0.0838702 
-7 -0.184126 -2.39523 62 -0.514008 0.121456 
-7 1.26508 -0.184774 63 0.0288091 0.518901 
-7 -1.45394 1.58819 66 0.452842 -0.178724 
-7 -1.07602 2.04225 70 0.573812 -0.0928502 
-7 -1.87164 2.51938 75 0.667053 -0.272756 
-7 0.577231 -1.47952 76 -0.305325 0.319488 
-7 -1.86155 -2.22478 77 -0.431912 -0.258904 
-7 -0.166603 0.216342 87 0.130373 0.128452 
-7 0.312724 -0.335245 92 -0.00961422 0.251717 
-7 -1.56958 -3.12031 95 -0.638917 -0.195501 
-7 -1.0576 1.73598 99 0.498078 -0.0882367 
