5.64257 -0.481715 -7 109 -0.123926 -0.212016 
2.26927 0.767181 -7 111 0.569113 0.163668 
2.74139 -0.240151 -7 113 0.457547 -0.140545 
6.30632 -1.54879 -7 115 -0.202131 -0.409477 
4.50714 -1.04124 -7 119 0.0617137 -0.337833 
2.98659 0.138239 -7 123 0.375792 -0.0418692 
4.46367 -0.542201 -7 125 0.0622857 -0.224843 
6.6867 0.183154 -7 127 -0.253563 -0.0992536 
6.46481 -1.88245 -7 128 -0.219362 -0.468903 
3.77354 -0.887468 -7 133 0.207764 -0.311894 
6.08103 -0.977971 -7 134 -0.177705 -0.304867 
3.34213 1.4046 -7 137 0.254961 0.253395 
4.29646 -0.0380129 -7 139 0.0854629 -0.111112 
6.59087 -1.1778 -7 141 -0.237312 -0.336099 
4.8725 1.3091 -7 142 -0.029327 0.14985 
6.26277 1.2623 -7 143 -0.211814 0.0901102 
1.9715 1.13953 -7 144 0.656252 0.293996 
6.4687 -1.97232 -7 149 -0.219366 -0.485854 
7 -1.59791 -6.35011 157 -0.380195 -0.434124 
7 1.75895 -5.06184 159 -0.626135 0.219888 
7 -0.863938 -6.09367 166 -0.425041 -0.302072 
7 1.33843 -4.95324 172 -0.654074 0.139967 
7 0.759759 -5.08223 173 -0.627218 0.0163462 
7 -0.563655 -4.89557 181 -0.682439 -0.276616 
7 0.831841 -5.58946 182 -0.517785 0.0216532 
7 1.69172 -5.79597 183 -0.476952 0.174561 
7 0.781169 -6.98961 200 -0.28921 -0.00669181 
