-1.97014 0.361326 7 3 257.742 327.146 
-2.93389 0.906698 7 9 132.454 372.871 
-2.14837 -1.21575 7 10 268.959 111.05 
-0.578608 0.00250695 7 11 464.612 313.683 
-0.39693 -1.00404 7 12 517.371 162.968 
-3.28746 -0.347612 7 22 120.304 207.547 
-2.84657 -0.836733 7 31 178.221 152.596 
-3.76175 1.7333 7 32 30.3678 450.99 
-2.21352 -0.0799941 7 33 236.797 261.536 
-4.02466 -0.174699 7 39 43.2555 216.83 
-3.22548 0.288125 7 40 113.896 287.48 
-3.26615 1.27581 7 43 89.3654 409.942 
-2.70348 -0.732172 7 47 192.318 167.735 
