-7 0.46862 -2.98529 58 0.24034 -0.00517806 
-7 -1.05185 -1.49538 60 0.654354 -0.425796 
-7 -1.03485 -3.75523 61 0.0592651 -0.333613 
-7 -0.184126 -2.39523 62 0.379922 -0.159594 
-7 0.0943094 -5.21035 64 -0.171134 -0.0804984 
-7 1.11392 -6.02536 65 -0.260701 0.0901199 
-7 0.886694 -5.35798 67 -0.17585 0.0590863 
-7 1.34911 -4.82912 74 -0.0886664 0.144905 
-7 0.577231 -1.47952 76 0.637885 0.0304754 
-7 0.694743 -5.33965 78 -0.177246 0.026213 
-7 1.12101 -6.65735 79 -0.337193 0.0848359 
-7 0.821262 -3.48263 80 0.138775 0.0651342 
-7 -1.84392 -6.0007 85 -0.330928 -0.434463 
-7 1.69039 -1.92004 89 0.502072 0.282943 
-7 -0.295975 -5.19552 90 -0.177415 -0.153121 
-7 1.40697 -4.3308 91 -0.00786979 0.163679 
-7 0.592834 -6.66606 94 -0.350995 0.0030333 
-7 -1.56958 -3.12031 95 0.190998 -0.489777 
-7 -1.20087 -3.87679 97 0.032268 -0.368185 
-7 1.52805 -2.92335 98 0.261278 0.217807 
-7 -0.609874 -5.90804 100 -0.286089 -0.203219 
-6.22725 1.4028 -7 110 -0.471526 0.165711 
-6.20015 -0.954561 -7 122 -0.553872 -0.247685 
-6.2831 -0.370457 -7 140 -0.51946 -0.139579 
-6.46998 0.52855 -7 150 -0.462165 0.0108095 
