1.69792 -0.977731 -7 104 615.516 5.79482 
5.64257 -0.481715 -7 109 180.298 72.281 
2.26927 0.767181 -7 111 471.771 251.635 
2.74139 -0.240151 -7 113 436.29 112.06 
4.50714 -1.04124 -7 119 270.702 13.8448 
2.98659 0.138239 -7 123 398.274 157.381 
4.46367 -0.542201 -7 125 266.943 68.3445 
6.6867 0.183154 -7 127 114.258 126.781 
3.77354 -0.887468 -7 133 335.086 28.7841 
6.08103 -0.977971 -7 134 158.072 25.7083 
3.34213 1.4046 -7 137 335.764 295.756 
4.29646 -0.0380129 -7 139 273.4 123.249 
6.59087 -1.1778 -7 141 130.544 9.11205 
4.8725 1.3091 -7 142 211.681 248.92 
6.26277 1.2623 -7 143 127.719 220.637 
1.9715 1.13953 -7 144 502.598 309.837 
1.45576 0.553777 -7 145 602.313 246.483 
7 -0.863938 -6.09367 166 27.6614 8.13252 
7 0.781169 -6.98961 200 93.5345 172.578 
