1.50492 8.95177 -1.01173 5 -0.423574 -0.198983 
-0.0798114 8.03682 -1.36918 7 -0.143933 -0.402724 
2.56137 9.56171 -1.26435 9 -0.595424 -0.188501 
-1.18389 7.39938 -0.935763 10 0.188406 -0.410843 
-0.178643 7.97976 0.508014 11 -0.0262541 0.0503327 
0.882168 8.59222 -0.707979 12 -0.30929 -0.170028 
0.899845 8.60243 -1.45278 14 -0.345521 -0.333706 
-0.882633 7.57332 -1.15265 15 0.0795327 -0.433357 
0.308716 8.26114 -0.602419 18 -0.187311 -0.186204 
-0.834292 7.60122 -0.745649 20 0.089359 -0.316743 
1.53151 8.96712 0.925447 27 -0.352923 0.189948 
-1.29918 7.33282 1.56526 29 0.36419 0.303744 
1.89409 9.17646 -0.898766 30 -0.484927 -0.150584 
1.20489 8.77855 1.35968 34 -0.276292 0.277857 
0.643979 8.45471 0.172026 37 -0.224904 0.00794427 
1.0009 8.66077 1.01151 39 -0.255311 0.201869 
1.35417 8.86473 -1.19204 41 -0.415112 -0.243982 
-1.4565 7.24199 0.969849 43 0.385118 0.127937 
2.2299 9.37034 -1.63427 48 -0.562012 -0.270013 
-2.14768 6.84294 -0.101629 51 0.606761 -0.262404 
-0.421209 7.83972 -1.17149 54 -0.0521175 -0.385135 
-1.24468 7.36429 0.57792 55 0.286862 0.0187224 
-0.449959 7.82312 -0.349133 56 0.00275487 -0.181036 
1.11916 8.72905 0.11871 59 -0.321468 0.0162878 
2.502 9.52743 1.21213 60 -0.487924 0.259953 
0.976565 8.64672 0.659001 63 -0.266119 0.123912 
2.48091 9.51526 -1.52748 64 -0.59441 -0.240367 
-1.42581 7.25971 0.982136 67 0.375554 0.132582 
1.84359 9.1473 -0.734752 70 -0.471724 -0.121638 
2.0992 9.29488 1.12901 72 -0.437317 0.235479 
2.43447 9.48845 -1.27169 74 -0.577084 -0.191616 
0.772201 8.52873 0.816256 76 -0.219041 0.149998 
-2.18179 6.82325 0.0567123 84 0.630582 -0.213799 
-1.81168 7.03693 1.23812 85 0.540594 0.194867 
2.20527 9.35612 0.861552 89 -0.461492 0.191814 
0.17216 8.1823 0.981234 106 -0.0825608 0.175071 
-1.22592 7.37512 0.548265 107 0.280935 0.0145371 
-0.30588 7.9063 0.0837691 108 -0.0128857 -0.0586962 
-2.27819 6.76759 -0.186085 109 0.661218 -0.305875 
1.53832 8.97105 -0.336704 110 -0.409222 -0.0615914 
-0.383025 7.86176 0.22409 112 0.0130281 -0.0276676 
1.39446 8.888 1.03195 114 -0.329472 0.213019 
-1.79023 7.04931 1.8524 116 0.567161 0.385849 
-0.803108 7.61923 -0.814071 117 0.0752206 -0.328869 
1.29458 8.83033 1.97538 118 -0.267739 0.399609 
-0.964105 7.52628 0.885878 120 0.217129 0.121441 
1.68572 9.05615 0.970133 121 -0.381254 0.202888 
0.0926466 8.13639 -1.10015 128 -0.164977 -0.318748 
-1.20685 7.38613 1.22507 129 0.30973 0.209177 
1.04442 8.6859 0.452906 133 -0.288058 0.0821803 
-1.33285 7.31338 0.696058 135 0.331628 0.0480085 
-0.621084 7.72432 1.104 141 0.12414 0.187484 
2.0713 9.27877 -0.869126 143 -0.512786 -0.138625 
2.40916 9.47383 1.43867 146 -0.467444 0.299421 
-0.582336 7.74669 0.181318 147 0.0645643 -0.0485305 
-0.447254 7.82468 0.726916 148 0.0537536 0.098694 
-1.07075 7.46471 -0.23607 149 0.184018 -0.198313 
-0.106953 8.02115 -0.188349 150 -0.0762422 -0.111591 
2.34296 9.43561 0.313575 151 -0.499781 0.090843 
1.8128 9.12952 -1.61907 155 -0.505152 -0.300776 
-2.15233 6.84026 -0.0957294 160 0.603111 -0.26095 
1.66029 9.04147 -0.791988 162 -0.448272 -0.149873 
1.18573 8.76749 -1.30616 163 -0.387286 -0.283249 
-0.717429 7.6687 0.357392 164 0.111086 -0.00818297 
-2.12399 6.85662 0.667081 166 0.643587 0.0018871 
0.840218 8.568 1.74362 168 -0.193595 0.353605 
0.0695622 8.12307 1.38063 169 -0.0423558 0.272742 
-1.10514 7.44485 1.99159 172 0.317485 0.429352 
0.827608 8.56072 -0.196826 177 -0.27848 -0.0646688 
0.817645 8.55497 1.17423 181 -0.211287 0.231662 
-1.43641 7.25359 -1.07042 183 0.263245 -0.47876 
-0.0741699 8.04008 -1.61407 185 -0.153366 -0.460582 
1.11154 8.72465 -0.22035 188 -0.334269 -0.0547825 
-1.12203 7.4351 -0.763709 191 0.171384 -0.350722 
-0.560641 7.75922 -0.484044 192 0.0232146 -0.222414 
1.01143 8.66685 -1.03298 194 -0.350578 -0.236252 
-1.18082 7.40116 -1.11678 196 0.172761 -0.458328 
-1.21876 7.37925 1.56713 198 0.338075 0.304052 
1.63059 9.02433 -0.54542 202 -0.4328 -0.100287 
0.530427 8.38915 0.212413 206 -0.198197 0.0130653 
-1.89242 6.99031 1.67854 209 0.599963 0.332476 
-0.0829147 8.03503 0.967789 213 -0.0224984 0.165927 
-1.32904 7.31558 0.826885 214 0.332849 0.0936753 
-2.20564 6.80948 0.351964 217 0.659922 -0.110187 
0.498224 8.37055 -0.257251 218 -0.214308 -0.0975247 
-1.18272 7.40006 -0.335728 222 0.217704 -0.235787 
-1.831 7.02577 -0.964452 224 0.416283 -0.503442 
1.50761 8.95332 1.78202 225 -0.315767 0.359012 
-1.58155 7.1698 -0.998108 227 0.316529 -0.477771 
0.843826 8.57009 1.93717 228 -0.183857 0.393004 
0.842776 8.56948 1.16326 230 -0.219978 0.230466 
2.3848 9.45977 -0.140995 231 -0.528717 0.0140121 
1.20088 8.77623 0.396294 235 -0.319336 0.0752488 
-0.177513 7.98042 -1.74127 236 -0.141815 -0.509459 
-0.477256 7.80736 0.692004 238 0.0653165 0.0884634 
2.1672 9.33414 0.137181 241 -0.480795 0.0546589 
2.5324 9.54499 -0.521146 243 -0.55934 -0.0555366 
0.34969 8.2848 -0.208161 246 -0.179093 -0.0929154 
2.29158 9.40595 0.467399 249 -0.490581 0.119029 
2.79672 9.15593 1.45335 762 -0.571534 0.335645 
3.01964 8.76982 1.66075 782 -0.652856 0.417685 
2.7584 9.22231 -0.310632 792 -0.62883 -0.00515351 
2.74211 9.25053 -1.73828 813 -0.683777 -0.286001 
2.75988 9.21974 0.955628 841 -0.574867 0.236604 
2.83011 9.0981 -0.827008 869 -0.680647 -0.105085 
2.74336 9.24836 0.533191 877 -0.589528 0.155698 
2.665 9.38408 0.586617 924 -0.555941 0.156988 
2.80084 9.14881 -0.0563065 974 -0.634766 0.0472142 
2.74799 9.24035 0.800252 981 -0.579468 0.208828 
