-7 0.21307 2.3409 51 0.446608 0.343369 
-7 -0.29883 -1.326 55 -0.500425 0.220287 
-7 -0.441068 2.32778 56 0.427532 0.175408 
-7 -1.05185 -1.49538 60 -0.527271 0.0246401 
-7 -1.45394 1.58819 66 0.235813 -0.066039 
-7 -1.07602 2.04225 70 0.347164 0.0221608 
-7 -1.87164 2.51938 75 0.438495 -0.155809 
-7 0.577231 -1.47952 76 -0.566898 0.469696 
-7 -1.86155 -2.22478 77 -0.694471 -0.173127 
-7 -1.9255 2.82609 83 0.504323 -0.166193 
-7 -0.72299 3.2493 84 0.632859 0.105853 
-7 -0.166603 0.216342 87 -0.0923064 0.251122 
-7 0.312724 -0.335245 92 -0.241661 0.385036 
-7 -1.0576 1.73598 99 0.276019 0.0262208 
