7 -0.0623122 -3.31422 152 602.534 181.251 
7 0.36994 -1.65205 155 423.144 227.252 
7 0.947338 -0.351981 158 279.575 289.478 
7 0.343459 -2.54532 160 517.694 224.527 
7 -0.647617 -0.188366 161 259.607 107.1 
7 1.08732 -1.94397 162 448.344 301.747 
7 -0.724268 -3.10497 165 591.278 105.981 
7 0.725336 0.960833 171 128.912 266.901 
7 1.97211 0.0439567 176 237.878 392.911 
7 1.44234 0.716532 178 162.112 342.528 
7 -0.518283 -3.0968 179 587.148 129.864 
7 -0.443496 -0.586995 184 307.079 133.134 
7 -1.20096 -0.713027 185 323.502 38.4142 
7 -0.746732 -0.782938 186 330.766 96.5451 
7 -1.07027 0.309808 197 196.671 51.086 
7 1.83558 -1.14915 198 362.518 376.309 
