-1.97014 0.361326 7 3 0.156829 0.0970176 
-2.93389 0.906698 7 9 -0.100359 0.244211 
-2.14837 -1.21575 7 10 0.104896 -0.347015 
-0.578608 0.00250695 7 11 0.635827 -0.0254952 
-0.39693 -1.00404 7 12 0.691121 -0.375255 
-4.80195 0.41523 7 21 -0.470695 0.104067 
-3.28746 -0.347612 7 22 -0.174157 -0.0871076 
-5.92999 -1.73451 7 23 -0.612721 -0.324129 
-5.37012 0.037908 7 24 -0.55621 0.0218763 
-5.21106 1.44812 7 29 -0.550592 0.334191 
-5.40598 0.152698 7 30 -0.563142 0.046434 
-2.84657 -0.836733 7 31 -0.0717201 -0.221296 
-3.76175 1.7333 7 32 -0.291464 0.445983 
-2.21352 -0.0799941 7 33 0.0874061 -0.0306855 
-5.875 -0.508694 7 36 -0.621824 -0.0864338 
-4.02466 -0.174699 7 39 -0.325642 -0.0353782 
-3.22548 0.288125 7 40 -0.164538 0.0752297 
-5.59816 -0.619665 7 42 -0.581168 -0.112632 
-3.26615 1.27581 7 43 -0.180229 0.338465 
-6.33365 0.109205 7 44 -0.692212 0.0399166 
-2.70348 -0.732172 7 47 -0.0378937 -0.198429 
-6.25916 0.145289 7 48 -0.683015 0.0468907 
