4.24209 -0.169362 7 2 0.587396 -0.283583 
4.21586 0.44696 7 6 0.602083 -0.126047 
1.43468 0.247817 7 14 -0.0887187 -0.0469358 
1.15492 0.329495 7 16 -0.170347 -0.00492509 
3.85259 1.05777 7 18 0.54884 0.0439376 
3.59484 -1.08373 7 19 0.415647 -0.51367 
1.72001 0.911917 7 20 0.0313019 0.133632 
2.29586 0.474308 7 27 0.165453 -0.027938 
1.36705 1.3428 7 37 -0.0464765 0.285932 
1.32504 1.59645 7 41 -0.0446234 0.363158 
1.79943 -0.524923 7 46 -0.023901 -0.303223 
3.75278 1.55867 7 49 0.545236 0.173828 
