-1.97014 0.361326 7 3 0.598788 0.116353 
-2.93389 0.906698 7 9 0.331896 0.303711 
-2.14837 -1.21575 7 10 0.432881 -0.326102 
-4.80195 0.41523 7 21 -0.0820829 0.213119 
-3.28746 -0.347612 7 22 0.180693 -0.013258 
-5.92999 -1.73451 7 23 -0.29063 -0.153611 
-5.37012 0.037908 7 24 -0.178419 0.14828 
-5.21106 1.44812 7 29 -0.116201 0.437502 
-5.40598 0.152698 7 30 -0.180478 0.171702 
-2.84657 -0.836733 7 31 0.262595 -0.163013 
-2.21352 -0.0799941 7 33 0.485242 -0.0037016 
-5.875 -0.508694 7 36 -0.257866 0.0594094 
-4.02466 -0.174699 7 39 0.0344818 0.0613288 
-3.22548 0.288125 7 40 0.224935 0.143697 
-5.59816 -0.619665 7 42 -0.225417 0.0296726 
-3.26615 1.27581 7 43 0.26392 0.407399 
-6.33365 0.109205 7 44 -0.29937 0.182464 
-2.70348 -0.732172 7 47 0.304654 -0.14753 
-6.25916 0.145289 7 48 -0.289955 0.187561 
-7 0.78654 5.75191 68 -0.581441 0.369547 
-7 -0.14175 5.47309 72 -0.65778 0.184451 
-7 1.61955 6.53315 73 -0.417784 0.488494 
-7 0.883221 6.2108 82 -0.488005 0.364054 
-7 1.46933 5.82185 93 -0.555435 0.511653 
-7 -0.576654 5.65743 96 -0.622318 0.0916027 
