1.69792 -0.977731 -7 104 329.418 165.073 
2.77254 -1.94854 -7 108 207.868 46.7609 
2.26927 0.767181 -7 111 238.484 400.867 
2.74139 -0.240151 -7 113 193.067 259.324 
4.50714 -1.04124 -7 119 26.0607 159.24 
2.98659 0.138239 -7 123 161.215 305.974 
0.474792 -0.485198 -7 124 508.946 239.948 
4.46367 -0.542201 -7 125 23.5194 214.755 
3.77354 -0.887468 -7 133 91.8614 176.46 
1.03314 -1.58354 -7 136 427.694 78.7036 
3.34213 1.4046 -7 137 107.235 465.086 
0.97797 0.750031 -7 138 419.459 425.676 
4.29646 -0.0380129 -7 139 32.0157 273.113 
1.9715 1.13953 -7 144 272.862 460.746 
1.45576 0.553777 -7 145 349.468 385.445 
0.206379 -1.0164 -7 147 557.322 158.203 
