5.64257 -0.481715 -7 109 0.197159 0.0137515 
6.30632 -1.54879 -7 115 0.0887219 -0.153704 
4.50714 -1.04124 -7 119 0.381471 -0.1302 
4.46367 -0.542201 -7 125 0.403498 -0.0234995 
6.6867 0.183154 -7 127 0.0736728 0.136502 
6.46481 -1.88245 -7 128 0.0643984 -0.201926 
3.77354 -0.887468 -7 133 0.556576 -0.129031 
6.08103 -0.977971 -7 134 0.12703 -0.0647148 
4.29646 -0.0380129 -7 139 0.453649 0.0860288 
6.59087 -1.1778 -7 141 0.06185 -0.0843061 
4.8725 1.3091 -7 142 0.36796 0.373539 
6.26277 1.2623 -7 143 0.14456 0.322663 
6.4687 -1.97232 -7 149 0.062442 -0.216225 
7 -0.0623122 -3.31422 152 -0.637239 0.19735 
7 -1.59791 -6.35011 157 -0.0685268 -0.142978 
7 1.75895 -5.06184 159 -0.207735 0.499229 
7 0.863395 -4.44339 163 -0.341943 0.353781 
7 -0.863938 -6.09367 166 -0.0913382 -0.0216881 
7 1.33843 -4.95324 172 -0.234539 0.421707 
7 0.759759 -5.08223 173 -0.221661 0.298917 
7 0.741437 -4.00824 180 -0.440586 0.352997 
7 -0.563655 -4.89557 181 -0.278 0.0439871 
7 0.831841 -5.58946 182 -0.136881 0.289972 
7 1.69172 -5.79597 183 -0.0910682 0.437705 
7 0.0865561 -4.29161 189 -0.387861 0.19318 
7 -1.97934 -4.46413 190 -0.386355 -0.240555 
7 0.781169 -6.98961 200 0.0474697 0.230635 
