-2.36095 6.71981 0.0648834 6 0.395191 -0.284208 
-0.178643 7.97976 0.508014 11 -0.292145 -0.0673122 
0.882168 8.59222 -0.707979 12 -0.573308 -0.335208 
0.308716 8.26114 -0.602419 18 -0.444364 -0.332353 
-2.78176 6.47686 1.65747 19 0.597101 0.230832 
-0.834292 7.60122 -0.745649 20 -0.15718 -0.441295 
-2.65363 6.55083 1.42287 22 0.542857 0.159038 
-2.57331 6.5972 -0.0115366 25 0.487355 -0.323918 
1.53151 8.96712 0.925447 27 -0.639232 0.0526123 
-1.29918 7.33282 1.56526 29 0.0508876 0.199715 
-2.71663 6.51445 0.575812 32 0.558945 -0.125927 
1.20489 8.77855 1.35968 34 -0.562024 0.148037 
0.643979 8.45471 0.172026 37 -0.493615 -0.133411 
1.0009 8.66077 1.01151 39 -0.534945 0.0708667 
1.35417 8.86473 -1.19204 41 -0.684314 -0.429942 
-1.4565 7.24199 0.969849 43 0.0874864 0.031954 
-2.14768 6.84294 -0.101629 51 0.308296 -0.323544 
-1.24468 7.36429 0.57792 55 0.0119761 -0.0806426 
-0.449959 7.82312 -0.349133 56 -0.244008 -0.307818 
1.11916 8.72905 0.11871 59 -0.589056 -0.132195 
0.976565 8.64672 0.659001 63 -0.543531 -0.00840355 
-1.42581 7.25971 0.982136 67 0.078587 0.0338059 
-2.63329 6.56257 1.86537 75 0.535481 0.29658 
0.772201 8.52873 0.816256 76 -0.498878 0.0233484 
-2.18179 6.82325 0.0567123 84 0.324466 -0.277756 
-1.81168 7.03693 1.23812 85 0.214165 0.105303 
-2.31638 6.74554 0.814643 87 0.39379 -0.0346617 
0.17216 8.1823 0.981234 106 -0.359795 0.053206 
-1.22592 7.37512 0.548265 107 0.0023026 -0.0859361 
-0.30588 7.9063 0.0837691 108 -0.275868 -0.18197 
-2.27819 6.76759 -0.186085 109 0.358949 -0.362071 
1.53832 8.97105 -0.336704 110 -0.688022 -0.21885 
-0.383025 7.86176 0.22409 112 -0.244387 -0.145815 
1.39446 8.888 1.03195 114 -0.613294 0.0771349 
-1.79023 7.04931 1.8524 116 0.223288 0.281057 
-0.803108 7.61923 -0.814071 117 -0.166984 -0.454612 
1.29458 8.83033 1.97538 118 -0.559559 0.277359 
-0.964105 7.52628 0.885878 120 -0.0679335 0.0192201 
1.68572 9.05615 0.970133 121 -0.66925 0.0663427 
0.0926466 8.13639 -1.10015 128 -0.412921 -0.48257 
-1.20685 7.38613 1.22507 129 0.0181853 0.101228 
-2.44383 6.67196 -0.385326 131 0.427666 -0.44529 
1.04442 8.6859 0.452906 133 -0.561486 -0.0551801 
-1.33285 7.31338 0.696058 135 0.0397327 -0.0461268 
-0.621084 7.72432 1.104 141 -0.156726 0.0778798 
-0.582336 7.74669 0.181318 147 -0.198643 -0.169524 
-0.447254 7.82468 0.726916 148 -0.21541 -0.0185831 
-1.07075 7.46471 -0.23607 149 -0.0660709 -0.307315 
-0.106953 8.02115 -0.188349 150 -0.325365 -0.244183 
-2.79823 6.46735 0.492322 157 0.59033 -0.158362 
-2.15233 6.84026 -0.0957294 160 0.314525 -0.323981 
-2.43306 6.67818 0.0756168 161 0.428519 -0.281407 
1.18573 8.76749 -1.30616 163 -0.662518 -0.465111 
-0.717429 7.6687 0.357392 164 -0.156264 -0.125912 
-2.12399 6.85662 0.667081 166 0.315779 -0.0730472 
0.840218 8.568 1.74362 168 -0.476019 0.230616 
0.0695622 8.12307 1.38063 169 -0.323628 0.1483 
-1.10514 7.44485 1.99159 172 0.00665692 0.310182 
0.827608 8.56072 -0.196826 177 -0.539897 -0.21112 
0.817645 8.55497 1.17423 181 -0.494574 0.106863 
1.11154 8.72465 -0.22035 188 -0.602773 -0.205998 
-1.12203 7.4351 -0.763709 191 -0.0682018 -0.470098 
-0.560641 7.75922 -0.484044 192 -0.22556 -0.346484 
1.01143 8.66685 -1.03298 194 -0.614761 -0.409115 
-1.21876 7.37925 1.56713 198 0.0302555 0.193457 
-2.46086 6.66212 1.43715 200 0.462345 0.160328 
-2.60244 6.58039 -0.419929 205 0.492681 -0.472083 
0.530427 8.38915 0.212413 206 -0.46297 -0.124935 
-1.89242 6.99031 1.67854 209 0.250819 0.23093 
-2.75916 6.4899 1.6333 210 0.591175 0.222547 
-0.0829147 8.03503 0.967789 213 -0.298696 0.0501083 
-1.32904 7.31558 0.826885 214 0.0444835 -0.00856248 
-2.20564 6.80948 0.351964 217 0.339656 -0.176102 
0.498224 8.37055 -0.257251 218 -0.476149 -0.241682 
-1.18272 7.40006 -0.335728 222 -0.0365517 -0.342142 
1.50761 8.95332 1.78202 225 -0.604223 0.237991 
0.843826 8.57009 1.93717 228 -0.473594 0.274634 
-2.92339 6.39508 1.13342 229 0.661979 0.0581154 
0.842776 8.56948 1.16326 230 -0.496066 0.101993 
1.20088 8.77623 0.396294 235 -0.59427 -0.0649347 
-0.477256 7.80736 0.692004 238 -0.208423 -0.0289008 
-2.63039 6.56425 -0.0067306 240 0.512483 -0.326103 
0.34969 8.2848 -0.208161 246 -0.437939 -0.235825 
-2.65581 6.54957 -0.244999 247 0.520404 -0.418196 
