-7 0.21307 2.3409 51 -0.0121494 0.0255016 
-7 -0.503339 4.01391 52 0.331868 -0.119715 
-7 -0.64261 4.44771 54 0.410237 -0.143426 
-7 -0.441068 2.32778 56 -0.00946124 -0.127272 
-7 1.81819 2.50338 57 0.00975357 0.387186 
-7 1.50288 1.91462 59 -0.119831 0.326863 
-7 1.26508 -0.184774 63 -0.691288 0.304201 
-7 -1.45394 1.58819 66 -0.177349 -0.39188 
-7 0.78654 5.75191 68 0.600923 0.142413 
-7 -0.100249 4.19611 69 0.359959 -0.0336804 
-7 -1.07602 2.04225 70 -0.0697849 -0.284708 
-7 -0.527577 4.46053 71 0.411088 -0.119557 
-7 -0.14175 5.47309 72 0.570684 -0.0339236 
-7 -1.87164 2.51938 75 0.046214 -0.462342 
-7 1.51818 2.67054 81 0.0480571 0.31803 
-7 0.883221 6.2108 82 0.665843 0.158391 
-7 -1.9255 2.82609 83 0.113446 -0.464084 
-7 -0.72299 3.2493 84 0.188617 -0.178007 
-7 1.48523 2.57162 86 0.0272968 0.312278 
-7 -0.166603 0.216342 87 -0.563744 -0.0858258 
-7 1.20864 2.59145 88 0.0339745 0.250556 
-7 1.46933 5.82185 93 0.602652 0.26827 
-7 -0.576654 5.65743 96 0.604164 -0.116117 
-7 -1.0576 1.73598 99 -0.143521 -0.287922 
