-7 -0.29883 -1.326 55 0.559073 -0.187425 
-7 0.46862 -2.98529 58 0.131643 0.00188513 
-7 -1.05185 -1.49538 60 0.516781 -0.396845 
-7 -1.03485 -3.75523 61 -0.0412187 -0.32682 
-7 -0.184126 -2.39523 62 0.263973 -0.147403 
-7 0.0943094 -5.21035 64 -0.269837 -0.0794309 
-7 1.11392 -6.02536 65 -0.361456 0.0925281 
-7 0.886694 -5.35798 67 -0.275693 0.061689 
-7 1.34911 -4.82912 74 -0.189363 0.14909 
-7 0.577231 -1.47952 76 0.502468 0.0411211 
-7 0.694743 -5.33965 78 -0.276823 0.0283756 
-7 1.12101 -6.65735 79 -0.43923 0.0865538 
-7 0.821262 -3.48263 80 0.0338766 0.0705261 
-7 -1.84392 -6.0007 85 -0.427561 -0.441401 
-7 1.69039 -1.92004 89 0.377602 0.286341 
-7 -0.295975 -5.19552 90 -0.275527 -0.15282 
-7 1.40697 -4.3308 91 -0.109614 0.168289 
-7 0.592834 -6.66606 94 -0.452491 0.00272062 
-7 -1.56958 -3.12031 95 0.0861936 -0.475853 
-7 -1.20087 -3.87679 97 -0.0672639 -0.361936 
-7 1.52805 -2.92335 98 0.150963 0.222673 
-7 -0.609874 -5.90804 100 -0.384399 -0.205996 
-6.22725 1.4028 -7 110 -0.585272 0.167936 
-6.20015 -0.954561 -7 122 -0.666701 -0.259688 
-6.2831 -0.370457 -7 140 -0.631206 -0.147482 
-6.46998 0.52855 -7 150 -0.571562 0.00857126 
