-3.11304 -8.60806 -1.9166 254 0.390536 -0.284183 
-3.48222 -7.96863 1.84681 255 0.435884 0.495475 
-2.75039 -9.23619 0.329719 263 0.586473 0.115978 
-3.07463 -8.67459 -1.54793 266 0.420195 -0.219365 
-2.57499 -9.53998 1.60069 268 0.685465 0.345466 
-2.72709 -9.27655 -1.48729 269 0.517547 -0.208175 
-5.23237 -4.93727 0.70564 274 -0.420782 0.450228 
-3.88769 -7.26632 -1.50954 277 0.152543 -0.19809 
-4.24528 -6.64697 0.694015 279 0.0994547 0.314794 
-5.01096 -5.32075 -0.777348 280 -0.336452 -0.00233636 
-3.32874 -8.23445 -1.42324 285 0.347291 -0.190425 
-3.49888 -7.93976 0.772929 286 0.380849 0.257272 
-5.29575 -4.82749 -1.96199 288 -0.536801 -0.307393 
-4.95189 -5.42307 -0.262658 289 -0.284836 0.13045 
-4.9932 -5.35153 -1.23628 292 -0.3404 -0.122652 
-3.44968 -8.02497 0.167007 293 0.374133 0.127654 
-3.04378 -8.72802 1.54345 294 0.555928 0.382557 
-3.22332 -8.41705 1.89644 304 0.520358 0.477087 
-3.93868 -7.178 -1.57121 306 0.129786 -0.220816 
-5.13363 -5.10828 -1.10309 312 -0.413628 -0.0851494 
-3.32508 -8.2408 -1.51403 315 0.34434 -0.211025 
-3.63057 -7.71167 -1.43695 316 0.247438 -0.193621 
-4.92427 -5.47091 0.898447 318 -0.226127 0.45427 
-4.81248 -5.66455 -1.64507 319 -0.253584 -0.226178 
-3.09129 -8.64573 1.79249 320 0.556051 0.435721 
-4.10365 -6.89227 -1.45523 322 0.0710763 -0.19061 
-3.06428 -8.69251 -0.666718 324 0.457715 -0.0577372 
-4.30377 -6.54565 0.385968 326 0.0580194 0.238486 
-5.23373 -4.93491 -1.84234 327 -0.495134 -0.274191 
-4.07384 -6.9439 0.0649336 330 0.145206 0.146616 
-4.85494 -5.591 -1.94807 331 -0.283681 -0.300151 
-3.49997 -7.93787 0.446165 333 0.370738 0.186153 
-3.35488 -8.18918 1.50964 334 0.462809 0.404902 
-5.49704 -4.47884 -1.16972 335 -0.650337 -0.0856885 
-4.50583 -6.19567 0.376914 336 -0.0321718 0.260143 
-4.09708 -6.90364 0.281542 338 0.14569 0.198096 
-3.77569 -7.46032 0.825581 340 0.286759 0.295844 
-4.16753 -6.78163 0.981089 341 0.142822 0.378407 
-5.29142 -4.83499 -0.290764 343 -0.490341 0.152679 
-4.78378 -5.71426 0.966713 344 -0.14863 0.454509 
-3.62005 -7.72989 0.845456 350 0.347755 0.286063 
-4.2793 -6.58803 -1.32765 353 0.00408964 -0.160829 
-2.64072 -9.42615 1.95256 355 0.684813 0.422887 
-5.36533 -4.70697 -0.794508 356 -0.550263 0.0152535 
-3.10287 -8.62567 -0.357131 361 0.45587 0.00224576 
-4.93982 -5.44397 -1.05261 362 -0.304564 -0.0790713 
-3.98712 -7.09411 0.170839 364 0.185716 0.163392 
-4.44212 -6.30602 -1.20213 365 -0.0607173 -0.129277 
-3.32955 -8.23305 -1.41411 368 0.346808 -0.193539 
-2.62582 -9.45194 -1.96759 374 0.521563 -0.291763 
-5.20485 -4.98493 0.860305 376 -0.394369 0.490259 
-5.40008 -4.64678 -1.78435 379 -0.60214 -0.260819 
-5.0994 -5.16757 -0.624233 381 -0.377966 0.047886 
-3.72571 -7.54688 0.335972 382 0.288486 0.180649 
-3.02092 -8.76762 -1.67324 386 0.428761 -0.239143 
-5.24676 -4.91235 0.215207 389 -0.447186 0.298772 
-3.14704 -8.54917 1.54174 390 0.527468 0.389756 
-4.97755 -5.37862 1.00983 392 -0.253671 0.496605 
-4.85021 -5.5992 -1.40794 394 -0.267892 -0.167027 
-2.75281 -9.23199 0.225616 395 0.580284 0.096434 
-3.18967 -8.47533 1.85927 400 0.528823 0.463666 
-3.33676 -8.22056 -0.399899 404 0.382817 0.00407617 
-3.20418 -8.4502 0.757211 405 0.476275 0.228856 
-3.32846 -8.23494 1.89335 407 0.482712 0.488102 
-4.67743 -5.89845 0.0191106 408 -0.124999 0.183324 
-4.7162 -5.8313 -1.22464 411 -0.193605 -0.130677 
-3.05904 -8.70159 0.925619 412 0.523496 0.255437 
-2.74941 -9.23788 0.292754 416 0.581828 0.112116 
-4.24744 -6.64321 -1.92173 418 -0.00355054 -0.28819 
-4.59318 -6.04438 0.332137 419 -0.0737883 0.258077 
-3.28794 -8.30512 -0.582867 425 0.397519 -0.0326382 
-4.10084 -6.89714 -0.211774 427 0.12428 0.0802772 
-2.88356 -9.00553 1.61269 428 0.60685 0.378325 
-3.57786 -7.80296 1.13653 429 0.367788 0.342917 
-4.2527 -6.63411 -0.951124 431 0.0329387 -0.0766166 
-4.54469 -6.12836 -1.52013 432 -0.116909 -0.196586 
-3.71801 -7.56021 -1.73791 433 0.206469 -0.252517 
-2.84073 -9.07972 -1.27039 435 0.495616 -0.173395 
-5.16969 -5.04583 -0.141549 437 -0.408646 0.184054 
-4.68557 -5.88436 -1.8811 438 -0.195892 -0.282844 
-4.8407 -5.61566 -0.0396453 440 -0.213706 0.180752 
-4.21563 -6.69831 -0.927394 445 0.0470496 -0.0737746 
-4.75369 -5.76637 0.970583 446 -0.131508 0.448738 
-4.02746 -7.02424 -1.63148 447 0.0960187 -0.229071 
-2.97704 -8.84361 -0.559065 449 0.486583 -0.0376863 
-3.13049 -8.57784 0.930095 453 0.506341 0.258629 
-2.83311 -9.09292 -0.904736 454 0.511666 -0.105727 
-3.07985 -8.66554 0.939564 456 0.519251 0.258762 
-2.82678 -9.10387 0.818773 460 0.585754 0.218252 
-5.32858 -4.77062 -1.23715 462 -0.540871 -0.1136 
-4.41902 -6.34603 0.58457 470 0.0145707 0.305551 
-5.14801 -5.08339 0.214391 472 -0.381926 0.286482 
-4.6459 -5.95307 0.77707 474 -0.0862127 0.385317 
-2.94605 -8.89729 1.87197 478 0.598062 0.441548 
-3.62908 -7.71426 0.283949 480 0.322469 0.160156 
-4.72984 -5.80768 1.01961 483 -0.115584 0.460816 
-3.75747 -7.49188 -0.114405 484 0.253432 0.0866874 
-4.07094 -6.94893 1.07534 490 0.191556 0.387292 
-4.92481 -5.46997 -1.54112 491 -0.310382 -0.20301 
-2.61113 -9.47739 -1.5069 492 0.547962 -0.213997 
-3.63585 -7.70252 0.600044 494 0.328682 0.234119 
-5.30136 -4.81777 0.489233 495 -0.471921 0.392861 
-3.6271 -7.71768 0.36592 497 0.324749 0.180698 
-3.46213 -8.00341 0.473249 499 0.382346 0.191736 
-3.9326 -7.18855 1.52347 500 0.26274 0.477645 
-2.54087 -9.54988 -1.96382 546 0.54024 -0.29416 
-2.39776 -9.46725 -1.50147 566 0.590967 -0.223507 
-2.13398 -9.31496 -0.61668 585 0.681178 -0.083308 
