5.64257 -0.481715 -7 109 206.422 88.0279 
2.26927 0.767181 -7 111 504.024 265.469 
2.74139 -0.240151 -7 113 465.261 125.723 
4.50714 -1.04124 -7 119 295.421 29.3024 
2.98659 0.138239 -7 123 427.098 171.2 
4.46367 -0.542201 -7 125 292.666 83.3962 
6.6867 0.183154 -7 127 142.466 141.95 
3.77354 -0.887468 -7 133 360.613 43.3778 
6.08103 -0.977971 -7 134 183.523 42.4 
3.34213 1.4046 -7 137 366.038 308.564 
4.29646 -0.0380129 -7 139 300.161 137.732 
6.59087 -1.1778 -7 141 156.057 26.4125 
4.8725 1.3091 -7 142 240.968 261.669 
6.26277 1.2623 -7 143 157.573 233.706 
1.9715 1.13953 -7 144 536.766 323.936 
1.45576 0.553777 -7 145 639.764 260.847 
7 -0.863938 -6.09367 166 58.5334 30.7471 
7 0.831841 -5.58946 182 1.27169 185.658 
7 1.69172 -5.79597 183 20.0022 264.244 
7 0.781169 -6.98961 200 123.16 186.8 
