5.64257 -0.481715 -7 109 369.529 230.821 
6.30632 -1.54879 -7 115 323.906 150.468 
4.50714 -1.04124 -7 119 453.15 169.27 
4.46367 -0.542201 -7 125 460.345 218.634 
6.6867 0.183154 -7 127 313.045 284.09 
6.46481 -1.88245 -7 128 313.625 127.059 
3.77354 -0.887468 -7 133 528.782 174.346 
6.08103 -0.977971 -7 134 339.722 192.995 
3.34213 1.4046 -7 137 599.254 443.467 
4.29646 -0.0380129 -7 139 479.413 269.127 
6.59087 -1.1778 -7 141 310.827 182.223 
4.8725 1.3091 -7 142 436.616 394.447 
6.26277 1.2623 -7 143 341.478 368.799 
6.4687 -1.97232 -7 149 312.941 120.234 
7 -1.59791 -6.35011 157 250.301 152.421 
7 1.75895 -5.06184 159 176.586 447.063 
7 0.863395 -4.44339 163 112.995 382.204 
7 -0.863938 -6.09367 166 237.727 209.424 
7 1.33843 -4.95324 172 164.432 412.577 
7 0.759759 -5.08223 173 171.605 357.037 
7 0.741437 -4.00824 180 64.6576 382.075 
7 -0.563655 -4.89557 181 146.127 238.884 
7 0.831841 -5.58946 182 212.309 352.919 
7 1.69172 -5.79597 183 232.353 419.104 
7 0.0865561 -4.29161 189 91.1467 308.243 
7 -1.97934 -4.46413 190 93.5365 100.974 
7 0.781169 -6.98961 200 300.152 326.136 
