5.64257 -0.481715 -7 109 0.46587 -0.00827012 
6.30632 -1.54879 -7 115 0.333442 -0.155882 
4.50714 -1.04124 -7 119 0.672217 -0.186925 
6.6867 0.183154 -7 127 0.330174 0.137575 
6.46481 -1.88245 -7 128 0.304565 -0.197728 
6.08103 -0.977971 -7 134 0.380726 -0.0754432 
6.59087 -1.1778 -7 141 0.306802 -0.0836142 
6.26277 1.2623 -7 143 0.423497 0.327396 
6.4687 -1.97232 -7 149 0.301827 -0.210957 
7 -0.0623122 -3.31422 152 -0.301615 0.135234 
7 -1.59791 -6.35011 157 0.174985 -0.135604 
7 1.75895 -5.06184 159 0.0683618 0.483673 
7 0.343459 -2.54532 160 -0.495574 0.249875 
7 1.08732 -1.94397 162 -0.688184 0.490616 
7 0.863395 -4.44339 163 -0.0570423 0.315321 
7 -0.724268 -3.10497 165 -0.355676 -0.0126242 
7 -0.863938 -6.09367 166 0.158907 -0.0233944 
7 1.33843 -4.95324 172 0.0412021 0.398773 
7 0.759759 -5.08223 173 0.0498606 0.276103 
7 -0.518283 -3.0968 179 -0.35615 0.0332741 
7 0.741437 -4.00824 180 -0.142452 0.301962 
7 -0.563655 -4.89557 181 -0.00602404 0.0247749 
7 0.831841 -5.58946 182 0.12828 0.277768 
7 1.69172 -5.79597 183 0.178184 0.437734 
7 0.0865561 -4.29161 189 -0.0984372 0.154958 
7 -1.97934 -4.46413 190 -0.1004 -0.234309 
7 0.781169 -6.98961 200 0.304591 0.239969 
