-7 0.21307 2.3409 51 327.873 269.713 
-7 -0.503339 4.01391 52 485.414 201.196 
-7 -0.64261 4.44771 54 521.463 189.847 
-7 -0.441068 2.32778 56 328.747 199.691 
-7 1.81819 2.50338 57 338.827 437.244 
-7 1.50288 1.91462 59 279.032 409.426 
-7 1.26508 -0.184774 63 18.9923 400.391 
-7 -1.45394 1.58819 66 252.138 80.772 
-7 0.78654 5.75191 68 612.295 321.232 
-7 -0.100249 4.19611 69 498.896 240.642 
-7 -1.07602 2.04225 70 300.968 128.432 
-7 -0.527577 4.46053 71 522.011 200.814 
-7 -0.14175 5.47309 72 596.712 239.445 
-7 -1.87164 2.51938 75 353.226 47.2815 
-7 1.51818 2.67054 81 356.322 404.892 
-7 -1.9255 2.82609 83 383.772 45.9538 
-7 -0.72299 3.2493 84 419.218 175.334 
-7 1.48523 2.57162 86 346.725 402.266 
-7 -0.166603 0.216342 87 77.8041 221.627 
-7 1.20864 2.59145 88 349.633 373.539 
-7 1.46933 5.82185 93 614.179 380.097 
-7 -0.576654 5.65743 96 611.618 201.287 
-7 -1.0576 1.73598 99 267.524 127.478 
