5.64257 -0.481715 -7 109 0.086474 -0.0316203 
6.30632 -1.54879 -7 115 -0.0105663 -0.208026 
4.50714 -1.04124 -7 119 0.267913 -0.163559 
2.98659 0.138239 -7 123 0.666236 0.109028 
4.46367 -0.542201 -7 125 0.282071 -0.0560473 
6.6867 0.183154 -7 127 -0.036362 0.0829542 
6.46481 -1.88245 -7 128 -0.0324406 -0.259576 
3.77354 -0.887468 -7 133 0.430015 -0.150577 
6.08103 -0.977971 -7 134 0.0228804 -0.114707 
3.34213 1.4046 -7 137 0.571171 0.43014 
4.29646 -0.0380129 -7 139 0.321573 0.0537835 
6.59087 -1.1778 -7 141 -0.0394395 -0.138945 
4.8725 1.3091 -7 142 0.226769 0.32333 
6.26277 1.2623 -7 143 0.0233844 0.266804 
6.4687 -1.97232 -7 149 -0.0338068 -0.274557 
7 -1.59791 -6.35011 157 -0.171508 -0.205604 
7 1.75895 -5.06184 159 -0.337454 0.434593 
7 0.863395 -4.44339 163 -0.477028 0.293766 
7 -0.863938 -6.09367 166 -0.200063 -0.0810668 
7 1.33843 -4.95324 172 -0.363841 0.359973 
7 0.759759 -5.08223 173 -0.347519 0.239606 
7 0.741437 -4.00824 180 -0.583991 0.293113 
7 -0.563655 -4.89557 181 -0.402733 -0.0183187 
7 0.831841 -5.58946 182 -0.257907 0.231056 
7 1.69172 -5.79597 183 -0.214791 0.374449 
7 0.0865561 -4.29161 189 -0.525003 0.13247 
7 -1.97934 -4.46413 190 -0.518735 -0.32284 
7 0.781169 -6.98961 200 -0.0648948 0.173913 
