1.50492 8.95177 -1.01173 5 466.192 150.147 
2.56137 9.56171 -1.26435 9 386.696 138.677 
0.882168 8.59222 -0.707979 12 526.898 177.435 
0.899845 8.60243 -1.45278 14 537.005 101.153 
0.308716 8.26114 -0.602419 18 601.968 187.481 
1.53151 8.96712 0.925447 27 439.507 325.458 
1.89409 9.17646 -0.898766 30 431.898 164.085 
1.20489 8.77855 1.35968 34 465.464 374.615 
0.643979 8.45471 0.172026 37 542.413 270.294 
1.0009 8.66077 1.01151 39 489.735 349.143 
1.35417 8.86473 -1.19204 41 483.846 133.217 
2.2299 9.37034 -1.63427 48 415.667 105.029 
1.11916 8.72905 0.11871 59 487.135 256.413 
2.502 9.52743 1.21213 60 363.939 327.384 
0.976565 8.64672 0.659001 63 496.982 314.073 
2.48091 9.51526 -1.52748 64 395.763 118.201 
1.84359 9.1473 -0.734752 70 434.054 178.882 
2.0992 9.29488 1.12901 72 391.112 329.584 
2.43447 9.48845 -1.27169 74 394.414 134.873 
0.772201 8.52873 0.816256 76 518.252 335.567 
2.20527 9.35612 0.861552 89 386.523 306.326 
0.17216 8.1823 0.981234 106 594.541 375.383 
1.53832 8.97105 -0.336704 110 454.691 211.397 
1.39446 8.888 1.03195 114 449.955 336.745 
1.29458 8.83033 1.97538 118 447.156 430.767 
1.68572 9.05615 0.970133 121 428.343 328.753 
1.04442 8.6859 0.452906 133 492.888 291.002 
2.0713 9.27877 -0.869126 143 417.593 166.534 
2.40916 9.47383 1.43867 146 366.029 346.786 
2.34296 9.43561 0.313575 151 386.181 260.304 
1.8128 9.12952 -1.61907 155 447.442 101.338 
1.66029 9.04147 -0.791988 162 448.684 171.048 
1.18573 8.76749 -1.30616 163 500.996 120.757 
0.840218 8.568 1.74362 168 496.742 431.048 
0.0695622 8.12307 1.38063 169 602.86 427.548 
0.827608 8.56072 -0.196826 177 524.877 229.936 
0.817645 8.55497 1.17423 181 507.893 372.326 
1.11154 8.72465 -0.22035 188 495.223 226.228 
1.01143 8.66685 -1.03298 194 515.793 145.724 
1.63059 9.02433 -0.54542 202 447.885 192.946 
0.530427 8.38915 0.212413 206 556.521 277.016 
-0.0829147 8.03503 0.967789 213 636.309 385.804 
0.498224 8.37055 -0.257251 218 569.095 224.989 
1.50761 8.95332 1.78202 225 430.912 403.603 
0.843826 8.57009 1.93717 228 492.053 449.532 
0.842776 8.56948 1.16326 230 503.731 370.017 
2.3848 9.45977 -0.140995 231 385.194 222.667 
1.20088 8.77623 0.396294 235 479.586 284.93 
2.1672 9.33414 0.137181 241 399.057 249.318 
2.5324 9.54499 -0.521146 243 382.085 195.513 
0.34969 8.2848 -0.208161 246 588.786 232.653 
2.29158 9.40595 0.467399 249 384.027 272.897 
3.95041 7.15768 -0.115486 754 165.847 183.986 
4.31954 6.51834 0.440036 760 68.5605 233.094 
2.79672 9.15593 1.45335 762 331.193 346.27 
3.65369 7.67162 -0.409443 763 228.413 164.802 
3.63308 7.70731 -0.253667 767 230.06 180.773 
4.46197 6.27165 0.273057 769 30.7554 206.373 
3.94821 7.16151 -0.305332 771 168.924 162.509 
3.17581 8.49933 -0.450529 776 302.308 180.097 
4.57465 6.07647 -0.980151 777 21.8874 39.2161 
2.96438 8.86554 -0.466828 778 332.982 188.19 
3.01964 8.76982 1.66075 782 297.443 364.206 
2.91765 8.94648 -1.66232 783 351.792 90.8373 
4.09862 6.90098 -0.651429 789 141.512 116.55 
3.94393 7.16891 1.20445 790 145.18 325.132 
2.7584 9.22231 -0.310632 792 354.207 204.616 
3.73411 7.53233 -1.49404 804 229.466 53.886 
3.68413 7.6189 -0.207288 807 220.437 185.655 
2.74211 9.25053 -1.73828 813 372.362 94.501 
3.75485 7.49641 -1.09591 823 219.502 90.2215 
3.57856 7.80176 -0.875216 840 247.844 124.179 
2.75988 9.21974 0.955628 841 340.637 305.338 
3.12713 8.58365 0.949699 846 292.377 305.185 
4.15625 6.80116 -0.0422045 847 119.478 185.721 
3.4808 7.97107 -1.62753 851 275.664 59.254 
3.61746 7.73437 -1.94874 852 256.325 17.1181 
3.11682 8.6015 1.29664 853 290.833 335.664 
3.59494 7.77338 0.739111 854 222.289 279.277 
3.21408 8.43306 1.15774 858 278.036 321.756 
3.63106 7.71081 -1.67758 859 250.712 42.8103 
3.27878 8.32099 -1.03834 860 298.364 124.94 
4.3546 6.4576 0.374594 864 59.9419 224.015 
4.06751 6.95487 -1.6458 865 165.844 8.77922 
3.50474 7.92962 1.97827 867 220.476 400.483 
2.83011 9.0981 -0.827008 869 355.32 162.641 
3.62176 7.72692 0.659348 870 218.556 272.419 
4.25903 6.62315 1.93355 875 57.7494 412.804 
2.74336 9.24836 0.533191 877 345.374 270.813 
3.47475 7.98155 1.30736 888 235.033 334.634 
3.96207 7.13749 -0.131759 891 164.178 182.088 
4.38822 6.39938 -1.26668 892 80.8151 22.3016 
3.79506 7.42677 -1.15471 899 214.315 84.8495 
4.24153 6.65346 -1.08896 903 115.889 56.393 
4.61439 6.00765 -1.15812 909 10.7832 8.22353 
4.24347 6.65009 0.760465 912 84.1063 275.09 
3.15471 8.53588 -0.806247 915 311.569 150.588 
3.62319 7.72445 -0.430218 916 234.849 167.638 
3.37491 8.15449 -1.18787 917 284.908 105.812 
3.88292 7.27458 0.732852 918 167.421 277.842 
3.5513 7.84897 1.93783 920 213.116 395.753 
3.89561 7.2526 -0.984565 922 191.443 92.8015 
3.15548 8.53455 -1.95746 923 327.712 51.538 
2.665 9.38408 0.586617 924 356.742 277.099 
3.45706 8.01219 0.602811 925 248.503 270.733 
3.20202 8.45395 0.188458 931 294.103 236.203 
2.78152 9.18227 -1.96749 936 371.317 72.2656 
3.59191 7.77864 1.36064 942 209.859 341.886 
3.89811 7.24827 1.30532 954 154.185 336.931 
3.02515 8.76029 0.646829 955 310.996 277.735 
2.99518 8.81219 -1.02389 956 336.338 138.641 
2.88729 8.99907 -0.922446 958 346.835 151.793 
4.28105 6.58501 -0.348295 969 93.5247 141.014 
4.4012 6.3769 -1.37641 973 78.2771 2.97882 
2.80084 9.14881 -0.0563065 974 348.559 225.316 
4.30329 6.54648 1.81023 975 46.2079 399.628 
4.12313 6.85854 -0.122495 977 125.062 174.505 
2.74799 9.24035 0.800252 981 342.865 294.017 
4.40456 6.37107 0.274064 992 45.4261 210.178 
4.26624 6.61065 0.689474 996 77.2065 266.057 
4.40907 6.36327 1.15293 997 30.6619 320.519 
