-1.97014 0.361326 7 3 0.517858 0.0930381 
-2.93389 0.906698 7 9 0.260418 0.280882 
-2.14837 -1.21575 7 10 0.365053 -0.340916 
-4.80195 0.41523 7 21 -0.142814 0.195167 
-3.28746 -0.347612 7 22 0.11832 -0.0328007 
-5.92999 -1.73451 7 23 -0.343586 -0.172462 
-5.37012 0.037908 7 24 -0.237272 0.130833 
-5.21106 1.44812 7 29 -0.180488 0.421842 
-5.40598 0.152698 7 30 -0.239739 0.154447 
-2.84657 -0.836733 7 31 0.199678 -0.181168 
-3.76175 1.7333 7 32 0.0969721 0.504147 
-2.21352 -0.0799941 7 33 0.411236 -0.0243893 
-5.875 -0.508694 7 36 -0.314852 0.0418516 
-4.02466 -0.174699 7 39 -0.0255043 0.0421254 
-3.22548 0.288125 7 40 0.159057 0.122907 
-5.59816 -0.619665 7 42 -0.281927 0.0117332 
-3.26615 1.27581 7 43 0.193265 0.385168 
-6.33365 0.109205 7 44 -0.358713 0.166432 
-2.70348 -0.732172 7 47 0.240007 -0.16584 
-6.25916 0.145289 7 48 -0.349372 0.171497 
-7 0.78654 5.75191 68 -0.656896 0.351458 
-7 1.61955 6.53315 73 -0.487056 0.476226 
-7 0.883221 6.2108 82 -0.557922 0.348104 
-7 1.46933 5.82185 93 -0.63301 0.497126 
-7 -0.576654 5.65743 96 -0.692941 0.0673516 
