4.24209 -0.169362 7 2 0.52154 -0.224215 
4.21586 0.44696 7 6 0.538842 -0.0716912 
3.83317 -1.18305 7 7 0.398959 -0.474791 
1.43468 0.247817 7 14 -0.140597 0.0228538 
1.15492 0.329495 7 16 -0.222556 0.0668959 
3.85259 1.05777 7 18 0.490671 0.0954973 
3.59484 -1.08373 7 19 0.351278 -0.444071 
1.72001 0.911917 7 20 -0.0182261 0.199274 
2.29586 0.474308 7 27 0.113429 0.0350856 
1.36705 1.3428 7 37 -0.0947471 0.35428 
1.32504 1.59645 7 41 -0.0920787 0.431869 
1.79943 -0.524923 7 46 -0.0782163 -0.232241 
3.75278 1.55867 7 49 0.489691 0.223049 
