-8.8069 2.99824 -0.956076 24 -0.575846 0.0852702 
-8.89169 2.94928 -0.604829 26 -0.564908 0.147991 
-9.15905 2.79493 1.33263 40 -0.557627 0.502349 
-8.69401 3.06342 -0.315471 46 -0.61548 0.194899 
-9.17118 2.78792 0.352843 50 -0.534842 0.316877 
-9.06868 2.8471 0.616604 61 -0.557515 0.366723 
-9.53193 2.57964 -0.151691 69 -0.463922 0.230294 
-8.43422 3.2134 0.143156 79 -0.682786 0.288341 
-8.57211 3.13379 0.696853 83 -0.665492 0.400341 
-9.48597 2.60618 0.402373 91 -0.474626 0.317319 
-9.49264 2.60233 0.71894 111 -0.481492 0.373885 
-9.4138 2.64784 -0.749638 127 -0.469992 0.131556 
-9.10665 2.82518 -0.067222 132 -0.535974 0.241688 
-8.31486 3.28232 -0.998132 134 -0.682859 0.05874 
-8.32648 3.27561 -0.916176 137 -0.679167 0.0791028 
-8.89144 2.94943 -0.995818 139 -0.560446 0.0793744 
-8.50915 3.17015 -1.43562 142 -0.625826 -0.00933069 
-8.55092 3.14603 -1.2267 145 -0.620144 0.0288727 
-9.27136 2.73008 -1.79969 152 -0.478473 -0.0377389 
-8.81769 2.99201 -0.933105 158 -0.570832 0.092252 
-9.09008 2.83474 -1.5709 176 -0.509938 -0.0097286 
-8.58962 3.12368 -0.807997 201 -0.623955 0.103107 
-9.31972 2.70216 0.881481 208 -0.518152 0.40681 
-8.26463 0.314754 1.16404 251 -0.123061 0.50515 
-7.46287 -1.07392 -1.59589 252 0.171927 -0.092638 
-9.1587 1.86333 -0.988996 253 -0.352655 0.0827378 
-8.41737 0.579321 1.27562 256 -0.175933 0.521691 
-9.52122 2.49124 -1.0717 257 -0.435062 0.0792284 
-8.93601 1.47762 -0.633868 259 -0.307685 0.142475 
-7.4714 -1.05915 0.355818 260 0.184161 0.341387 
-6.64917 -2.4833 -0.440182 261 0.603834 0.139323 
-8.62862 0.94521 0.119044 265 -0.234106 0.277852 
-9.05625 1.68588 -1.53396 267 -0.326039 -0.00255445 
-9.13681 1.82542 0.452008 276 -0.365134 0.335321 
-6.90676 -2.03715 -0.996423 283 0.438902 0.00749337 
-8.62523 0.939344 -1.18054 287 -0.218597 0.0396309 
-8.12164 0.0670859 0.804812 290 -0.0732466 0.431466 
-6.93825 -1.9826 -0.53082 295 0.4339 0.124309 
-6.74023 -2.32557 -0.914689 296 0.533923 0.0193087 
-8.26682 0.318554 -1.13985 297 -0.116547 0.035343 
-8.648 0.978768 1.29878 299 -0.245908 0.514938 
-7.95776 -0.216756 -0.267516 301 -0.0147266 0.199189 
-7.19832 -1.53215 -0.65154 305 0.299094 0.102511 
-7.50388 -1.00291 -1.74177 307 0.1517 -0.112811 
-7.75587 -0.566441 -1.28568 308 0.0569377 -0.0167252 
-8.641 0.966654 -0.16123 311 -0.228377 0.225458 
-9.31057 2.12638 -0.0551822 313 -0.4008 0.241446 
-6.53509 -2.68089 -1.87527 314 0.624082 -0.228663 
-7.11395 -1.67828 -0.473701 317 0.341823 0.143153 
-6.44508 -2.83679 -1.6951 321 0.685377 -0.194286 
-7.51344 -0.986333 -0.814325 323 0.157202 0.0741653 
-8.81253 1.26375 -0.857651 325 -0.273804 0.0996305 
-7.53876 -0.942491 0.491179 328 0.157597 0.374791 
-7.72464 -0.62053 -0.0248013 332 0.0746076 0.24994 
-7.95987 -0.213096 0.306596 339 -0.00872582 0.321284 
-8.52917 0.772963 -1.76171 342 -0.186582 -0.0638335 
-6.83154 -2.16742 0.486301 345 0.52513 0.401233 
-8.12381 0.0708475 -1.49958 347 -0.0688586 -0.0388166 
-8.00123 -0.141456 -0.325795 349 -0.0247084 0.18854 
-7.28977 -1.37375 -1.87683 352 0.238286 -0.159638 
-7.45408 -1.08915 -1.1234 354 0.178903 0.00676598 
-7.13206 -1.6469 0.386525 358 0.354041 0.361808 
-8.82998 1.29397 -1.283 359 -0.269676 0.0300024 
-7.24008 -1.45982 0.239176 360 0.294062 0.320636 
-8.26227 0.31067 0.618929 366 -0.123593 0.383336 
-6.57086 -2.61894 0.112404 367 0.677529 0.302389 
-6.73207 -2.33972 -0.455992 369 0.55699 0.138826 
-6.90193 -2.0455 0.150108 371 0.474474 0.3039 
-7.92892 -0.2667 1.10434 372 -0.00149744 0.506397 
-8.43087 0.60269 -0.733047 375 -0.163805 0.113684 
-9.0577 1.6884 -0.174837 377 -0.339728 0.220909 
-8.19099 0.187209 -1.2445 378 -0.087617 0.0145516 
-7.6338 -0.777869 -0.0587155 380 0.11357 0.243606 
-9.37546 2.23878 -1.18001 383 -0.40111 0.0610869 
-6.69448 -2.40482 0.483031 384 0.610707 0.405222 
-9.14202 1.83445 -1.39071 391 -0.348426 0.0221809 
-6.74479 -2.31769 0.740399 393 0.586198 0.48044 
-9.48121 2.42194 -1.26659 396 -0.424131 0.0494365 
-7.37732 -1.22211 -1.65372 397 0.208131 -0.11016 
-8.52092 0.758672 -1.7528 399 -0.186779 -0.0624841 
-6.97577 -1.91761 -0.4901 401 0.412642 0.13832 
-9.44529 2.35972 -1.11888 402 -0.416454 0.0753457 
-7.81782 -0.459131 0.076778 403 0.0405431 0.273686 
-7.63883 -0.769162 -0.119058 410 0.11041 0.230173 
-8.91993 1.44977 0.165011 413 -0.312621 0.285097 
-7.3798 -1.21781 -1.93698 415 0.204076 -0.168012 
-8.21371 0.226557 -0.790225 417 -0.0982389 0.0999566 
-7.84199 -0.417283 -1.30465 420 0.0279034 -0.0160461 
-9.51944 2.48816 0.340095 422 -0.452725 0.307569 
-7.91669 -0.287895 -0.0147918 423 0.00472118 0.25707 
-8.92471 1.45805 -1.88576 426 -0.288498 -0.0645554 
-8.05966 -0.0402563 -0.2345 439 -0.0464128 0.205462 
-7.28007 -1.39054 -0.1606 450 0.269759 0.214353 
-8.18295 0.173293 -0.148578 455 -0.0887926 0.225632 
-8.15687 0.12812 0.541817 457 -0.0843679 0.370824 
-7.48055 -1.0433 0.202815 459 0.178486 0.306606 
-8.06618 -0.0289635 1.04644 461 -0.0524128 0.490769 
-6.65278 -2.47704 -0.576839 463 0.597692 0.10465 
-8.66593 1.00983 0.45259 465 -0.242261 0.340014 
-7.42117 -1.14615 0.204588 467 0.20643 0.307304 
-9.45274 2.37263 -1.8729 469 -0.412826 -0.0371873 
-7.72533 -0.619337 0.904189 476 0.0812716 0.472791 
-7.83655 -0.426699 0.919261 479 0.0340082 0.47093 
-7.18002 -1.56384 -1.73226 481 0.293734 -0.139402 
-7.03065 -1.82256 -1.92608 482 0.355166 -0.193891 
-6.7498 -2.309 -0.746357 485 0.53617 0.0651259 
-8.11594 0.0572182 0.887934 486 -0.0687009 0.449086 
-9.2531 2.02685 -1.52478 488 -0.366915 0.00121468 
-9.11496 1.78758 0.0633076 493 -0.358651 0.263981 
-9.55916 2.55695 -0.634717 496 -0.450388 0.146548 
-9.00888 1.60385 -0.973121 498 -0.319262 0.0837156 
