-2.93389 0.906698 7 9 0.588454 0.368838 
-4.80195 0.41523 7 21 0.13034 0.230931 
-3.28746 -0.347612 7 22 0.425784 0.0305362 
-5.92999 -1.73451 7 23 -0.0890469 -0.148063 
-5.37012 0.037908 7 24 0.0290852 0.158225 
-5.21106 1.44812 7 29 0.0928631 0.440143 
-5.40598 0.152698 7 30 0.0269113 0.180645 
-2.84657 -0.836733 7 31 0.527253 -0.120073 
-5.875 -0.508694 7 36 -0.0536684 0.0645964 
-4.02466 -0.174699 7 39 0.258841 0.0930735 
-3.22548 0.288125 7 40 0.471284 0.195323 
-5.59816 -0.619665 7 42 -0.0200862 0.038369 
-3.26615 1.27581 7 43 0.506004 0.462093 
-6.33365 0.109205 7 44 -0.0953525 0.17903 
-2.70348 -0.732172 7 47 0.576861 -0.100428 
-6.25916 0.145289 7 48 -0.0857536 0.184815 
-7 -0.64261 4.44771 54 -0.645259 0.109551 
-7 0.78654 5.75191 68 -0.338016 0.352435 
-7 -0.527577 4.46053 71 -0.639655 0.135369 
-7 -0.14175 5.47309 72 -0.407704 0.184342 
-7 1.61955 6.53315 73 -0.198832 0.458756 
-7 0.883221 6.2108 82 -0.261297 0.345649 
-7 1.46933 5.82185 93 -0.311545 0.4805 
-7 -0.576654 5.65743 96 -0.382716 0.0960089 
