5.64257 -0.481715 -7 109 371.966 232.063 
6.30632 -1.54879 -7 115 326.094 151.906 
4.50714 -1.04124 -7 119 455.635 170.28 
4.46367 -0.542201 -7 125 463.001 219.624 
6.6867 0.183154 -7 127 315.481 285.485 
6.46481 -1.88245 -7 128 315.759 128.572 
3.77354 -0.887468 -7 133 531.54 175.122 
6.08103 -0.977971 -7 134 342.018 194.335 
3.34213 1.4046 -7 137 603.433 444.762 
4.29646 -0.0380129 -7 139 482.297 270.111 
6.59087 -1.1778 -7 141 313.065 183.659 
4.8725 1.3091 -7 142 439.703 395.786 
6.26277 1.2623 -7 143 344.154 370.236 
6.4687 -1.97232 -7 149 315.062 121.762 
7 -1.59791 -6.35011 157 252.588 154.06 
7 1.75895 -5.06184 159 179.506 448.749 
7 0.863395 -4.44339 163 116.056 383.842 
7 -0.863938 -6.09367 166 240.15 210.993 
7 1.33843 -4.95324 172 167.346 414.214 
7 0.759759 -5.08223 173 174.439 358.626 
7 0.741437 -4.00824 180 67.9234 383.742 
7 -0.563655 -4.89557 181 148.939 240.575 
7 0.831841 -5.58946 182 215.022 354.474 
7 1.69172 -5.79597 183 235.121 420.728 
7 0.0865561 -4.29161 189 94.2595 309.924 
7 -1.97934 -4.46413 190 96.5321 103.171 
7 0.781169 -6.98961 200 302.644 327.589 
