7 -0.0623122 -3.31422 152 0.1641 0.0270974 
7 0.36994 -1.65205 155 -0.206804 0.125093 
7 -1.59791 -6.35011 157 0.663066 -0.238792 
7 0.947338 -0.351981 158 -0.57199 0.286769 
7 1.75895 -5.06184 159 0.471087 0.394629 
7 0.343459 -2.54532 160 0.00249368 0.117069 
7 -0.647617 -0.188366 161 -0.605916 -0.150413 
7 1.08732 -1.94397 162 -0.139693 0.298572 
7 0.863395 -4.44339 163 0.369687 0.220986 
7 -0.724268 -3.10497 165 0.124667 -0.119724 
7 -0.863938 -6.09367 166 0.627598 -0.109784 
7 1.33843 -4.95324 172 0.454082 0.31208 
7 0.759759 -5.08223 173 0.475488 0.195711 
7 -0.518283 -3.0968 179 0.122268 -0.074561 
7 0.741437 -4.00824 180 0.293091 0.198726 
7 -0.563655 -4.89557 181 0.447204 -0.065392 
7 0.831841 -5.58946 182 0.553766 0.206585 
7 1.69172 -5.79597 183 0.58398 0.369145 
7 -0.443496 -0.586995 184 -0.487921 -0.0887421 
7 -1.20096 -0.713027 185 -0.444783 -0.283965 
7 -0.746732 -0.782938 186 -0.428984 -0.164653 
7 0.0865561 -4.29161 189 0.344901 0.0617423 
7 -1.97934 -4.46413 190 0.378301 -0.352707 
7 -1.56385 -0.742436 193 -0.433294 -0.376444 
7 1.83558 -1.14915 198 -0.348803 0.506188 
