5.64257 -0.481715 -7 109 0.636617 -0.0402216 
6.30632 -1.54879 -7 115 0.491585 -0.190645 
6.6867 0.183154 -7 127 0.47886 0.109989 
6.46481 -1.88245 -7 128 0.460603 -0.232999 
6.08103 -0.977971 -7 134 0.542186 -0.108672 
6.59087 -1.1778 -7 141 0.459603 -0.116034 
6.26277 1.2623 -7 143 0.57757 0.30517 
6.4687 -1.97232 -7 149 0.457955 -0.246515 
7 -0.0623122 -3.31422 152 -0.135936 0.0744408 
7 0.36994 -1.65205 155 -0.557353 0.188995 
7 -1.59791 -6.35011 157 0.322317 -0.17054 
7 1.75895 -5.06184 159 0.208528 0.43714 
7 0.343459 -2.54532 160 -0.310169 0.171704 
7 1.08732 -1.94397 162 -0.477135 0.380738 
7 0.863395 -4.44339 163 0.0900162 0.26299 
7 -0.724268 -3.10497 165 -0.183869 -0.069071 
7 -0.863938 -6.09367 166 0.304605 -0.0585737 
7 1.33843 -4.95324 172 0.18328 0.3518 
7 0.759759 -5.08223 173 0.193236 0.23223 
7 -0.518283 -3.0968 179 -0.184631 -0.0253635 
7 0.741437 -4.00824 180 0.00956117 0.244045 
7 -0.563655 -4.89557 181 0.142273 -0.0180295 
7 0.831841 -5.58946 182 0.269948 0.239367 
7 1.69172 -5.79597 183 0.31703 0.401574 
7 0.0865561 -4.29161 189 0.0525105 0.104539 
7 -1.97934 -4.46413 190 0.0548362 -0.275834 
7 0.781169 -6.98961 200 0.447398 0.213987 
