-0.751588 -8.51683 0.0534651 508 40.1922 204.675 
-0.489466 -8.3655 1.99316 509 109.278 409.194 
2.60042 -6.58155 1.54168 513 521.596 339.285 
1.01972 -7.49417 -0.323822 518 234.862 117.775 
1.55304 -7.18626 -0.142317 519 314.717 125.325 
3.18104 -6.24633 1.49572 527 631.933 326.042 
0.57886 -7.7487 0.424617 532 195.549 222.777 
1.74656 -7.07452 -0.649775 536 334.387 48.1245 
-0.805849 -8.54816 -1.1322 539 5.25044 72.3636 
-0.435565 -8.33438 0.0499532 548 73.016 198.171 
1.31384 -7.32436 1.35338 549 314.673 327.091 
0.488173 -7.80106 0.703509 550 190.705 259.627 
-0.337383 -8.27769 -1.23289 555 51.056 45.084 
0.766945 -7.64011 0.115194 558 211.911 179.775 
-0.751362 -8.5167 -0.54808 562 24.1022 136.838 
-0.453946 -8.34499 1.0501 568 94.3509 309.677 
1.27527 -7.34662 -0.861902 571 258.762 35.3932 
-0.48463 -8.36271 0.158388 572 68.8407 212.806 
2.47927 -6.6515 1.93554 574 505.872 395.956 
-1.19047 -8.77022 1.45663 578 29.8396 356.251 
-0.0029851 -8.08463 -0.961949 580 94.8048 67.2242 
2.61049 -6.57574 0.28437 581 500.57 154.915 
1.33215 -7.31379 -0.490916 582 274.015 83.6031 
-0.413276 -8.32151 0.783569 583 90.9481 280.649 
-1.13416 -8.73771 1.81808 584 43.7581 391.969 
0.848258 -7.59316 -0.946016 591 197.896 41.2409 
1.26618 -7.35187 -0.159086 592 274.182 130.706 
-0.665112 -8.46691 -0.0591155 593 46.4319 190.997 
-0.29479 -8.2531 -0.936867 601 62.6654 81.8088 
-1.02236 -8.67316 1.83715 602 55.9464 393.498 
2.48133 -6.65031 0.492331 604 481.167 191.655 
2.61487 -6.57321 0.0112596 607 498.721 111.887 
-0.41102 -8.32021 0.556759 610 87.6421 253.906 
2.4848 -6.64831 0.119285 615 475.45 133.518 
-0.478158 -8.35897 -0.638973 621 50.8142 120.67 
2.90013 -6.40851 0.80747 626 566.407 228.727 
-0.802806 -8.5464 1.53266 628 67.2292 363.34 
-0.197251 -8.19679 0.70261 629 112.377 268.801 
0.695133 -7.68157 0.336635 637 208.401 208.662 
1.97066 -6.94514 1.58752 638 415.363 351.439 
-0.795119 -8.54197 -0.566815 642 20.8451 136.572 
-0.814491 -8.55315 0.400562 646 41.3469 242.19 
-0.0537926 -8.11396 -0.334741 647 102.741 146.269 
2.18105 -6.82367 0.572736 650 429.612 210.294 
2.35902 -6.72093 0.562621 651 461.012 204.107 
0.479792 -7.8059 1.79524 652 210.634 385.662 
1.77898 -7.05581 0.424263 655 362.152 198.905 
0.279953 -7.92127 1.12217 656 175.289 311.41 
-0.574829 -8.41478 0.349602 657 65.0913 234.245 
0.172776 -7.98315 1.03516 658 161.777 302.403 
-1.00763 -8.66466 -0.50403 660 2.66906 149.003 
1.12851 -7.43136 0.338853 661 265.125 202.463 
-0.613939 -8.43736 -0.547652 664 39.5065 133.465 
-0.867771 -8.58391 0.768917 668 45.2711 283.401 
-0.769826 -8.52736 1.76192 670 79.6738 386.344 
-0.250485 -8.22752 -1.46169 672 53.6416 13.9335 
2.3244 -6.74091 -0.546464 673 433.451 37.807 
0.0842166 -8.03428 0.452304 685 137.665 235.837 
0.676712 -7.6922 0.794688 695 217.14 266.798 
2.99296 -6.35491 0.665465 696 581.933 202.801 
0.242541 -7.94287 -1.30659 700 114.433 16.9502 
0.735422 -7.65831 -0.141939 702 202.649 147.631 
-0.0286901 -8.09947 1.01989 704 139.095 303.64 
2.02484 -6.91386 0.215523 713 398.585 161.961 
2.26921 -6.77278 -0.294944 715 430.749 80.5675 
1.12928 -7.43091 0.660268 716 271.711 243.196 
-0.939569 -8.62536 -0.32294 718 12.1793 168.09 
-0.734402 -8.50691 1.2467 730 70.4059 333.639 
1.28778 -7.33941 1.94479 733 320.579 399.669 
-0.562661 -8.40776 1.95132 740 101.732 405.167 
-0.329699 -8.27326 1.956 745 124.976 407.578 
-0.0589625 -8.11695 -0.531896 750 99.8139 122.36 
