-7 -0.29883 -1.326 55 546.551 155.749 
-7 0.46862 -2.98529 58 355.665 241.161 
-7 -1.05185 -1.49538 60 527.586 61.0693 
-7 -1.03485 -3.75523 61 277.802 89.633 
-7 -0.184126 -2.39523 62 415.402 172.976 
-7 0.0943094 -5.21035 64 172.097 202.884 
-7 1.11392 -6.02536 65 128.76 283.007 
-7 0.886694 -5.35798 67 168.799 268.596 
-7 1.34911 -4.82912 74 208.445 309.376 
-7 0.577231 -1.47952 76 521.878 259.455 
-7 0.694743 -5.33965 78 168.414 253.054 
-7 1.12101 -6.65735 79 92.4285 280.209 
-7 0.821262 -3.48263 80 311.14 272.785 
-7 -1.84392 -6.0007 85 100.678 34.5471 
-7 1.69039 -1.92004 89 466.412 372.086 
-7 -0.295975 -5.19552 90 169.767 168.806 
-7 1.40697 -4.3308 91 245.172 318.255 
-7 0.592834 -6.66606 94 86.673 240.898 
-7 -1.56958 -3.12031 95 335.783 22.4606 
-7 -1.20087 -3.87679 97 266.035 73.404 
-7 1.52805 -2.92335 98 364.172 343.15 
-7 -0.609874 -5.90804 100 119.533 143.747 
-6.22725 1.4028 -7 110 21.4559 317.537 
-6.2831 -0.370457 -7 140 1.89564 169.079 
-6.46998 0.52855 -7 150 29.5175 242.769 
