-7 0.21307 2.3409 51 0.621537 0.275764 
-7 -1.78251 -2.62609 53 -0.596097 -0.204822 
-7 -0.29883 -1.326 55 -0.320364 0.141183 
-7 -0.441068 2.32778 56 0.595911 0.105908 
-7 -1.05185 -1.49538 60 -0.34804 -0.0414838 
-7 -0.184126 -2.39523 62 -0.591661 0.170133 
-7 -1.45394 1.58819 66 0.388632 -0.133913 
-7 -1.07602 2.04225 70 0.506513 -0.0475565 
-7 -1.87164 2.51938 75 0.597207 -0.225888 
-7 0.577231 -1.47952 76 -0.377425 0.373829 
-7 -1.86155 -2.22478 77 -0.501409 -0.221926 
-7 -1.9255 2.82609 83 0.666911 -0.237556 
-7 -0.166603 0.216342 87 0.0675573 0.175187 
-7 0.312724 -0.335245 92 -0.0743927 0.301605 
-7 -1.0576 1.73598 99 0.432626 -0.0432131 
