5.64257 -0.481715 -7 109 0.685825 -0.045458 
6.30632 -1.54879 -7 115 0.537089 -0.199365 
6.6867 0.183154 -7 127 0.519547 0.104645 
6.46481 -1.88245 -7 128 0.50551 -0.242577 
6.08103 -0.977971 -7 134 0.58849 -0.115777 
6.59087 -1.1778 -7 141 0.502816 -0.123913 
6.26277 1.2623 -7 143 0.618854 0.302531 
6.4687 -1.97232 -7 149 0.502952 -0.256327 
7 -0.0623122 -3.31422 152 -0.0947355 0.0633164 
7 0.36994 -1.65205 155 -0.505149 0.172454 
7 -1.59791 -6.35011 157 0.363235 -0.179823 
7 1.75895 -5.06184 159 0.24419 0.428273 
7 0.343459 -2.54532 160 -0.265578 0.158086 
7 1.08732 -1.94397 162 -0.427486 0.361579 
7 0.863395 -4.44339 163 0.127627 0.253345 
7 -0.724268 -3.10497 165 -0.141486 -0.0799628 
7 -0.863938 -6.09367 166 0.344385 -0.0667957 
7 1.33843 -4.95324 172 0.219695 0.343024 
7 0.759759 -5.08223 173 0.230481 0.223991 
7 -0.518283 -3.0968 179 -0.142346 -0.0363995 
7 0.741437 -4.00824 180 0.0480668 0.233481 
7 -0.563655 -4.89557 181 0.181408 -0.0269875 
7 0.831841 -5.58946 182 0.307045 0.232074 
7 1.69172 -5.79597 183 0.35275 0.394691 
7 0.0865561 -4.29161 189 0.0913341 0.094992 
7 -1.97934 -4.46413 190 0.095773 -0.286628 
7 0.781169 -6.98961 200 0.4856 0.208816 
