-6.30704 4.44153 1.88748 3 78.8784 394.272 
-7.56816 3.71342 -1.91336 13 214.674 22.0121 
-7.32861 3.85173 1.20236 16 194.213 306.097 
-8.8069 2.99824 -0.956076 24 308.872 127.742 
-8.89169 2.94928 -0.604829 26 314.622 153.504 
-7.27042 3.88532 -0.762006 28 185.958 122.13 
-9.15905 2.79493 1.33263 40 328.738 295.715 
-6.52013 4.31851 -0.668232 44 101.862 122.303 
-8.69401 3.06342 -0.315471 46 301.555 174.637 
-9.17118 2.78792 0.352843 50 332.226 225.806 
-6.99514 4.04426 0.162238 53 160.419 210.892 
-7.12929 3.9668 -0.413303 57 174.265 156.567 
-7.76282 3.60104 -1.23079 58 232.353 89.8924 
-9.06868 2.8471 0.616604 61 324.022 243.04 
-6.35552 4.41354 0.367926 65 83.5222 232.265 
-8.32689 3.27537 0.102633 68 276.111 207.566 
-9.53193 2.57964 -0.151691 69 350.347 191.831 
-6.73615 4.19379 -0.772225 73 127.714 115.729 
-8.43422 3.2134 0.143156 79 284.645 209.773 
-7.01524 4.03265 0.767731 80 159.73 267.187 
-6.84889 4.1287 -1.69131 81 139.097 21.0849 
-8.57211 3.13379 0.696853 83 291.357 252.656 
-9.48597 2.60618 0.402373 91 348.176 229.408 
-7.84704 3.55241 -1.4571 93 239.76 71.3994 
-6.07518 4.57539 0.411442 94 41.675 237.927 
-6.7471 4.18746 0.728183 95 132.611 267.157 
-6.83682 4.13566 0.932129 96 142.194 286.78 
-8.21684 3.33891 0.855065 98 268.544 266.228 
-5.96131 4.64114 0.2828 99 25.943 223.24 
-8.30606 3.2874 -0.374033 103 275.26 169.748 
-6.83515 4.13663 0.928504 104 141.454 285.368 
-9.49264 2.60233 0.71894 111 346.043 251.488 
-6.45698 4.35497 0.0373591 113 92.6237 196.147 
-5.86459 4.69698 1.11578 115 12.7722 322.075 
-5.82616 4.71917 1.05356 123 5.64635 314.817 
-7.76272 3.6011 -1.33649 124 231.471 80.556 
-9.4138 2.64784 -0.749638 127 346.304 148.398 
-6.48824 4.33692 0.602459 130 101.765 257.659 
-9.10665 2.82518 -0.067222 132 326.197 195.508 
-8.31486 3.28232 -0.998132 134 276.362 116.12 
-7.54306 3.72791 -0.636474 136 215.499 140.494 
-8.32648 3.27561 -0.916176 137 275.579 124.323 
-7.75055 3.60812 0.607921 138 231.579 249.937 
-8.89144 2.94943 -0.995818 139 313.969 122.843 
-8.50915 3.17015 -1.43562 142 290.818 86.7419 
-6.25679 4.47054 0.905937 144 71.7161 290.436 
-8.55092 3.14603 -1.2267 145 294.594 105.115 
-9.27136 2.73008 -1.79969 152 335.636 69.6742 
-7.61388 3.68703 -1.43304 154 219.117 69.5564 
-8.81769 2.99201 -0.933105 158 309.107 131.987 
-6.08649 4.56887 1.43535 170 47.8432 351.412 
-6.68884 4.2211 0.597207 171 123.258 254.63 
-7.21392 3.91795 1.54448 173 182.229 338.507 
-7.83448 3.55966 -0.735079 174 237.376 136.155 
-9.09008 2.83474 -1.5709 176 327.332 84.9208 
-6.73975 4.1917 -1.74479 178 126.638 13.0788 
-5.92197 4.66385 1.33939 179 21.5306 346.463 
-5.92731 4.66077 1.73781 182 24.3728 391.298 
-7.69247 3.64165 -1.44056 186 226.167 69.1074 
-6.79289 4.16102 0.492295 190 137.996 242.577 
-8.58962 3.12368 -0.807997 201 295.02 137.391 
-9.31972 2.70216 0.881481 208 339.26 260.811 
-6.12407 4.54717 1.70161 211 52.6503 381.429 
-6.59885 4.27306 -1.66716 216 108.691 16.2362 
-7.86451 3.54233 1.45463 223 240.776 319.835 
-7.66224 3.65911 -1.56845 226 222.889 57.7771 
-7.55688 3.71994 1.11487 232 213.906 295.51 
-6.86074 4.12186 0.00652214 233 143.868 194.682 
-8.6765 3.07352 1.96596 234 296.317 345.744 
-7.02658 4.02611 -1.06432 239 160.614 89.3339 
-8.03402 3.44446 -0.562411 242 254.147 150.516 
-8.14068 3.38288 -0.0878003 245 262.741 191.477 
-6.54441 4.30449 1.25315 248 107.773 323.798 
-8.26463 0.314754 1.16404 251 527.128 306.204 
-9.1587 1.86333 -0.988996 253 397.989 125.824 
-8.41737 0.579321 1.27562 256 501.574 312.009 
-9.52122 2.49124 -1.0717 257 357.705 128.549 
-8.93601 1.47762 -0.633868 259 425.34 149.315 
-9.30328 2.11375 1.73712 262 377.281 325.337 
-8.62862 0.94521 0.119044 265 469.657 210.4 
-9.05625 1.68588 -1.53396 267 412.275 83.4477 
-9.13681 1.82542 0.452008 276 398.189 232.855 
-8.62523 0.939344 -1.18054 287 472.847 98.0525 
-8.12164 0.0670859 0.804812 290 556.969 278.764 
-8.26682 0.318554 -1.13985 297 535.859 90.0733 
-8.648 0.978768 1.29878 299 464.611 306.95 
-7.95776 -0.216756 -0.267516 301 597.894 170.213 
-8.24121 0.274194 1.30161 302 531.633 319.567 
-8.641 0.966654 -0.16123 311 467.148 186.514 
-9.31057 2.12638 -0.0551822 313 377.347 198.31 
-8.81253 1.26375 -0.857651 325 443.557 129.227 
-7.95987 -0.213096 0.306596 339 593.889 228.584 
-8.52917 0.772963 -1.76171 342 491.121 44.7308 
-7.96405 -0.205854 1.31542 346 587.645 331.86 
-8.12381 0.0708475 -1.49958 347 567.702 47.4907 
-8.00123 -0.141456 -0.325795 349 588.847 166.775 
-8.82998 1.29397 -1.283 359 442.582 96.015 
-8.26227 0.31067 0.618929 366 530.517 257.464 
-8.81299 1.26454 1.68087 370 438.85 333.202 
-7.92892 -0.2667 1.10434 372 597.323 311.454 
-8.43087 0.60269 -0.733047 375 504.88 133.524 
-9.0577 1.6884 -0.174837 377 408.102 187.285 
-8.19099 0.187209 -1.2445 378 551.279 77.4435 
-9.37546 2.23878 -1.18001 383 372.971 115.077 
-8.12127 0.0664484 1.25361 388 556.691 319.771 
-9.14202 1.83445 -1.39071 391 400.368 95.974 
-9.48121 2.42194 -1.26659 396 361.829 112.39 
-8.52092 0.758672 -1.7528 399 490.824 43.8544 
-9.44529 2.35972 -1.11888 402 366.131 123.364 
-7.81782 -0.459131 0.076778 403 630.131 206.676 
-8.91993 1.44977 0.165011 413 425.51 212.618 
-8.21371 0.226557 -0.790225 417 545.884 123.084 
-7.84199 -0.417283 -1.30465 420 631.482 56.171 
-9.51944 2.48816 0.340095 422 357.938 224.196 
-7.91669 -0.287895 -0.0147918 423 607.129 196.274 
-8.92471 1.45805 -1.88576 426 428.796 50.6524 
-8.05966 -0.0402563 -0.2345 439 574.86 176.796 
-9.40694 2.29329 1.83376 448 365.271 325.919 
-8.18295 0.173293 -0.148578 455 547.942 183.388 
-8.15687 0.12812 0.541817 457 550.576 251.018 
-8.06618 -0.0289635 1.04644 461 568.844 301.831 
-8.66593 1.00983 0.45259 465 462.436 237.755 
-9.45274 2.37263 -1.8729 469 364.804 68.0672 
-9.08866 1.74202 1.71988 475 404.719 327.953 
-8.78933 1.22356 1.82285 477 441.636 347.246 
-7.83655 -0.426699 0.919261 479 620.37 296.607 
-8.11594 0.0572182 0.887934 486 557.699 284.501 
-8.80838 1.25656 1.8581 487 439.199 347.125 
-9.2531 2.02685 -1.52478 488 387.834 88.2015 
-9.11496 1.78758 0.0633076 493 400.617 204.622 
-9.55916 2.55695 -0.634717 496 351.971 158.19 
-9.00888 1.60385 -0.973121 498 417.319 125.55 
