-4.80195 0.41523 7 21 0.620766 -0.105206 
-5.37012 0.037908 7 24 0.512934 -0.193317 
-5.21106 1.44812 7 29 0.499694 0.0918803 
-5.40598 0.152698 7 30 0.5024 -0.170023 
-5.875 -0.508694 7 36 0.436505 -0.301924 
-5.59816 -0.619665 7 42 0.489525 -0.328476 
-6.33365 0.109205 7 44 0.34916 -0.185018 
-6.25916 0.145289 7 48 0.35922 -0.178127 
-7 0.21307 2.3409 51 -0.605447 -0.232697 
-7 -0.503339 4.01391 52 -0.182399 -0.363804 
-7 -0.64261 4.44771 54 -0.0958441 -0.380483 
-7 -0.441068 2.32778 56 -0.617576 -0.416943 
-7 1.81819 2.50338 57 -0.542521 0.167503 
-7 0.78654 5.75191 68 0.0958033 -0.0808713 
-7 -0.100249 4.19611 69 -0.148828 -0.268339 
-7 -0.527577 4.46053 71 -0.0945842 -0.354783 
-7 -0.14175 5.47309 72 0.0690992 -0.252217 
-7 1.61955 6.53315 73 0.182881 0.05114 
-7 1.51818 2.67054 81 -0.499504 0.0937112 
-7 0.883221 6.2108 82 0.154902 -0.0647648 
-7 -0.72299 3.2493 84 -0.356152 -0.448726 
-7 1.48523 2.57162 86 -0.526383 0.0882575 
-7 1.20864 2.59145 88 -0.522944 0.0222729 
-7 1.46933 5.82185 93 0.0957368 0.0349291 
-7 -0.576654 5.65743 96 0.102506 -0.33146 
