1.50492 8.95177 -1.01173 5 -0.337494 -0.123042 
-0.0798114 8.03682 -1.36918 7 -0.0473044 -0.317721 
2.56137 9.56171 -1.26435 9 -0.490349 -0.11774 
-1.18389 7.39938 -0.935763 10 0.284746 -0.325215 
-0.178643 7.97976 0.508014 11 0.0696773 0.133958 
0.882168 8.59222 -0.707979 12 -0.220378 -0.0971101 
0.899845 8.60243 -1.45278 14 -0.255751 -0.252757 
-0.882633 7.57332 -1.15265 15 0.174827 -0.345025 
0.308716 8.26114 -0.602419 18 -0.0971985 -0.108064 
-0.834292 7.60122 -0.745649 20 0.187599 -0.231144 
1.53151 8.96712 0.925447 27 -0.265783 0.256435 
-1.29918 7.33282 1.56526 29 0.476116 0.400033 
1.89409 9.17646 -0.898766 30 -0.39207 -0.0844507 
1.20489 8.77855 1.35968 34 -0.19122 0.347148 
0.643979 8.45471 0.172026 37 -0.13599 0.0837899 
1.0009 8.66077 1.01151 39 -0.171361 0.271378 
1.35417 8.86473 -1.19204 41 -0.319538 -0.170882 
-1.4565 7.24199 0.969849 43 0.50005 0.223313 
2.2299 9.37034 -1.63427 48 -0.467773 -0.202294 
-0.421209 7.83972 -1.17149 54 0.0499948 -0.305797 
-1.24468 7.36429 0.57792 55 0.400245 0.113696 
-0.449959 7.82312 -0.349133 56 0.100291 -0.0981712 
1.11916 8.72905 0.11871 59 -0.227027 0.0918409 
2.502 9.52743 1.21213 60 -0.403802 0.319578 
0.976565 8.64672 0.659001 63 -0.179742 0.198618 
2.48091 9.51526 -1.52748 64 -0.492934 -0.165652 
-1.42581 7.25971 0.982136 67 0.489731 0.230067 
1.84359 9.1473 -0.734752 70 -0.380917 -0.0598804 
2.0992 9.29488 1.12901 72 -0.348384 0.304203 
2.43447 9.48845 -1.27169 74 -0.478428 -0.124059 
0.772201 8.52873 0.816256 76 -0.129528 0.229567 
-1.81168 7.03693 1.23812 85 0.668386 0.296708 
2.20527 9.35612 0.861552 89 -0.37294 0.257118 
0.17216 8.1823 0.981234 106 0.00561164 0.253934 
-1.22592 7.37512 0.548265 107 0.38494 0.105582 
-0.30588 7.9063 0.0837691 108 0.0823043 0.0135904 
1.53832 8.97105 -0.336704 110 -0.313901 0.00631783 
-0.383025 7.86176 0.22409 112 0.105331 0.0549431 
1.39446 8.888 1.03195 114 -0.24258 0.278872 
-0.803108 7.61923 -0.814071 117 0.170019 -0.244089 
1.29458 8.83033 1.97538 118 -0.183097 0.472335 
-0.964105 7.52628 0.885878 120 0.319216 0.206398 
1.68572 9.05615 0.970133 121 -0.292895 0.272331 
0.0926466 8.13639 -1.10015 128 -0.0701871 -0.241236 
-1.20685 7.38613 1.22507 129 0.423057 0.303332 
1.04442 8.6859 0.452906 133 -0.201316 0.155378 
-1.33285 7.31338 0.696058 135 0.437569 0.144057 
-0.621084 7.72432 1.104 141 0.225023 0.278908 
2.0713 9.27877 -0.869126 143 -0.415332 -0.070698 
2.40916 9.47383 1.43867 146 -0.381471 0.36055 
-0.582336 7.74669 0.181318 147 0.163244 0.0345327 
-0.447254 7.82468 0.726916 148 0.148974 0.178775 
-1.07075 7.46471 -0.23607 149 0.290206 -0.113366 
-0.106953 8.02115 -0.188349 150 0.0204098 -0.0355629 
2.34296 9.43561 0.313575 151 -0.411791 0.156007 
1.8128 9.12952 -1.61907 155 -0.408337 -0.224334 
1.66029 9.04147 -0.791988 162 -0.35071 -0.0708896 
1.18573 8.76749 -1.30616 163 -0.294947 -0.20306 
-0.717429 7.6687 0.357392 164 0.208592 0.0738664 
0.840218 8.568 1.74362 168 -0.108245 0.430397 
0.0695622 8.12307 1.38063 169 0.0505376 0.348122 
-1.10514 7.44485 1.99159 172 0.426814 0.517794 
0.827608 8.56072 -0.196826 177 -0.185952 0.00568802 
0.817645 8.55497 1.17423 181 -0.126963 0.305849 
-1.43641 7.25359 -1.07042 183 0.365885 -0.388327 
-0.0741699 8.04008 -1.61407 185 -0.0591579 -0.373443 
-0.509556 7.78871 -1.73933 187 0.0440317 -0.45955 
1.11154 8.72465 -0.22035 188 -0.23819 0.0194678 
-1.12203 7.4351 -0.763709 191 0.27855 -0.267457 
-0.560641 7.75922 -0.484044 192 0.120324 -0.141877 
-1.58921 7.16537 -1.2695 193 0.408721 -0.47171 
1.01143 8.66685 -1.03298 194 -0.252719 -0.162832 
-1.18082 7.40116 -1.11678 196 0.275993 -0.373984 
-1.21876 7.37925 1.56713 198 0.445375 0.400834 
1.63059 9.02433 -0.54542 202 -0.339179 -0.0252555 
-1.65507 7.12735 -1.39271 204 0.429577 -0.521229 
0.530427 8.38915 0.212413 206 -0.111557 0.0844618 
-0.0829147 8.03503 0.967789 213 0.0668473 0.247193 
-1.32904 7.31558 0.826885 214 0.44086 0.181163 
0.498224 8.37055 -0.257251 218 -0.120446 -0.0183305 
-1.18272 7.40006 -0.335728 222 0.3232 -0.150459 
-1.831 7.02577 -0.964452 224 0.527521 -0.415095 
1.50761 8.95332 1.78202 225 -0.231443 0.42965 
-1.58155 7.1698 -0.998108 227 0.425002 -0.386682 
0.843826 8.57009 1.93717 228 -0.0944954 0.472152 
0.842776 8.56948 1.16326 230 -0.131521 0.301013 
2.3848 9.45977 -0.140995 231 -0.436322 0.0697639 
1.20088 8.77623 0.396294 235 -0.229725 0.151041 
-0.177513 7.98042 -1.74127 236 -0.0413867 -0.419949 
-0.477256 7.80736 0.692004 238 0.164266 0.169572 
2.1672 9.33414 0.137181 241 -0.39407 0.122016 
2.5324 9.54499 -0.521146 243 -0.466613 0.0130003 
0.34969 8.2848 -0.208161 246 -0.0887214 -0.0190018 
2.29158 9.40595 0.467399 249 -0.400789 0.184324 
2.79672 9.15593 1.45335 762 -0.476072 0.402596 
2.96438 8.86554 -0.466828 778 -0.617112 0.0406594 
3.01964 8.76982 1.66075 782 -0.557505 0.485354 
2.91765 8.94648 -1.66232 783 -0.641657 -0.197097 
2.7584 9.22231 -0.310632 792 -0.530317 0.0605188 
2.74211 9.25053 -1.73828 813 -0.576632 -0.204732 
2.75988 9.21974 0.955628 841 -0.486492 0.299893 
3.12713 8.58365 0.949699 846 -0.630598 0.352588 
3.11682 8.6015 1.29664 853 -0.610566 0.428836 
3.21408 8.43306 1.15774 858 -0.663329 0.413106 
2.83011 9.0981 -0.827008 869 -0.575362 -0.0338166 
2.74336 9.24836 0.533191 877 -0.491777 0.218492 
2.665 9.38408 0.586617 924 -0.463251 0.224222 
2.78152 9.18227 -1.96749 936 -0.598354 -0.25137 
3.02515 8.76029 0.646829 955 -0.596223 0.275311 
2.99518 8.81219 -1.02389 956 -0.651299 -0.0711577 
2.88729 8.99907 -0.922446 958 -0.599292 -0.0537324 
2.80084 9.14881 -0.0563065 974 -0.534579 0.113746 
2.74799 9.24035 0.800252 981 -0.488393 0.271211 
