1.69792 -0.977731 -7 104 265.605 209.574 
2.77254 -1.94854 -7 108 135.32 93.664 
2.26927 0.767181 -7 111 187.753 459.074 
-0.689565 -1.47331 -7 112 634.678 112.249 
2.74139 -0.240151 -7 113 132.167 313.794 
2.98659 0.138239 -7 123 101.395 364.883 
0.474792 -0.485198 -7 124 445.442 276.017 
3.77354 -0.887468 -7 133 20.5827 232.495 
1.03314 -1.58354 -7 136 356.505 119.338 
0.97797 0.750031 -7 138 371.937 469.882 
1.45576 0.553777 -7 145 299.811 434.028 
-0.615215 -0.161545 -7 146 638.498 328.051 
0.206379 -1.0164 -7 147 485.176 193.034 
