6.6867 0.183154 -7 127 628.446 282.879 
6.46481 -1.88245 -7 128 633.027 113.272 
6.59087 -1.1778 -7 141 627.43 171.97 
6.4687 -1.97232 -7 149 632.131 106.337 
7 -0.0623122 -3.31422 152 341.408 257.893 
7 0.36994 -1.65205 155 164.95 303.802 
7 -1.59791 -6.35011 157 558.155 142.965 
7 1.75895 -5.06184 159 489.237 427.643 
7 0.343459 -2.54532 160 266.185 299.596 
7 1.08732 -1.94397 162 197.75 386.983 
7 0.863395 -4.44339 163 439.113 346.85 
7 -0.724268 -3.10497 165 321.632 191.36 
7 -0.863938 -6.09367 166 546.359 198.199 
7 1.33843 -4.95324 172 479.584 388.853 
7 0.759759 -5.08223 173 486.678 334.692 
7 -0.518283 -3.0968 179 320.964 211.643 
7 0.741437 -4.00824 180 403.481 336.845 
7 -0.563655 -4.89557 181 468.35 216.934 
7 0.831841 -5.58946 182 522.081 339.354 
7 1.69172 -5.79597 183 539.885 414.519 
7 -0.443496 -0.586995 184 27.3462 202.526 
7 -1.20096 -0.713027 185 51.184 113.001 
7 -0.746732 -0.782938 186 57.5939 167.612 
7 0.0865561 -4.29161 189 424.872 273.746 
7 -1.97934 -4.46413 190 432.41 91.7922 
7 -1.56385 -0.742436 193 57.8313 71.6168 
7 0.781169 -6.98961 200 607.289 330.678 
