-7 0.21307 2.3409 51 392.896 344.325 
-7 -0.503339 4.01391 52 550.362 267.737 
-7 -0.64261 4.44771 54 587.125 254.461 
-7 -0.441068 2.32778 56 391.206 273.025 
-7 -1.45394 1.58819 66 313.813 161.247 
-7 -0.100249 4.19611 69 567.421 308.017 
-7 -1.07602 2.04225 70 361.661 204.133 
-7 -0.527577 4.46053 71 588.591 265.708 
-7 -1.87164 2.51938 75 409.434 123.626 
-7 -1.9255 2.82609 83 439.007 120.444 
-7 -0.72299 3.2493 84 480.767 244.527 
-7 -0.166603 0.216342 87 150.912 304.677 
-7 1.20864 2.59145 88 419.354 453.78 
-7 0.312724 -0.335245 92 76.478 365.534 
-7 -1.0576 1.73598 99 329.411 204.936 
