-7 -1.03485 -3.75523 61 0.508478 -0.358441 
-7 0.0943094 -5.21035 64 0.22407 -0.0642732 
-7 1.11392 -6.02536 65 0.109953 0.125188 
-7 0.886694 -5.35798 67 0.20957 0.0859922 
-7 1.34911 -4.82912 74 0.309861 0.178272 
-7 0.694743 -5.33965 78 0.210132 0.0501321 
-7 1.12101 -6.65735 79 0.0263078 0.123725 
-7 0.821262 -3.48263 80 0.612727 0.070026 
-7 -1.84392 -6.0007 85 0.0787315 -0.383643 
-7 -0.295975 -5.19552 90 0.221463 -0.138536 
-7 1.40697 -4.3308 91 0.412481 0.197103 
-7 0.592834 -6.66606 94 0.019516 0.0388671 
-7 -1.20087 -3.87679 97 0.47578 -0.387858 
-7 -0.609874 -5.90804 100 0.106297 -0.174677 
-5.46333 -1.29075 -7 102 -0.238823 -0.294555 
-4.55559 -0.250499 -7 105 -0.389152 -0.106435 
-5.09885 0.316864 -7 107 -0.278967 0.0110575 
-6.22725 1.4028 -7 110 -0.0996747 0.187549 
-5.05591 -0.451909 -7 117 -0.296352 -0.142343 
-3.56835 0.827876 -7 121 -0.614824 0.161192 
-6.20015 -0.954561 -7 122 -0.12968 -0.214165 
-3.58737 1.4874 -7 135 -0.598894 0.330963 
-6.2831 -0.370457 -7 140 -0.112576 -0.114027 
-5.05277 -1.83336 -7 148 -0.314633 -0.417705 
-6.46998 0.52855 -7 150 -0.0797935 0.0357722 
