5.64257 -0.481715 -7 109 309.106 187.834 
2.74139 -0.240151 -7 113 589.86 214.753 
6.30632 -1.54879 -7 115 269.27 102.121 
4.50714 -1.04124 -7 119 392.706 129.849 
2.98659 0.138239 -7 123 552.697 261.037 
4.46367 -0.542201 -7 125 395.828 180.209 
6.6867 0.183154 -7 127 251.702 239.038 
6.46481 -1.88245 -7 128 260.333 76.6619 
3.77354 -0.887468 -7 133 462.632 139.491 
6.08103 -0.977971 -7 134 282.455 147.455 
3.34213 1.4046 -7 137 502.447 399.622 
4.29646 -0.0380129 -7 139 409.75 231.249 
6.59087 -1.1778 -7 141 254.69 134.54 
4.8725 1.3091 -7 142 361.681 350.994 
6.26277 1.2623 -7 143 274.607 323.918 
6.4687 -1.97232 -7 149 260.013 69.3522 
7 -1.59791 -6.35011 157 191.996 97.7954 
7 1.75895 -5.06184 159 99.3402 393.474 
7 0.863395 -4.44339 163 30.289 325.72 
7 -0.863938 -6.09367 166 175.437 156.745 
7 1.33843 -4.95324 172 87.0419 358.904 
7 0.759759 -5.08223 173 96.6455 303.614 
7 -0.563655 -4.89557 181 71.3937 179.471 
7 0.831841 -5.58946 182 141.578 301.91 
7 1.69172 -5.79597 183 160.629 368.499 
7 0.0865561 -4.29161 189 6.59898 248.036 
7 -1.97934 -4.46413 190 12.9409 23.2401 
7 0.781169 -6.98961 200 237.122 280.604 
