-7 0.0943094 -5.21035 64 602.592 340.982 
-7 1.11392 -6.02536 65 522.054 425.149 
-7 0.886694 -5.35798 67 585.8 418.851 
-7 0.694743 -5.33965 78 588.032 399.601 
-7 1.12101 -6.65735 79 472.959 412.376 
-7 -1.84392 -6.0007 85 533.211 171.349 
-7 -0.295975 -5.19552 90 604.591 302.412 
-7 0.592834 -6.66606 94 474.65 368.184 
-7 -0.609874 -5.90804 100 537.364 272.227 
-5.46333 -1.29075 -7 102 380.938 197.076 
-4.55559 -0.250499 -7 105 309.06 275.09 
-2.11042 -0.0563179 -7 106 26.2467 256.57 
-5.09885 0.316864 -7 107 343.986 334.429 
-6.22725 1.4028 -7 110 407.544 433.164 
-5.05591 -0.451909 -7 117 347.868 262.803 
-3.07632 -1.96878 -7 120 196.599 61.0161 
-3.56835 0.827876 -7 121 203.028 384.77 
-6.20015 -0.954561 -7 122 420.397 236.625 
-2.10211 -0.684594 -7 129 42.6541 170.373 
-3.11373 -0.303232 -7 130 171.651 246.115 
-3.58737 1.4874 -7 135 193.782 465.795 
-6.2831 -0.370457 -7 140 421.423 283.833 
-5.05277 -1.83336 -7 148 359.34 142.532 
-6.46998 0.52855 -7 150 426.169 357.956 
