-4.80195 0.41523 7 21 0.291182 0.145343 
-3.28746 -0.347612 7 22 0.643934 -0.0277042 
-5.92999 -1.73451 7 23 0.08966 -0.250937 
-5.37012 0.037908 7 24 0.19023 0.0653277 
-5.21106 1.44812 7 29 0.231961 0.338604 
-5.40598 0.152698 7 30 0.18597 0.0869017 
-3.76175 1.7333 7 32 0.536628 0.485192 
-5.875 -0.508694 7 36 0.110566 -0.0336073 
-4.02466 -0.174699 7 39 0.446344 0.0214609 
-3.22548 0.288125 7 40 0.67222 0.144192 
-5.59816 -0.619665 7 42 0.148304 -0.0568934 
-3.26615 1.27581 7 43 0.67286 0.407264 
-6.33365 0.109205 7 44 0.058366 0.0742148 
-6.25916 0.145289 7 48 0.0678718 0.0806326 
-7 -0.503339 4.01391 52 -0.529322 0.00670537 
-7 -0.64261 4.44771 54 -0.430621 -0.0289118 
-7 0.78654 5.75191 68 -0.17391 0.216258 
-7 -0.100249 4.19611 69 -0.478831 0.0928896 
-7 -0.527577 4.46053 71 -0.426059 -0.00459041 
-7 -0.14175 5.47309 72 -0.229371 0.0560487 
-7 1.61955 6.53315 73 -0.0569298 0.324494 
-7 0.883221 6.2108 82 -0.106951 0.216426 
-7 1.46933 5.82185 93 -0.155314 0.333451 
-7 -0.576654 5.65743 96 -0.205105 -0.0258628 
