7 0.36994 -1.65205 155 0.379011 -0.10908 
7 0.947338 -0.351981 158 0.0543358 0.0303659 
7 0.343459 -2.54532 160 0.599653 -0.115468 
7 -0.647617 -0.188366 161 0.0171789 -0.378451 
7 1.08732 -1.94397 162 0.433667 0.0622306 
7 0.725336 0.960833 171 -0.267699 -0.022139 
7 1.97211 0.0439567 176 -0.0399954 0.258816 
7 1.44234 0.716532 178 -0.200107 0.144309 
7 -0.443496 -0.586995 184 0.120847 -0.321534 
7 -0.746732 -0.782938 186 0.175073 -0.405505 
7 0.475489 2.44893 191 -0.646182 -0.0834097 
7 -1.07027 0.309808 197 -0.117412 -0.500701 
7 1.83558 -1.14915 198 0.234944 0.22852 
