4.32541 -5.58563 0.848861 506 377.457 410.671 
3.31453 -6.16926 -0.82277 507 238.604 165.293 
2.55081 -6.61019 -1.05696 510 115.631 123.523 
5.15051 -5.10926 0.655281 515 503.675 389.151 
5.54127 -4.88365 0.584966 517 557.613 383.73 
4.96491 -5.21641 -0.162781 524 478.488 275.793 
4.45282 -5.51207 0.330289 528 401.495 337.785 
3.62183 -5.99184 -0.708902 530 283.996 185.993 
5.78814 -4.74112 0.731293 533 593.605 403.135 
3.84209 -5.86467 0.762035 537 301.669 392.901 
4.08321 -5.72546 -0.0501395 541 348.128 283.568 
5.8167 -4.72463 -0.692834 547 592.866 220.771 
5.94865 -4.64845 -0.108768 552 613.443 296.219 
4.14699 -5.68864 -0.0739802 553 357.729 279.509 
2.76135 -6.48864 -0.835611 556 147.843 155.497 
2.50813 -6.63483 -1.62398 557 119.772 49.4278 
5.11501 -5.12975 -1.32998 563 503.134 134.438 
5.60572 -4.84644 -1.12497 564 568.057 170.11 
4.17332 -5.67344 0.684667 567 354.858 385.378 
4.08949 -5.72184 0.309736 570 344.525 331.537 
4.78434 -5.32066 -1.81187 575 460.386 74.657 
2.35211 -6.72491 -1.73362 576 98.2094 31.7419 
5.79079 -4.73959 0.326224 579 592.429 350.024 
2.61049 -6.57574 0.28437 581 101.696 310.876 
6.08574 -4.5693 -0.422393 587 627.897 257.647 
3.5218 -6.04959 -1.73721 596 281.002 56.2604 
2.00616 -6.92464 -1.64027 600 36.1381 34.9588 
2.48133 -6.65031 0.492331 604 73.9514 340.337 
4.89471 -5.25694 -0.199595 606 466.262 272.413 
2.61487 -6.57321 0.0112596 607 106.79 269.857 
2.89706 -6.41029 -1.2274 611 178.22 106.321 
2.4848 -6.64831 0.119285 615 80.5568 285.261 
5.91431 -4.66828 0.963849 617 610.962 436.863 
2.90013 -6.40851 0.80747 626 140.85 391.295 
2.77919 -6.47834 -1.67587 627 165.345 46.3706 
5.34694 -4.99584 -0.371774 630 532.72 256.944 
3.2896 -6.18365 -0.831285 632 233.427 165.475 
3.83992 -5.86592 -0.579006 640 316.71 208.711 
6.14497 -4.53511 -1.1835 648 634.891 169.7 
2.18105 -6.82367 0.572736 650 15.0518 347.569 
2.35902 -6.72093 0.562621 651 46.3568 349.584 
3.74064 -5.92325 -1.9671 654 315.145 33.7546 
4.82206 -5.29889 0.859675 662 455.183 414.017 
4.88586 -5.26205 0.975449 663 462.967 430.98 
4.05549 -5.74146 -0.254187 669 345.862 252.962 
2.3244 -6.74091 -0.546464 673 66.7565 187.88 
4.78329 -5.32127 0.804293 674 450.554 406.386 
5.20039 -5.08046 -0.0857982 678 512.108 291.646 
4.99407 -5.19958 0.559179 682 481.687 374.636 
3.62073 -5.99248 0.99023 683 262.307 425.286 
5.70419 -4.78959 -0.684915 686 580.679 220.749 
4.226 -5.64302 0.28797 691 366.507 328.292 
3.83179 -5.87062 1.26855 694 294.434 469.063 
2.99296 -6.35491 0.665465 696 159.733 369.598 
4.82073 -5.29965 -1.08631 698 460.956 159.611 
5.29956 -5.0232 -0.579862 701 526.127 228.613 
4.30182 -5.59925 -1.21577 708 388.736 134.533 
5.49777 -4.90876 0.072566 709 551.406 314.446 
6.01108 -4.6124 1.08959 711 624.927 454.113 
2.26921 -6.77278 -0.294944 715 51.6069 221.426 
4.48631 -5.49273 -1.46496 723 416.558 107.381 
5.45807 -4.93168 0.702726 724 548.693 398.46 
3.52361 -6.04855 -0.447866 727 265.753 219.536 
5.30402 -5.02063 -1.37929 729 528.203 133.745 
5.1391 -5.11584 0.224599 734 501.274 331.859 
6.09889 -4.56171 1.10908 735 635.074 456.954 
4.48121 -5.49568 0.424736 739 405.777 352.715 
5.33057 -5.0053 -0.178382 743 528.497 279.734 
3.90444 -5.82868 0.777906 744 312.622 396.365 
2.78119 -6.47718 -1.18276 749 156.021 110.652 
