-3.17768 1.79522 -7 101 392.394 467.158 
-5.46333 -1.29075 -7 102 627.006 142.71 
-4.55559 -0.250499 -7 105 545.185 239.545 
-2.11042 -0.0563179 -7 106 294.111 239.537 
-5.09885 0.316864 -7 107 579.799 301.398 
-5.05591 -0.451909 -7 117 586.641 222.982 
-3.07632 -1.96878 -7 120 432.371 11.6466 
-3.56835 0.827876 -7 121 443.892 354.242 
-2.10211 -0.684594 -7 129 301.469 154.736 
-3.11373 -0.303232 -7 130 413.365 219.268 
-1.59533 0.795126 -7 132 213.554 352.667 
-3.58737 1.4874 -7 135 437.135 428.329 
-0.615215 -0.161545 -7 146 68.8751 203.98 
-5.05277 -1.83336 -7 148 604.841 79.1404 
