-7 -0.29883 -1.326 55 481.98 157.033 
-7 0.46862 -2.98529 58 300.387 240.759 
-7 -1.05185 -1.49538 60 463.617 66.036 
-7 -1.03485 -3.75523 61 226.237 88.5761 
-7 -0.184126 -2.39523 62 358.779 172.731 
-7 1.26508 -0.184774 63 625.444 350.397 
-7 0.0943094 -5.21035 64 116.978 201.438 
-7 1.11392 -6.02536 65 68.982 285.05 
-7 0.886694 -5.35798 67 111.309 269.636 
-7 1.34911 -4.82912 74 150.966 312.08 
-7 0.577231 -1.47952 76 459.994 258.695 
-7 0.694743 -5.33965 78 111.454 253.402 
-7 1.12101 -6.65735 79 30.7477 282.362 
-7 0.821262 -3.48263 80 255.918 273.173 
-7 -1.84392 -6.0007 85 50.0893 29.8059 
-7 1.69039 -1.92004 89 407.697 373.335 
-7 -0.295975 -5.19552 90 115.749 166.497 
-7 1.40697 -4.3308 91 188.403 320.96 
-7 0.312724 -0.335245 92 612.255 232.29 
-7 0.592834 -6.66606 94 26.4541 240.864 
-7 -1.56958 -3.12031 95 283.674 24.4413 
-7 -1.20087 -3.87679 97 214.991 72.3441 
-7 1.52805 -2.92335 98 307.7 345.229 
-7 -0.609874 -5.90804 100 65.0083 140.37 
