-6.30704 4.44153 1.88748 3 -0.560883 0.343009 
-7.56816 3.71342 -1.91336 13 -0.251486 -0.459388 
-7.32861 3.85173 1.20236 16 -0.305315 0.147431 
-8.8069 2.99824 -0.956076 24 -0.0489732 -0.23579 
-8.89169 2.94928 -0.604829 26 -0.0389588 -0.176238 
-7.27042 3.88532 -0.762006 28 -0.319656 -0.244269 
-9.15905 2.79493 1.33263 40 -0.0089495 0.129205 
-6.52013 4.31851 -0.668232 44 -0.503541 -0.259594 
-8.69401 3.06342 -0.315471 46 -0.0641144 -0.129547 
-9.17118 2.78792 0.352843 50 -0.00530014 -0.0233551 
-6.99514 4.04426 0.162238 53 -0.379551 -0.060166 
-7.12929 3.9668 -0.413303 57 -0.34763 -0.179189 
-7.76282 3.60104 -1.23079 58 -0.217002 -0.317296 
-9.06868 2.8471 0.616604 61 -0.0149534 0.0222931 
-6.35552 4.41354 0.367926 65 -0.552479 -0.0160322 
-8.32689 3.27537 0.102633 68 -0.122036 -0.0652803 
-9.53193 2.57964 -0.151691 69 0.0374323 -0.0929525 
-6.73615 4.19379 -0.772225 73 -0.44734 -0.265095 
-8.43422 3.2134 0.143156 79 -0.104763 -0.0616713 
-7.01524 4.03265 0.767731 80 -0.377359 0.0659454 
-6.84889 4.1287 -1.69131 81 -0.413372 -0.468295 
-8.57211 3.13379 0.696853 83 -0.0841803 0.0340412 
-9.48597 2.60618 0.402373 91 0.0356692 -0.0109727 
-7.84704 3.55241 -1.4571 93 -0.200131 -0.360648 
-6.07518 4.57539 0.411442 94 -0.643884 -0.00401274 
-6.7471 4.18746 0.728183 95 -0.441079 0.0665117 
-6.83682 4.13566 0.932129 96 -0.420283 0.107521 
-8.21684 3.33891 0.855065 98 -0.141201 0.0674176 
-5.96131 4.64114 0.2828 99 -0.679317 -0.0375227 
-8.30606 3.2874 -0.374033 103 -0.123654 -0.144379 
-6.83515 4.13663 0.928504 104 -0.418602 0.105563 
-9.49264 2.60233 0.71894 111 0.0379702 0.0300821 
-6.45698 4.35497 0.0373591 113 -0.520468 -0.0969487 
-7.76272 3.6011 -1.33649 124 -0.216501 -0.339704 
-9.4138 2.64784 -0.749638 127 0.0317924 -0.185745 
-6.48824 4.33692 0.602459 130 -0.511293 0.0349204 
-9.10665 2.82518 -0.067222 132 -0.00845227 -0.0902167 
-8.31486 3.28232 -0.998132 134 -0.122101 -0.256267 
-7.54306 3.72791 -0.636474 136 -0.256961 -0.20988 
-8.32648 3.27561 -0.916176 137 -0.118974 -0.238616 
-7.75055 3.60812 0.607921 138 -0.219399 0.0257822 
-8.89144 2.94943 -0.995818 139 -0.0359278 -0.238287 
-8.50915 3.17015 -1.43562 142 -0.0905543 -0.322351 
-6.25679 4.47054 0.905937 144 -0.579054 0.111829 
-8.55092 3.14603 -1.2267 145 -0.0859303 -0.290625 
-9.27136 2.73008 -1.79969 152 0.0133443 -0.35233 
-7.61388 3.68703 -1.43304 154 -0.242704 -0.36439 
-8.81769 2.99201 -0.933105 158 -0.0497703 -0.227872 
-6.08649 4.56887 1.43535 170 -0.635077 0.24907 
-6.68884 4.2211 0.597207 171 -0.459307 0.0347456 
-7.21392 3.91795 1.54448 173 -0.328614 0.223134 
-7.83448 3.55966 -0.735079 174 -0.203663 -0.219178 
-9.09008 2.83474 -1.5709 176 -0.00851057 -0.322884 
-6.73975 4.1917 -1.74479 178 -0.443962 -0.492925 
-5.92197 4.66385 1.33939 179 -0.687803 0.234767 
-5.92731 4.66077 1.73781 182 -0.687706 0.331126 
-7.69247 3.64165 -1.44056 186 -0.227475 -0.361885 
-6.79289 4.16102 0.492295 190 -0.432851 0.011223 
-8.58962 3.12368 -0.807997 201 -0.0780485 -0.214596 
-9.31972 2.70216 0.881481 208 0.0152988 0.0573418 
-6.12407 4.54717 1.70161 211 -0.62185 0.311031 
-6.59885 4.27306 -1.66716 216 -0.480733 -0.487915 
-7.86451 3.54233 1.45463 223 -0.206123 0.180482 
-7.66224 3.65911 -1.56845 226 -0.234244 -0.389493 
-7.55688 3.71994 1.11487 232 -0.262411 0.126662 
-6.86074 4.12186 0.00652214 233 -0.415908 -0.0938608 
-8.6765 3.07352 1.96596 234 -0.0762817 0.237771 
-7.02658 4.02611 -1.06432 239 -0.374579 -0.320236 
-8.03402 3.44446 -0.562411 242 -0.172058 -0.181362 
-8.14068 3.38288 -0.0878003 245 -0.150586 -0.0963208 
-6.54441 4.30449 1.25315 248 -0.494415 0.188785 
-8.26463 0.314754 1.16404 251 0.418863 0.154668 
-9.1587 1.86333 -0.988996 253 0.14707 -0.236029 
-8.41737 0.579321 1.27562 256 0.361232 0.167622 
-9.52122 2.49124 -1.0717 257 0.0541536 -0.233368 
-8.93601 1.47762 -0.633868 259 0.203171 -0.183673 
-9.30328 2.11375 1.73712 262 0.0967007 0.193366 
-8.62862 0.94521 0.119044 265 0.294103 -0.0560442 
-9.05625 1.68588 -1.53396 267 0.167557 -0.332297 
-9.13681 1.82542 0.452008 276 0.142986 0.00128688 
-8.62523 0.939344 -1.18054 287 0.302159 -0.292679 
-8.12164 0.0670859 0.804812 290 0.484815 0.0874065 
-8.26682 0.318554 -1.13985 297 0.4391 -0.310574 
-8.648 0.978768 1.29878 299 0.28371 0.158467 
-7.95776 -0.216756 -0.267516 301 0.568471 -0.141106 
-8.24121 0.274194 1.30161 302 0.426824 0.181086 
-7.75587 -0.566441 -1.28568 308 0.682489 -0.387521 
-8.641 0.966654 -0.16123 311 0.292673 -0.107798 
-9.31057 2.12638 -0.0551822 313 0.103033 -0.0832253 
-8.81253 1.26375 -0.857651 325 0.239918 -0.22468 
-7.72464 -0.62053 -0.0248013 332 0.687258 -0.086866 
-7.68847 -0.683171 1.35649 337 0.691615 0.239026 
-7.95987 -0.213096 0.306596 339 0.563496 -0.0153796 
-8.52917 0.772963 -1.76171 342 0.339784 -0.412647 
-7.96405 -0.205854 1.31542 346 0.55117 0.203666 
-8.12381 0.0708475 -1.49958 347 0.501032 -0.401323 
-8.00123 -0.141456 -0.325795 349 0.548487 -0.153308 
-8.82998 1.29397 -1.283 359 0.237268 -0.301432 
-8.26227 0.31067 0.618929 366 0.423518 0.0426528 
-8.81299 1.26454 1.68087 370 0.231984 0.215177 
-7.92892 -0.2667 1.10434 372 0.568472 0.161546 
-8.43087 0.60269 -0.733047 375 0.371451 -0.220103 
-9.0577 1.6884 -0.174837 377 0.167595 -0.104134 
-8.19099 0.187209 -1.2445 378 0.466215 -0.340009 
-9.37546 2.23878 -1.18001 383 0.0930791 -0.253905 
-8.12127 0.0664484 1.25361 388 0.479979 0.180084 
-9.14202 1.83445 -1.39071 391 0.147768 -0.303163 
-9.48121 2.42194 -1.26659 396 0.066206 -0.265504 
-8.52092 0.758672 -1.7528 399 0.342384 -0.412326 
-9.44529 2.35972 -1.11888 402 0.0763596 -0.243547 
-7.81782 -0.459131 0.076778 403 0.636727 -0.0630174 
-8.91993 1.44977 0.165011 413 0.20144 -0.0466781 
-8.21371 0.226557 -0.790225 417 0.45622 -0.244913 
-7.84199 -0.417283 -1.30465 420 0.636044 -0.384082 
-9.51944 2.48816 0.340095 422 0.0563367 -0.0218435 
-7.91669 -0.287895 -0.0147918 423 0.585851 -0.0877611 
-8.92471 1.45805 -1.88576 426 0.209537 -0.39757 
-8.05966 -0.0402563 -0.2345 439 0.51624 -0.130635 
-9.40694 2.29329 1.83376 448 0.0719156 0.203473 
-8.18295 0.173293 -0.148578 455 0.46253 -0.107985 
-8.15687 0.12812 0.541817 457 0.473406 0.0295396 
-8.06618 -0.0289635 1.04644 461 0.506404 0.141106 
-8.66593 1.00983 0.45259 465 0.279578 0.00295861 
-9.45274 2.37263 -1.8729 469 0.0716497 -0.357915 
-9.08866 1.74202 1.71988 475 0.151671 0.203597 
-7.72533 -0.619337 0.904189 476 0.677837 0.129363 
-8.78933 1.22356 1.82285 477 0.237935 0.238639 
-7.83655 -0.426699 0.919261 479 0.615102 0.125118 
-8.11594 0.0572182 0.887934 486 0.482532 0.102898 
-8.80838 1.25656 1.8581 487 0.230505 0.244254 
-9.2531 2.02685 -1.52478 488 0.123015 -0.319389 
-9.11496 1.78758 0.0633076 493 0.156498 -0.0636688 
-9.55916 2.55695 -0.634717 496 0.0531243 -0.167121 
-9.00888 1.60385 -0.973121 498 0.182222 -0.240433 
