1.69792 -0.977731 -7 104 15.7684 135.972 
-2.11042 -0.0563179 -7 106 615.343 160.483 
-0.235026 1.16667 -7 114 374.1 400.352 
-0.0787955 1.33173 -7 116 355.683 430.088 
-1.66978 1.93068 -7 118 610.752 469.852 
0.474792 -0.485198 -7 124 216.962 173.557 
-2.10211 -0.684594 -7 129 595.1 67.4548 
-1.59533 0.795126 -7 132 565.263 302.692 
1.03314 -1.58354 -7 136 98.8745 24.625 
0.97797 0.750031 -7 138 178.302 375.482 
1.9715 1.13953 -7 144 38.3772 466.08 
1.45576 0.553777 -7 145 99.5089 360.723 
-0.615215 -0.161545 -7 146 390.612 189.386 
0.206379 -1.0164 -7 147 241.347 85.6412 
