-4.80195 0.41523 7 21 0.465832 -0.00810983 
-5.92999 -1.73451 7 23 0.292679 -0.430127 
-5.37012 0.037908 7 24 0.363978 -0.0930313 
-5.21106 1.44812 7 29 0.373272 0.181762 
-5.40598 0.152698 7 30 0.356323 -0.0709947 
-3.76175 1.7333 7 32 0.688651 0.341121 
-5.875 -0.508694 7 36 0.28819 -0.197261 
-4.02466 -0.174699 7 39 0.664536 -0.132941 
-5.59816 -0.619665 7 42 0.333439 -0.221177 
-6.33365 0.109205 7 44 0.217598 -0.0872634 
-6.25916 0.145289 7 48 0.227185 -0.0805085 
-7 -0.503339 4.01391 52 -0.327318 -0.2241 
-7 -0.64261 4.44771 54 -0.237921 -0.246939 
-7 0.78654 5.75191 68 -0.0224557 0.0272446 
-7 -0.100249 4.19611 69 -0.287108 -0.133889 
-7 -0.527577 4.46053 71 -0.235196 -0.222263 
-7 -0.14175 5.47309 72 -0.0607817 -0.136633 
-7 1.61955 6.53315 73 0.0753624 0.148034 
-7 1.51818 2.67054 81 -0.651109 0.26649 
-7 0.883221 6.2108 82 0.0388771 0.037316 
-7 -0.72299 3.2493 84 -0.515508 -0.293382 
-7 1.48523 2.57162 86 -0.681504 0.263973 
-7 1.20864 2.59145 88 -0.679974 0.195065 
-7 1.46933 5.82185 93 -0.0148784 0.141089 
-7 -0.576654 5.65743 96 -0.0319292 -0.215281 
