-7 -0.29883 -1.326 55 0.676194 -0.203426 
-7 0.46862 -2.98529 58 0.222141 -0.00339091 
-7 -1.05185 -1.49538 60 0.630763 -0.419554 
-7 -1.03485 -3.75523 61 0.0425764 -0.33174 
-7 -0.184126 -2.39523 62 0.360297 -0.156635 
-7 0.0943094 -5.21035 64 -0.187161 -0.0799336 
-7 1.11392 -6.02536 65 -0.276805 0.0906054 
-7 0.886694 -5.35798 67 -0.191946 0.0597161 
-7 1.34911 -4.82912 74 -0.104966 0.14571 
-7 0.577231 -1.47952 76 0.614425 0.033128 
-7 0.694743 -5.33965 78 -0.193323 0.026819 
-7 1.12101 -6.65735 79 -0.353411 0.0851615 
-7 0.821262 -3.48263 80 0.121384 0.0664513 
-7 -1.84392 -6.0007 85 -0.346838 -0.435202 
-7 1.69039 -1.92004 89 0.480661 0.283715 
-7 -0.295975 -5.19552 90 -0.193397 -0.15262 
-7 1.40697 -4.3308 91 -0.0244604 0.164576 
-7 0.592834 -6.66606 94 -0.3672 0.00313698 
-7 -1.56958 -3.12031 95 0.173447 -0.486583 
-7 -1.20087 -3.87679 97 0.015744 -0.36642 
-7 1.52805 -2.92335 98 0.242786 0.218821 
-7 -0.609874 -5.90804 100 -0.302057 -0.203274 
-6.22725 1.4028 -7 110 -0.489292 0.166211 
-6.20015 -0.954561 -7 122 -0.571986 -0.249009 
-6.2831 -0.370457 -7 140 -0.537277 -0.140337 
-6.46998 0.52855 -7 150 -0.479472 0.0107432 
