1.69792 -0.977731 -7 104 -0.00805716 -0.140398 
2.77254 -1.94854 -7 108 -0.275283 -0.396696 
2.26927 0.767181 -7 111 -0.20012 0.377547 
2.74139 -0.240151 -7 113 -0.302787 0.0679779 
4.50714 -1.04124 -7 119 -0.671813 -0.14866 
2.98659 0.138239 -7 123 -0.371559 0.17108 
0.474792 -0.485198 -7 124 0.381652 0.0193288 
4.46367 -0.542201 -7 125 -0.676466 -0.0265716 
3.77354 -0.887468 -7 133 -0.526546 -0.111867 
1.03314 -1.58354 -7 136 0.201899 -0.329172 
0.97797 0.750031 -7 138 0.19438 0.426416 
4.29646 -0.0380129 -7 139 -0.656682 0.101754 
1.9715 1.13953 -7 144 -0.123498 0.50813 
1.45576 0.553777 -7 145 0.0414241 0.340442 
0.206379 -1.0164 -7 147 0.482703 -0.158626 
