-7.56816 3.71342 -1.91336 13 -0.516714 -0.305819 
-7.32861 3.85173 1.20236 16 -0.65053 0.320939 
-8.8069 2.99824 -0.956076 24 -0.301234 -0.0684637 
-8.89169 2.94928 -0.604829 26 -0.293651 -0.0108164 
-7.27042 3.88532 -0.762006 28 -0.615119 -0.0995028 
-9.15905 2.79493 1.33263 40 -0.27708 0.30592 
-8.69401 3.06342 -0.315471 46 -0.327901 0.0307612 
-9.17118 2.78792 0.352843 50 -0.263131 0.139872 
-7.12929 3.9668 -0.413303 57 -0.661362 -0.0426599 
-7.76282 3.60104 -1.23079 58 -0.487664 -0.166258 
-9.06868 2.8471 0.616604 61 -0.282153 0.188579 
-8.32689 3.27537 0.102633 68 -0.401525 0.0945189 
-9.53193 2.57964 -0.151691 69 -0.20733 0.0704108 
-8.43422 3.2134 0.143156 79 -0.381398 0.10668 
-8.57211 3.13379 0.696853 83 -0.363445 0.202737 
-9.48597 2.60618 0.402373 91 -0.217844 0.152257 
-7.84704 3.55241 -1.4571 93 -0.468339 -0.198919 
-8.21684 3.33891 0.855065 98 -0.435552 0.22921 
-8.30606 3.2874 -0.374033 103 -0.397632 0.00906124 
-9.49264 2.60233 0.71894 111 -0.222262 0.200815 
-7.76272 3.6011 -1.33649 124 -0.488963 -0.184467 
-9.4138 2.64784 -0.749638 127 -0.220876 -0.016327 
-9.10665 2.82518 -0.067222 132 -0.269863 0.0779794 
-8.31486 3.28232 -0.998132 134 -0.382307 -0.0959407 
-7.54306 3.72791 -0.636474 136 -0.549084 -0.0625931 
-8.32648 3.27561 -0.916176 137 -0.381764 -0.0865731 
-7.75055 3.60812 0.607921 138 -0.52789 0.186022 
-8.89144 2.94943 -0.995818 139 -0.29025 -0.0725765 
-8.50915 3.17015 -1.43562 142 -0.345855 -0.160127 
-8.55092 3.14603 -1.2267 145 -0.341566 -0.124008 
-9.27136 2.73008 -1.79969 152 -0.227433 -0.173767 
-7.61388 3.68703 -1.43304 154 -0.519423 -0.212121 
-8.81769 2.99201 -0.933105 158 -0.303401 -0.0696815 
-7.83448 3.55966 -0.735079 174 -0.486037 -0.0740919 
-9.09008 2.83474 -1.5709 176 -0.255923 -0.149905 
-7.69247 3.64165 -1.44056 186 -0.501263 -0.207336 
-8.58962 3.12368 -0.807997 201 -0.337194 -0.0541012 
-9.31972 2.70216 0.881481 208 -0.247408 0.227691 
-7.86451 3.54233 1.45463 223 -0.51746 0.359944 
-7.66224 3.65911 -1.56845 226 -0.502732 -0.236288 
-7.55688 3.71994 1.11487 232 -0.587479 0.293533 
-8.6765 3.07352 1.96596 234 -0.363169 0.435711 
-7.02658 4.02611 -1.06432 239 -0.676344 -0.178973 
-8.03402 3.44446 -0.562411 242 -0.444049 -0.033304 
-8.14068 3.38288 -0.0878003 245 -0.432905 0.0575114 
-8.26463 0.314754 1.16404 251 0.14135 0.309386 
-7.46287 -1.07392 -1.59589 252 0.445755 -0.280407 
-9.1587 1.86333 -0.988996 253 -0.111087 -0.0625331 
-8.41737 0.579321 1.27562 256 0.0806552 0.331629 
-9.52122 2.49124 -1.0717 257 -0.19141 -0.0628159 
-8.93601 1.47762 -0.633868 259 -0.0585594 -0.0105882 
-7.4714 -1.05915 0.355818 260 0.462169 0.156578 
-9.30328 2.11375 1.73712 262 -0.164316 0.373944 
-8.62862 0.94521 0.119044 265 0.0219981 0.109459 
-9.05625 1.68588 -1.53396 267 -0.0818864 -0.151583 
-9.13681 1.82542 0.452008 276 -0.115642 0.162746 
-8.62523 0.939344 -1.18054 287 0.0258379 -0.117291 
-8.12164 0.0670859 0.804812 290 0.186991 0.242746 
-8.26682 0.318554 -1.13985 297 0.13309 -0.12736 
-8.648 0.978768 1.29878 299 0.0104646 0.321325 
-7.95776 -0.216756 -0.267516 301 0.243553 0.0213993 
-8.24121 0.274194 1.30161 302 0.145152 0.340524 
-7.19832 -1.53215 -0.65154 305 0.599581 -0.0961332 
-7.50388 -1.00291 -1.74177 307 0.427297 -0.306936 
-7.75587 -0.566441 -1.28568 308 0.320543 -0.190635 
-8.641 0.966654 -0.16123 311 0.0161716 0.0572291 
-9.31057 2.12638 -0.0551822 313 -0.149358 0.0827245 
-7.11395 -1.67828 -0.473701 317 0.648779 -0.0550002 
-7.51344 -0.986333 -0.814325 323 0.431169 -0.108358 
-8.81253 1.26375 -0.857651 325 -0.0281269 -0.0579678 
-7.53876 -0.942491 0.491179 328 0.431684 0.183734 
-7.72464 -0.62053 -0.0248013 332 0.340892 0.0677898 
-7.68847 -0.683171 1.35649 337 0.369972 0.384146 
-7.95987 -0.213096 0.306596 339 0.249043 0.138351 
-8.52917 0.772963 -1.76171 342 0.0544087 -0.215503 
-7.96405 -0.205854 1.31542 346 0.244596 0.357575 
-8.12381 0.0708475 -1.49958 347 0.17794 -0.202517 
-8.00123 -0.141456 -0.325795 349 0.226745 0.0144267 
-7.28977 -1.37375 -1.87683 352 0.5265 -0.360028 
-7.45408 -1.08915 -1.1234 354 0.452819 -0.182765 
-7.13206 -1.6469 0.386525 358 0.652965 0.162665 
-8.82998 1.29397 -1.283 359 -0.0301741 -0.122083 
-7.24008 -1.45982 0.239176 360 0.586202 0.127229 
-8.26227 0.31067 0.618929 366 0.137953 0.201159 
-8.81299 1.26454 1.68087 370 -0.0367828 0.384199 
-7.92892 -0.2667 1.10434 372 0.259914 0.310584 
-8.43087 0.60269 -0.733047 375 0.0809846 -0.0488467 
-9.0577 1.6884 -0.174837 377 -0.0902863 0.0617407 
-8.19099 0.187209 -1.2445 378 0.161325 -0.153915 
-7.6338 -0.777869 -0.0587155 380 0.38348 0.0583031 
-9.37546 2.23878 -1.18001 383 -0.158123 -0.0780099 
-8.12127 0.0664484 1.25361 388 0.185086 0.336541 
-9.14202 1.83445 -1.39071 391 -0.106829 -0.121943 
-9.48121 2.42194 -1.26659 396 -0.179985 -0.0915211 
-7.37732 -1.22211 -1.65372 397 0.487347 -0.302588 
-8.52092 0.758672 -1.7528 399 0.0596764 -0.218885 
-9.44529 2.35972 -1.11888 402 -0.171027 -0.0718695 
-7.81782 -0.459131 0.076778 403 0.302039 0.090902 
-7.52277 -0.970174 1.1088 406 0.449539 0.332154 
-7.63883 -0.769162 -0.119058 410 0.378242 0.0420405 
-8.91993 1.44977 0.165011 413 -0.0645718 0.112454 
-7.3798 -1.21781 -1.93698 415 0.480094 -0.358195 
-8.21371 0.226557 -0.790225 417 0.152073 -0.0693161 
-7.84199 -0.417283 -1.30465 420 0.288742 -0.185313 
-9.51944 2.48816 0.340095 422 -0.201008 0.143761 
-7.91669 -0.287895 -0.0147918 423 0.261046 0.0744727 
-8.92471 1.45805 -1.88576 426 -0.0525837 -0.20754 
-8.05966 -0.0402563 -0.2345 439 0.205354 0.0341181 
-9.40694 2.29329 1.83376 448 -0.190779 0.386017 
-7.28007 -1.39054 -0.1606 450 0.556898 0.0278733 
-8.18295 0.173293 -0.148578 455 0.161921 0.050011 
-8.15687 0.12812 0.541817 457 0.171244 0.186312 
-7.48055 -1.0433 0.202815 459 0.4625 0.117422 
-8.06618 -0.0289635 1.04644 461 0.209898 0.298616 
-8.66593 1.00983 0.45259 465 0.00773159 0.169066 
-7.42117 -1.14615 0.204588 467 0.48621 0.116798 
-9.45274 2.37263 -1.8729 469 -0.167992 -0.180685 
-9.08866 1.74202 1.71988 475 -0.112781 0.380655 
-7.72533 -0.619337 0.904189 476 0.347675 0.280153 
-8.78933 1.22356 1.82285 477 -0.0290684 0.421422 
-7.83655 -0.426699 0.919261 479 0.303041 0.275642 
-7.18002 -1.56384 -1.73226 481 0.588465 -0.344652 
-7.03065 -1.82256 -1.92608 482 0.666562 -0.408402 
-8.11594 0.0572182 0.887934 486 0.18627 0.261781 
-8.80838 1.25656 1.8581 487 -0.0368537 0.416824 
-9.2531 2.02685 -1.52478 488 -0.127775 -0.135653 
-9.11496 1.78758 0.0633076 493 -0.108735 0.103326 
-9.55916 2.55695 -0.634717 496 -0.197635 -0.00116476 
-9.00888 1.60385 -0.973121 498 -0.0770451 -0.0685584 
