-7 0.0943094 -5.21035 64 507.887 259.497 
-7 1.11392 -6.02536 65 444.353 346.893 
-7 0.886694 -5.35798 67 497.136 331.73 
-7 1.34911 -4.82912 74 548.96 382.08 
-7 0.694743 -5.33965 78 498.209 314.211 
-7 1.12101 -6.65735 79 401.754 342.777 
-7 -1.84392 -6.0007 85 442.024 109.906 
-7 -0.295975 -5.19552 90 508.047 224.232 
-7 1.40697 -4.3308 91 605.258 396.639 
-7 0.592834 -6.66606 94 400.935 301.893 
-7 -0.609874 -5.90804 100 450.321 204.578 
-3.17768 1.79522 -7 101 67.0034 459.414 
-5.46333 -1.29075 -7 102 298.103 142.292 
-4.55559 -0.250499 -7 105 229.099 219.991 
-5.09885 0.316864 -7 107 270.113 276.787 
-6.22725 1.4028 -7 110 341.299 367.615 
-5.05591 -0.451909 -7 117 268.718 207.212 
-3.07632 -1.96878 -7 120 86.4721 1.44734 
-3.56835 0.827876 -7 121 125.453 330.847 
-6.20015 -0.954561 -7 122 341.216 180.644 
-3.11373 -0.303232 -7 130 77.317 193.484 
-3.58737 1.4874 -7 135 123.08 409.853 
-6.2831 -0.370457 -7 140 345.376 226.154 
-5.05277 -1.83336 -7 148 271.537 88.0012 
-6.46998 0.52855 -7 150 354.934 296.476 
