-7 1.12101 -6.65735 79 622.116 456.058 
-7 0.592834 -6.66606 94 627.702 408.791 
-5.46333 -1.29075 -7 102 534.438 220.045 
-4.55559 -0.250499 -7 105 455.577 308.013 
-2.11042 -0.0563179 -7 106 201.369 300.404 
-5.09885 0.316864 -7 107 487.295 368.703 
-6.22725 1.4028 -7 110 545.895 470.191 
-0.689565 -1.47331 -7 112 11.3398 46.3705 
-5.05591 -0.451909 -7 117 495.488 293.434 
-3.07632 -1.96878 -7 120 354.782 88.8657 
-3.56835 0.827876 -7 121 350.9 419.756 
-6.20015 -0.954561 -7 122 574.161 261.229 
-1.05355 -1.5594 -7 126 79.916 53.2466 
-2.10211 -0.684594 -7 129 215.147 216.287 
-3.11373 -0.303232 -7 130 326.351 284.175 
-1.30535 -1.94469 -7 131 131.929 10.9743 
-1.59533 0.795126 -7 132 103.791 416.386 
-6.2831 -0.370457 -7 140 571.581 312.994 
-5.05277 -1.83336 -7 148 515.11 161.041 
-6.46998 0.52855 -7 150 570.969 392.334 
