-3.11304 -8.60806 -1.9166 254 381.241 97.8471 
-3.48222 -7.96863 1.84681 255 370.491 435.149 
-4.57399 -6.07762 1.59563 258 141.597 469.361 
-2.75039 -9.23619 0.329719 263 450.817 276.149 
-3.07463 -8.67459 -1.54793 266 392.914 127.238 
-2.57499 -9.53998 1.60069 268 484.328 380.466 
-2.72709 -9.27655 -1.48729 269 435.372 135.7 
-4.57341 -6.07862 1.60241 272 143.758 468.261 
-3.88769 -7.26632 -1.50954 277 268.521 111.734 
-4.24528 -6.64697 0.694015 279 217.259 338.791 
-5.01096 -5.32075 -0.777348 280 2.54227 167.325 
-3.32874 -8.23445 -1.42324 285 359.499 130.593 
-3.49888 -7.93976 0.772929 286 357.449 329.131 
-4.95189 -5.42307 -0.262658 289 23.6427 232.101 
-4.9932 -5.35153 -1.23628 292 10.0074 108.408 
-3.44968 -8.02497 0.167007 293 356.802 272.856 
-3.04378 -8.72802 1.54345 294 430.084 388.672 
-3.22332 -8.41705 1.89644 304 408.449 426.678 
-3.93868 -7.178 -1.57121 306 258.371 107.92 
-3.32508 -8.2408 -1.51403 315 360.247 123.943 
-3.63057 -7.71167 -1.43695 316 314.009 124.889 
-4.92427 -5.47091 0.898447 318 35.0254 394.124 
-4.81248 -5.66455 -1.64507 319 61.2915 65.9747 
-3.09129 -8.64573 1.79249 320 428.056 412.884 
-4.10365 -6.89227 -1.45523 322 229.948 112.184 
-3.06428 -8.69251 -0.666718 324 400.38 196.371 
-4.30377 -6.54565 0.385968 326 202.227 305.101 
-4.07384 -6.9439 0.0649336 330 247.578 264.97 
-4.85494 -5.591 -1.94807 331 49.6427 30.4034 
-3.49997 -7.93787 0.446165 333 353.559 297.054 
-3.35488 -8.18918 1.50964 334 386.19 395.193 
-4.50583 -6.19567 0.376914 336 151.799 306.858 
-4.09708 -6.90364 0.281542 338 246.935 291.507 
-3.77569 -7.46032 0.825581 340 311.201 340.194 
-4.16753 -6.78163 0.981089 341 236.292 372.764 
-4.78378 -5.71426 0.966713 344 78.6999 396.743 
-4.31667 -6.52331 1.57757 348 208.982 450.672 
-3.62005 -7.72989 0.845456 350 338.357 340.601 
-4.2793 -6.58803 -1.32765 353 193.544 119.124 
-2.64072 -9.42615 1.95256 355 482.964 412.238 
-3.10287 -8.62567 -0.357131 361 399.238 222.279 
-4.93982 -5.44397 -1.05261 362 25.6529 133.476 
-4.34584 -6.47278 1.58859 363 201.244 453.614 
-3.98712 -7.09411 0.170839 364 266.023 276.742 
-4.44212 -6.30602 -1.20213 365 158.559 128.515 
-3.32955 -8.23305 -1.41411 368 358.302 133.371 
-2.62582 -9.45194 -1.96759 374 439.691 102.313 
-3.72571 -7.54688 0.335972 382 314.177 291.014 
-3.02092 -8.76762 -1.67324 386 396.582 118.217 
-4.55591 -6.10892 1.47438 387 145.976 450.585 
-3.14704 -8.54917 1.54174 390 414.978 391.252 
-4.97755 -5.37862 1.00983 392 17.769 414.196 
-4.85021 -5.5992 -1.40794 394 50.9729 93.7357 
-2.75281 -9.23199 0.225616 395 449.238 271.178 
-3.18967 -8.47533 1.85927 400 414.016 426.349 
-3.33676 -8.22056 -0.399899 404 366.777 219.083 
-3.20418 -8.4502 0.757211 405 399.058 319.341 
-3.32846 -8.23494 1.89335 407 394.112 434.074 
-4.67743 -5.89845 0.0191106 408 106.226 268.082 
-4.7162 -5.8313 -1.22464 411 88.399 118.526 
-3.05904 -8.70159 0.925619 412 420.884 333.367 
-2.74941 -9.23788 0.292754 416 449.841 273.653 
-4.24744 -6.64321 -1.92173 418 196.334 61.4456 
-4.59318 -6.04438 0.332137 419 131.331 306.024 
-3.28794 -8.30512 -0.582867 425 373.069 205.95 
-4.10084 -6.89714 -0.211774 427 240.33 239.454 
-2.88356 -9.00553 1.61269 428 450.805 389.925 
-3.57786 -7.80296 1.13653 429 347.927 367.398 
-4.2527 -6.63411 -0.951124 431 201.922 159.838 
-4.54469 -6.12836 -1.52013 432 132.841 91.5318 
-3.71801 -7.56021 -1.73791 433 296.801 96.4965 
-2.84073 -9.07972 -1.27039 435 422.214 151.203 
-4.68557 -5.88436 -1.8811 438 94.6338 47.3325 
-4.8407 -5.61566 -0.0396453 440 57.5392 261.654 
-4.21563 -6.69831 -0.927394 445 211.311 162.882 
-4.75369 -5.76637 0.970583 446 90.1449 395.569 
-4.02746 -7.02424 -1.63148 447 241.415 94.7535 
-2.97704 -8.84361 -0.559065 449 414.766 207.259 
-4.46089 -6.27351 1.45209 451 172.9 443.123 
-3.13049 -8.57784 0.930095 453 412.487 334.659 
-2.83311 -9.09292 -0.904736 454 428.625 179.874 
-3.07985 -8.66554 0.939564 456 417.761 335.362 
-2.82678 -9.10387 0.818773 460 448.391 317.967 
-4.41902 -6.34603 0.58457 470 176.45 331.786 
-4.6459 -5.95307 0.77707 474 120.309 361.652 
-2.94605 -8.89729 1.87197 478 447.645 414.852 
-3.62908 -7.71426 0.283949 480 330.881 282.969 
-4.72984 -5.80768 1.01961 483 94.7931 399.925 
-3.75747 -7.49188 -0.114405 484 305.115 246.99 
-4.07094 -6.94893 1.07534 490 255.948 376.868 
-4.92481 -5.46997 -1.54112 491 29.0654 75.7389 
-2.61113 -9.47739 -1.5069 492 446.89 137.178 
-3.63585 -7.70252 0.600044 494 334.057 312.966 
-3.6271 -7.71768 0.36592 497 331.209 292.823 
-3.46213 -8.00341 0.473249 499 358.62 299.194 
-3.9326 -7.18855 1.52347 500 288.912 421.661 
-0.577812 -8.4165 -1.88021 514 635.275 7.84146 
-1.33469 -8.85349 -0.250941 535 573.942 204.868 
-0.805849 -8.54816 -1.1322 539 619.147 99.116 
-1.55768 -8.98223 1.00965 540 568.844 330.239 
-0.942173 -8.62687 -1.81306 542 590.43 42.1555 
-2.54087 -9.54988 -1.96382 546 447.498 104.921 
-2.17518 -9.33875 -0.02102 551 497.606 242.184 
-1.37853 -8.8788 -0.140968 554 571.023 216.03 
-1.35618 -8.8659 -1.86663 561 544.224 60.0329 
-0.751362 -8.5167 -0.54808 562 638.116 156.232 
-2.39776 -9.46725 -1.50147 566 463.324 133.477 
-1.19047 -8.77022 1.45663 578 622.648 379.122 
-1.13416 -8.73771 1.81808 584 638.561 418.161 
-2.13398 -9.31496 -0.61668 585 492.624 191.284 
-1.80668 -9.12599 1.44164 586 550.526 368.987 
-1.05884 -8.69422 -0.500411 598 600.608 172.646 
-1.85453 -9.15362 1.00414 599 540.343 331.769 
-0.918376 -8.61313 -1.76208 603 593.147 44.5123 
-2.0658 -9.2756 0.128408 612 507.661 254.73 
-2.28434 -9.40177 0.767727 616 498.301 310.772 
-1.43619 -8.91209 -1.99412 619 533.943 53.3857 
-1.39269 -8.88697 -0.919729 622 556.14 144.401 
-1.85496 -9.15386 1.85126 623 555.314 409.431 
-2.10532 -9.29841 0.971801 625 517.308 327.594 
-1.41788 -8.90152 -1.16565 639 550.244 123.258 
-0.795119 -8.54197 -0.566815 642 633.733 155.558 
-1.37552 -8.87706 0.232198 643 577.28 253.887 
-1.56414 -8.98596 -0.787846 645 539.908 162.222 
-1.00763 -8.66466 -0.50403 660 604.855 171.596 
-1.48552 -8.94057 0.517606 676 568.666 280.349 
-1.10245 -8.71941 -0.567007 677 594.864 165.518 
-2.31293 -9.41827 1.81431 707 510.469 399.045 
-0.939569 -8.62536 -0.32294 718 619.902 185.321 
-1.908 -9.18449 1.52916 719 543.521 378.892 
-1.49578 -8.94649 0.981389 746 577.843 325.371 
