1.50492 8.95177 -1.01173 5 395.94 201.644 
-0.0798114 8.03682 -1.36918 7 575.232 145.041 
2.56137 9.56171 -1.26435 9 320.154 188.992 
-0.178643 7.97976 0.508014 11 583.304 377.062 
0.882168 8.59222 -0.707979 12 451.189 227.303 
0.899845 8.60243 -1.45278 14 455.832 153.986 
0.308716 8.26114 -0.602419 18 518.147 236.324 
1.53151 8.96712 0.925447 27 383.116 376.881 
1.89409 9.17646 -0.898766 30 363.682 212.85 
1.20489 8.77855 1.35968 34 408.94 426.024 
0.643979 8.45471 0.172026 37 473.694 321.159 
1.0009 8.66077 1.01151 39 428.698 398.073 
1.35417 8.86473 -1.19204 41 410.431 183.728 
2.2299 9.37034 -1.63427 48 345.577 156.753 
-0.421209 7.83972 -1.17149 54 630.482 162.309 
-0.449959 7.82312 -0.349133 56 630.712 271.263 
1.11916 8.72905 0.11871 59 425.3 308.266 
2.502 9.52743 1.21213 60 311.879 381.419 
0.976565 8.64672 0.659001 63 434.959 362.611 
2.48091 9.51526 -1.52748 64 328.013 170.564 
1.84359 9.1473 -0.734752 70 368.025 228.918 
2.0992 9.29488 1.12901 72 339.56 381.48 
2.43447 9.48845 -1.27169 74 330.298 185.753 
0.772201 8.52873 0.816256 76 456.248 384.49 
2.20527 9.35612 0.861552 89 332.427 359.123 
0.17216 8.1823 0.981234 106 530.365 425.333 
-0.30588 7.9063 0.0837691 108 607.606 325.696 
1.53832 8.97105 -0.336704 110 388.91 261.697 
-0.383025 7.86176 0.22409 112 618.651 345.427 
1.39446 8.888 1.03195 114 392.406 389.635 
1.68572 9.05615 0.970133 121 371.591 377.98 
0.0926466 8.13639 -1.10015 128 549.147 179.222 
1.04442 8.6859 0.452906 133 430.2 341.337 
2.0713 9.27877 -0.869126 143 349.871 215.374 
2.40916 9.47383 1.43867 146 315.708 402.144 
-0.447254 7.82468 0.726916 148 631.418 417.235 
-0.106953 8.02115 -0.188349 150 574.506 287.702 
2.34296 9.43561 0.313575 151 326.639 312.369 
1.8128 9.12952 -1.61907 155 376.162 152.369 
1.66029 9.04147 -0.791988 162 382.208 221.457 
1.18573 8.76749 -1.30616 163 426.448 172.107 
0.0695622 8.12307 1.38063 169 541.706 478.302 
0.827608 8.56072 -0.196826 177 455.857 279.141 
0.817645 8.55497 1.17423 181 450.097 422.763 
-0.0741699 8.04008 -1.61407 185 574.178 115.083 
1.11154 8.72465 -0.22035 188 425.785 274.889 
1.01143 8.66685 -1.03298 194 441.162 196.678 
1.63059 9.02433 -0.54542 202 383.383 245.249 
0.530427 8.38915 0.212413 206 487.002 324.928 
-0.0829147 8.03503 0.967789 213 568.286 431.552 
0.498224 8.37055 -0.257251 218 490.831 272.503 
1.50761 8.95332 1.78202 225 381.369 459.214 
0.842776 8.56948 1.16326 230 446.703 420.088 
2.3848 9.45977 -0.140995 231 324.797 276.41 
1.20088 8.77623 0.396294 235 415.023 332.942 
-0.177513 7.98042 -1.74127 236 592.77 99.4742 
-0.477256 7.80736 0.692004 238 635.459 412.319 
2.1672 9.33414 0.137181 241 339.858 298.248 
2.5324 9.54499 -0.521146 243 319.326 245.16 
0.34969 8.2848 -0.208161 246 511.704 280.738 
2.29158 9.40595 0.467399 249 328.661 324.373 
4.31342 6.52894 -1.60055 753 8.30824 66.5064 
3.95041 7.15768 -0.115486 754 86.4554 261.595 
2.79672 9.15593 1.45335 762 276.452 404.781 
3.65369 7.67162 -0.409443 763 152.792 234.468 
3.63308 7.70731 -0.253667 767 157.04 249.908 
3.94821 7.16151 -0.305332 771 88.9642 239.786 
3.17581 8.49933 -0.450529 776 236.811 241.044 
2.96438 8.86554 -0.466828 778 266.647 242.51 
3.01964 8.76982 1.66075 782 245.85 428.018 
2.91765 8.94648 -1.66232 783 280.34 144.097 
4.09862 6.90098 -0.651429 789 55.7669 195.531 
3.94393 7.16891 1.20445 790 71.3802 412.204 
2.7584 9.22231 -0.310632 792 293.608 257.33 
4.05686 6.97332 -1.81735 802 81.4857 64.5977 
3.73411 7.53233 -1.49404 804 150.433 122.607 
3.68413 7.6189 -0.207288 807 147.321 254.258 
2.74211 9.25053 -1.73828 813 303.404 146.966 
3.75485 7.49641 -1.09591 823 141.542 160.734 
3.57856 7.80176 -0.875216 840 175.139 191.662 
2.75988 9.21974 0.955628 841 286.213 361.41 
3.12713 8.58365 0.949699 846 234.019 367.48 
4.15625 6.80116 -0.0422045 847 30.9833 266.132 
3.4808 7.97107 -1.62753 851 200.713 123.491 
3.61746 7.73437 -1.94874 852 178.75 83.2587 
3.11682 8.6015 1.29664 853 236.488 398.302 
3.59494 7.77338 0.739111 854 154.369 353.855 
3.21408 8.43306 1.15774 858 218.841 387.133 
3.63106 7.71081 -1.67758 859 173.161 109.814 
3.27878 8.32099 -1.03834 860 226.978 184.172 
4.06751 6.95487 -1.6458 865 77.9133 83.4329 
2.83011 9.0981 -0.827008 869 288.41 215.206 
3.62176 7.72692 0.659348 870 150.946 343.826 
2.74336 9.24836 0.533191 877 288.348 326.727 
3.47475 7.98155 1.30736 888 175.202 409.769 
3.96207 7.13749 -0.131759 891 82.5098 259 
3.79506 7.42677 -1.15471 899 131.408 153.327 
4.24153 6.65346 -1.08896 903 22.5995 137.217 
3.15471 8.53588 -0.806247 915 243.456 210.569 
3.62319 7.72445 -0.430218 916 161.45 234.033 
3.37491 8.15449 -1.18787 917 210.804 167.686 
3.88292 7.27458 0.732852 918 92.1066 356.01 
3.5513 7.84897 1.93783 920 149.872 478.239 
3.89561 7.2526 -0.984565 922 110.294 168.087 
3.15548 8.53455 -1.95746 923 252.533 110.17 
2.665 9.38408 0.586617 924 298.407 330.616 
3.45706 8.01219 0.602811 925 183.296 337.729 
3.20202 8.45395 0.188458 931 228.624 298.955 
2.78152 9.18227 -1.96749 936 301.45 126.359 
3.59191 7.77864 1.36064 942 148.815 417.498 
3.89811 7.24827 1.30532 954 80.4611 422.828 
3.02515 8.76029 0.646829 955 252.577 339.928 
2.99518 8.81219 -1.02389 956 267.961 196.267 
2.88729 8.99907 -0.922446 958 281.583 206.703 
4.28105 6.58501 -0.348295 969 1.80123 225.22 
2.80084 9.14881 -0.0563065 974 286.589 279.758 
4.12313 6.85854 -0.122495 977 41.1929 256.663 
2.74799 9.24035 0.800252 981 288.141 348.957 
