-7 0.46862 -2.98529 58 513.429 225.299 
-7 -1.03485 -3.75523 61 421.596 73.1612 
-7 -0.184126 -2.39523 62 585.895 146.256 
-7 0.0943094 -5.21035 64 309.721 198.14 
-7 1.11392 -6.02536 65 266.744 279.38 
-7 0.886694 -5.35798 67 306.92 263.578 
-7 1.34911 -4.82912 74 348.521 303.029 
-7 0.694743 -5.33965 78 306.391 248.161 
-7 1.12101 -6.65735 79 231.258 277.99 
-7 0.821262 -3.48263 80 461.511 261.423 
-7 -1.84392 -6.0007 85 237.417 41.0833 
-7 -0.295975 -5.19552 90 307.042 164.531 
-7 1.40697 -4.3308 91 388.052 311.106 
-7 0.592834 -6.66606 94 225.454 240.421 
-7 -1.20087 -3.87679 97 408.358 57.9627 
-7 1.52805 -2.92335 98 525.019 334.912 
-7 -0.609874 -5.90804 100 256.565 144.339 
-5.46333 -1.29075 -7 102 76.3184 94.1647 
-4.55559 -0.250499 -7 105 3.39693 201.862 
-5.09885 0.316864 -7 107 71.8051 249.23 
-6.22725 1.4028 -7 110 173.372 313.501 
-5.05591 -0.451909 -7 117 53.2009 176.234 
-6.20015 -0.954561 -7 122 140.844 127.283 
-6.2831 -0.370457 -7 140 154.476 175.368 
-5.05277 -1.83336 -7 148 24.6794 33.5001 
-6.46998 0.52855 -7 150 177.633 243.442 
