-7 0.21307 2.3409 51 0.164933 0.232756 
-7 -0.503339 4.01391 52 0.507484 0.0655286 
-7 -0.64261 4.44771 54 0.587532 0.0365025 
-7 -0.441068 2.32778 56 0.160949 0.0774743 
-7 -1.45394 1.58819 66 -0.00762647 -0.165236 
-7 -0.100249 4.19611 69 0.544986 0.153278 
-7 -1.07602 2.04225 70 0.096437 -0.0722688 
-7 -0.527577 4.46053 71 0.59082 0.0610034 
-7 -1.87164 2.51938 75 0.19991 -0.247342 
-7 -1.9255 2.82609 83 0.264164 -0.254395 
-7 -0.72299 3.2493 84 0.355713 0.0151896 
-7 -0.166603 0.216342 87 -0.360941 0.146914 
-7 1.20864 2.59145 88 0.223067 0.471533 
-7 0.312724 -0.335245 92 -0.522423 0.279406 
-7 -1.0576 1.73598 99 0.0263735 -0.0704054 
