7.15996 -3.9491 0.231069 501 407.737 285.169 
7.75999 -3.60267 0.808332 502 451.415 335.061 
9.29836 -2.71449 1.94602 503 548.597 413.939 
9.54954 -2.56948 1.62614 504 565.745 386.767 
9.1254 -2.81435 -0.972402 505 551.994 191.864 
4.32541 -5.58563 0.848861 506 47.2975 376.111 
8.36902 -3.25105 -1.59632 512 508.217 133.613 
5.15051 -5.10926 0.655281 515 181.209 343.009 
7.62157 -3.68259 0.309022 516 443.124 294.23 
5.54127 -4.88365 0.584966 517 234.72 330.021 
7.24861 -3.89792 -1.1423 520 421.228 160.679 
9.51565 -2.58904 1.12107 521 564.624 349.93 
6.5432 -4.30518 -1.86519 522 359.796 76.3488 
4.96491 -5.21641 -0.162781 524 158.612 241.519 
5.3746 -4.97988 1.7937 525 205.584 472.038 
8.29682 -3.29273 -0.961132 526 500.709 185.64 
4.45282 -5.51207 0.330289 528 72.7405 306.328 
7.67594 -3.6512 1.18816 529 444.065 370.389 
9.28962 -2.71954 -1.63781 531 564.61 141.022 
5.78814 -4.74112 0.731293 533 264.142 343.978 
7.01301 -4.03394 -0.97463 534 399.748 172.068 
6.50511 -4.32718 -1.71048 538 355.683 91.6532 
4.08321 -5.72546 -0.0501395 541 5.7768 252.073 
7.77252 -3.59544 -0.54676 544 458.189 218.643 
8.80092 -3.00169 1.19755 545 523.707 361.85 
5.8167 -4.72463 -0.692834 547 275.23 188.374 
5.94865 -4.64845 -0.108768 552 286.969 252.01 
4.14699 -5.68864 -0.0739802 553 17.7384 249.483 
5.11501 -5.12975 -1.32998 563 187.499 100.226 
5.60572 -4.84644 -1.12497 564 250.207 135.649 
4.17332 -5.67344 0.684667 567 19.3888 354.233 
4.23148 -5.63986 1.46124 569 25.3648 459.87 
4.08949 -5.72184 0.309736 570 6.04547 303.909 
8.06725 -3.42528 1.6113 573 470.974 401.634 
4.78434 -5.32066 -1.81187 575 139.734 29.2591 
7.62174 -3.68249 1.0201 577 442.028 357.564 
5.79079 -4.73959 0.326224 579 268.04 299.653 
6.08574 -4.5693 -0.422393 587 303.603 218.487 
5.95338 -4.64572 1.4698 588 280.07 422.722 
6.59806 -4.27351 1.37278 589 350.823 401.291 
8.43181 -3.2148 -0.531218 590 506.205 221.71 
7.71485 -3.62873 -1.31027 594 459.688 150.004 
5.81744 -4.72421 1.86454 597 261.073 465.958 
8.52047 -3.16361 0.124086 605 508.353 276.009 
4.89471 -5.25694 -0.199595 606 149.47 237.616 
8.58348 -3.12723 -1.98018 608 522.895 103.737 
8.21821 -3.33812 0.87683 609 485.214 341.038 
8.95105 -2.91501 -0.0284258 613 537.054 264.195 
8.58134 -3.12847 1.5153 614 508.028 387.034 
5.91431 -4.66828 0.963849 617 279.092 366.874 
7.88394 -3.53111 -1.51631 618 470.843 133.526 
8.24406 -3.3232 1.57934 624 486.915 398.216 
5.34694 -4.99584 -0.371774 630 213.99 218.792 
8.74387 -3.03463 -1.74637 631 530.349 125.969 
8.37201 -3.24932 -1.42691 633 506.059 147.965 
7.92744 -3.50599 0.853241 634 465.376 340.021 
7.04767 -4.01393 1.30024 635 390.479 387.691 
5.60109 -4.84911 1.5746 636 236.958 441.43 
6.13888 -4.53862 1.31542 644 301.577 402.995 
6.14497 -4.53511 -1.1835 648 315.076 137.298 
7.74644 -3.6105 0.0375105 649 455.103 268.821 
7.0982 -3.98476 0.68195 653 399.057 328.762 
7.02559 -4.02668 0.448994 659 391.882 309.195 
4.82206 -5.29889 0.859675 662 128.354 370.668 
4.88586 -5.26205 0.975449 663 140.274 383.903 
8.5643 -3.13831 0.571234 665 510.609 312.318 
8.78782 -3.00925 1.27741 666 523.283 365.738 
6.55913 -4.29599 -1.18896 667 357.74 146.244 
4.05549 -5.74146 -0.254187 669 1.98901 222.023 
8.98332 -2.89638 -0.0875092 671 538.965 259.829 
4.78329 -5.32127 0.804293 674 124.575 365.298 
6.39838 -4.3888 1.60708 675 328.633 428.946 
5.20039 -5.08046 -0.0857982 678 191.354 250.368 
9.50215 -2.59683 -1.80067 679 577.403 131.967 
8.96859 -2.90489 1.45636 680 530.655 380.282 
9.51544 -2.58916 0.00507541 681 570.546 266.205 
4.99407 -5.19958 0.559179 682 157.898 330.247 
8.52145 -3.16304 1.28747 684 505.743 370.589 
5.70419 -4.78959 -0.684915 686 260.781 185.446 
6.4204 -4.37608 -1.66156 687 346.502 93.5104 
7.92479 -3.50752 1.32245 688 463.403 380.152 
8.15199 -3.37635 -0.280505 689 486.541 240.499 
4.226 -5.64302 0.28797 691 29.8833 301.375 
8.26763 -3.30959 0.733282 692 489.511 326.519 
4.82073 -5.29965 -1.08631 698 139.228 123.346 
8.01947 -3.45286 0.702216 699 471.317 325.512 
5.29956 -5.0232 -0.579862 701 208.537 195.442 
7.30395 -3.86597 1.05537 703 417.037 364.029 
6.39348 -4.39163 0.914159 705 331.059 355.744 
7.22497 -3.91156 0.961317 706 409.607 353.413 
4.30182 -5.59925 -1.21577 708 53.9779 92.5264 
5.49777 -4.90876 0.072566 709 232.029 270.633 
7.66579 -3.65706 -1.9146 710 459.272 94.8419 
6.01108 -4.6124 1.08959 711 287.677 381.018 
8.16644 -3.36801 1.19775 712 479.704 367.309 
8.51548 -3.16649 1.61138 714 503.044 396.861 
6.54292 -4.30535 -1.87458 720 360.846 73.1861 
4.48631 -5.49273 -1.46496 723 88.1294 64.5099 
5.45807 -4.93168 0.702726 724 223.105 342.816 
6.58729 -4.27973 1.46929 725 347.576 410.124 
9.11375 -2.82108 -0.331225 726 548.752 241.504 
5.30402 -5.02063 -1.37929 729 212.2 96.3944 
7.50171 -3.75179 -1.28329 731 442.922 149.184 
7.13639 -3.96271 -0.718485 732 406.648 198.11 
5.1391 -5.11584 0.224599 734 181.569 288.452 
6.09889 -4.56171 1.10908 735 299.044 382.404 
9.21579 -2.76217 -1.66979 736 558.881 139.277 
9.10626 -2.8254 1.29642 737 539.563 368.182 
7.25901 -3.89191 -1.70188 738 425.103 106.175 
4.48121 -5.49568 0.424736 739 75.8256 319.438 
6.72719 -4.19896 0.433244 741 364.97 306.92 
8.61615 -3.10837 -1.12108 742 521.603 173.816 
5.33057 -5.0053 -0.178382 743 211.751 241.741 
8.54451 -3.14973 -0.0560757 747 510.98 260.433 
7.49302 -3.75681 0.49302 748 433.257 311.754 
9.23701 -1.99898 0.725578 758 619.793 331.288 
9.27207 -2.0597 -0.388348 784 618.299 239.105 
9.26539 -2.04812 -1.79237 829 626.1 124.674 
9.4474 -2.36338 -1.09642 844 595.102 183.968 
9.26617 -2.04948 1.18971 881 612.155 368.472 
9.19568 -1.92739 0.768329 913 628.239 335.918 
9.40671 -2.2929 1.01021 963 589.852 348.54 
9.36968 -2.22876 1.49865 979 594.408 386.18 
9.47971 -2.41934 0.180696 982 581.868 282.837 
9.45187 -2.37112 -1.5872 989 595.034 147.455 
