-1.97014 0.361326 7 3 339.711 304.409 
-2.93389 0.906698 7 9 218.304 362.094 
-2.14837 -1.21575 7 10 332.223 94.437 
-0.578608 0.00250695 7 11 554.671 268.295 
-0.39693 -1.00404 7 12 593.275 110.862 
-4.80195 0.41523 7 21 49.8935 281.255 
-3.28746 -0.347612 7 22 194.977 203.922 
-5.37012 0.037908 7 24 11.2706 238.212 
-5.21106 1.44812 7 29 5.65526 386.773 
-5.40598 0.152698 7 30 7.28342 249.669 
-2.84657 -0.836733 7 31 246.83 145.197 
-3.76175 1.7333 7 32 124.148 448.245 
-2.21352 -0.0799941 7 33 312.991 242.305 
-4.02466 -0.174699 7 39 122.538 221.448 
-3.22548 0.288125 7 40 194.239 280.829 
-5.59816 -0.619665 7 42 2.839 172.195 
-3.26615 1.27581 7 43 178.708 402.622 
-2.70348 -0.732172 7 47 261.644 157.703 
