5.64257 -0.481715 -7 109 215.019 94.9995 
2.26927 0.767181 -7 111 515.048 271.74 
2.74139 -0.240151 -7 113 474.864 132.013 
4.50714 -1.04124 -7 119 303.474 36.3189 
2.98659 0.138239 -7 123 436.729 177.486 
4.46367 -0.542201 -7 125 301.116 90.1707 
6.6867 0.183154 -7 127 151.771 148.64 
3.77354 -0.887468 -7 133 368.928 50.0944 
6.08103 -0.977971 -7 134 191.872 49.7605 
3.34213 1.4046 -7 137 376.336 314.477 
4.29646 -0.0380129 -7 139 309.019 144.241 
6.59087 -1.1778 -7 141 164.428 33.9981 
4.8725 1.3091 -7 142 250.76 267.526 
6.26277 1.2623 -7 143 167.465 239.653 
1.9715 1.13953 -7 144 548.605 330.326 
7 -0.863938 -6.09367 166 68.6863 40.1693 
7 0.831841 -5.58946 182 13.8864 194.25 
7 1.69172 -5.79597 183 32.6257 271.45 
7 0.781169 -6.98961 200 132.937 193.137 
