-7.4714 -1.05915 0.355818 260 105.517 180.178 
-6.64917 -2.4833 -0.440182 261 287.825 97.0675 
-7.14741 -1.62032 1.76556 264 168.078 336.942 
-5.66157 -4.19387 -0.652214 270 536.925 78.5899 
-6.94006 -1.97946 1.55981 271 210.685 319.968 
-5.23237 -4.93727 0.70564 274 634.679 262.738 
-6.17442 -3.3056 1.44019 275 380.312 324.477 
-6.35803 -2.98756 0.146678 278 348.221 169.465 
-6.14897 -3.34967 0.179673 281 397.897 179.422 
-6.80803 -2.20814 1.05615 282 240.211 269.262 
-6.90676 -2.03715 -0.996423 283 227.808 26.4036 
-5.29126 -4.83526 1.87037 284 594.306 401.581 
-6.95343 -1.95631 1.29159 291 209.554 291.615 
-6.93825 -1.9826 -0.53082 295 221.308 83.9454 
-6.74023 -2.32557 -0.914689 296 267.582 37.3182 
-7.01036 -1.8577 1.45833 300 197.632 307.232 
-7.95776 -0.216756 -0.267516 301 9.93524 103.668 
-7.19832 -1.53215 -0.65154 305 161.937 67.5558 
-6.04128 -3.53619 -1.20014 309 444.143 0.233443 
-6.64642 -2.48807 1.41126 310 272.604 310.361 
-7.11395 -1.67828 -0.473701 317 179.962 88.486 
-7.51344 -0.986333 -0.814325 323 97.4133 46.2545 
-7.53876 -0.942491 0.491179 328 91.5248 193.376 
-5.70343 -4.12137 0.704539 329 506.885 251.954 
-7.72464 -0.62053 -0.0248013 332 55.8887 136.73 
-5.49704 -4.47884 -1.16972 335 595.406 5.92118 
-7.68847 -0.683171 1.35649 337 64.1472 282.485 
-7.95987 -0.213096 0.306596 339 12.4697 167.019 
-5.29142 -4.83499 -0.290764 343 636.85 130.308 
-6.83154 -2.16742 0.486301 345 238.678 204.01 
-7.96405 -0.205854 1.31542 346 13.3362 272.885 
-8.00123 -0.141456 -0.325795 349 1.42749 99.7475 
-5.42884 -4.59697 1.28117 351 569.967 327.79 
-7.45408 -1.08915 -1.1234 354 110.631 7.84457 
-5.36533 -4.70697 -0.794508 356 624.601 61.2708 
-5.82827 -3.90515 1.73075 357 461.628 370.03 
-7.13206 -1.6469 0.386525 358 174.845 187.45 
-7.24008 -1.45982 0.239176 360 152.72 170.889 
-6.57086 -2.61894 0.112404 367 299.829 164.894 
-6.73207 -2.33972 -0.455992 369 266.493 93.6576 
-6.90193 -2.0455 0.150108 371 224.6 165.336 
-7.92892 -0.2667 1.10434 372 19.8466 251.39 
-5.20485 -4.98493 0.860305 376 637.994 282.853 
-7.6338 -0.777869 -0.0587155 380 74.4461 131.599 
-6.69448 -2.40482 0.483031 384 268.604 204.727 
-5.96156 -3.67428 1.39164 385 431.32 330.135 
-5.24676 -4.91235 0.215207 389 638 200.622 
-6.74479 -2.31769 0.740399 393 258.103 234.74 
-5.6307 -4.24734 -0.845678 398 550.684 53.042 
-6.97577 -1.91761 -0.4901 401 211.433 89.2568 
-7.81782 -0.459131 0.076778 403 38.1771 145.872 
-7.52277 -0.970174 1.1088 406 97.8956 261.002 
-6.46686 -2.79907 -0.256321 409 326.927 121.193 
-7.63883 -0.769162 -0.119058 410 70.2475 124.29 
-6.97717 -1.91519 1.81959 414 202.884 347.178 
-7.91669 -0.287895 -0.0147918 423 18.918 135.302 
-6.09064 -3.4507 -1.01841 424 427.359 26.8175 
-6.00176 -3.60464 0.426871 430 432.53 212.08 
-6.84225 -2.14887 1.74644 436 231.132 342.096 
-6.44049 -2.84475 -0.804824 441 339.069 52.1139 
-6.48803 -2.7624 0.108587 442 318.254 163.858 
-5.69392 -4.13784 -0.92901 443 532.584 39.6554 
-7.28007 -1.39054 -0.1606 450 145.781 124.509 
-6.50928 -2.7256 -0.0902829 452 316.24 140.213 
-6.03331 -3.55 -0.591601 458 436.934 83.2894 
-7.48055 -1.0433 0.202815 459 103.769 164.673 
-6.65278 -2.47704 -0.576839 463 285.931 80.7023 
-5.60301 -4.2953 -1.17858 464 563.415 5.89494 
-5.68074 -4.16068 0.111245 466 518.417 178.192 
-7.42117 -1.14615 0.204588 467 116.872 164.969 
-5.94183 -3.70845 -0.699449 468 461.428 69.6228 
-6.23302 -3.2041 1.90527 471 362.482 377.028 
-5.88723 -3.80302 -0.421933 473 473.646 105.119 
-7.72533 -0.619337 0.904189 476 57.0281 234.568 
-7.83655 -0.426699 0.919261 479 36.2193 234.464 
-6.7498 -2.309 -0.746357 485 262.395 58.2864 
-5.72951 -4.0762 -0.498216 489 516.876 98.0206 
-5.30136 -4.81777 0.489233 495 618.621 234.235 
