5.64257 -0.481715 -7 109 -0.0845362 -0.171456 
2.26927 0.767181 -7 111 0.630334 0.201316 
2.74139 -0.240151 -7 113 0.506438 -0.104301 
6.30632 -1.54879 -7 115 -0.165922 -0.364324 
4.50714 -1.04124 -7 119 0.0991576 -0.296902 
2.98659 0.138239 -7 123 0.425156 -0.00525084 
4.46367 -0.542201 -7 125 0.102114 -0.185465 
6.6867 0.183154 -7 127 -0.211894 -0.0596959 
6.46481 -1.88245 -7 128 -0.184017 -0.422094 
3.77354 -0.887468 -7 133 0.247196 -0.272735 
6.08103 -0.977971 -7 134 -0.139839 -0.262218 
3.34213 1.4046 -7 137 0.308792 0.29109 
4.29646 -0.0380129 -7 139 0.127932 -0.073024 
6.59087 -1.1778 -7 141 -0.199623 -0.292232 
4.8725 1.3091 -7 142 0.0173897 0.186712 
6.26277 1.2623 -7 143 -0.167079 0.127262 
6.4687 -1.97232 -7 149 -0.184303 -0.438609 
7 -1.59791 -6.35011 157 -0.339611 -0.382402 
7 1.75895 -5.06184 159 -0.566334 0.266209 
7 -0.863938 -6.09367 166 -0.380708 -0.251899 
7 1.33843 -4.95324 172 -0.593699 0.188694 
7 0.759759 -5.08223 173 -0.569476 0.066869 
7 -0.563655 -4.89557 181 -0.624558 -0.215505 
7 0.831841 -5.58946 182 -0.465252 0.0680674 
7 1.69172 -5.79597 183 -0.424284 0.216936 
7 0.781169 -6.98961 200 -0.245847 0.0317033 
