-7 0.21307 2.3409 51 0.152034 0.220712 
-7 -0.503339 4.01391 52 0.494136 0.0549546 
-7 -0.64261 4.44771 54 0.573934 0.0262635 
-7 -0.441068 2.32778 56 0.148667 0.0659855 
-7 -1.45394 1.58819 66 -0.0192702 -0.177323 
-7 -0.100249 4.19611 69 0.53081 0.142344 
-7 -1.07602 2.04225 70 0.0847123 -0.0838162 
-7 -0.527577 4.46053 71 0.57702 0.0506638 
-7 -1.87164 2.51938 75 0.18895 -0.258778 
-7 -1.9255 2.82609 83 0.253278 -0.26556 
-7 -0.72299 3.2493 84 0.34331 0.00437303 
-7 -0.166603 0.216342 87 -0.374236 0.134139 
-7 1.20864 2.59145 88 0.208949 0.45785 
-7 0.312724 -0.335245 92 -0.536387 0.266242 
-7 -1.0576 1.73598 99 0.0145551 -0.0821905 
