-7 0.46862 -2.98529 58 0.401334 -0.028817 
-7 -1.03485 -3.75523 61 0.203975 -0.359317 
-7 -0.184126 -2.39523 62 0.556694 -0.198447 
-7 0.0943094 -5.21035 64 -0.0374318 -0.0898447 
-7 1.11392 -6.02536 65 -0.130111 0.0858196 
-7 0.886694 -5.35798 67 -0.0432247 0.0519296 
-7 1.34911 -4.82912 74 0.0467753 0.137576 
-7 0.694743 -5.33965 78 -0.0444325 0.018538 
-7 1.12101 -6.65735 79 -0.207056 0.0825255 
-7 0.821262 -3.48263 80 0.289917 0.0486134 
-7 -1.84392 -6.0007 85 -0.195163 -0.432641 
-7 -0.295975 -5.19552 90 -0.0433707 -0.162807 
-7 1.40697 -4.3308 91 0.131995 0.155274 
-7 0.592834 -6.66606 94 -0.219898 0.000973295 
-7 -1.20087 -3.87679 97 0.175397 -0.392563 
-7 1.52805 -2.92335 98 0.425929 0.207328 
-7 -0.609874 -5.90804 100 -0.152926 -0.207396 
-5.46333 -1.29075 -7 102 -0.54824 -0.316533 
-5.09885 0.316864 -7 107 -0.556828 0.0222824 
-6.22725 1.4028 -7 110 -0.333331 0.160282 
-5.05591 -0.451909 -7 117 -0.598468 -0.136729 
-6.20015 -0.954561 -7 122 -0.405872 -0.244875 
-6.2831 -0.370457 -7 140 -0.375599 -0.140079 
-5.05277 -1.83336 -7 148 -0.662848 -0.44899 
-6.46998 0.52855 -7 150 -0.324373 0.0078844 
