-7 0.21307 2.3409 51 261.011 180.739 
-7 -0.503339 4.01391 52 424.472 120.257 
-7 -0.64261 4.44771 54 460.987 111.107 
-7 -0.441068 2.32778 56 262.932 107.497 
-7 1.81819 2.50338 57 269.795 347.656 
-7 1.50288 1.91462 59 209.071 318.929 
-7 0.78654 5.75191 68 540.04 246.424 
-7 -0.100249 4.19611 69 435.922 161.347 
-7 -1.07602 2.04225 70 233.86 28.0384 
-7 -0.527577 4.46053 71 460.911 122.382 
-7 -0.14175 5.47309 72 531.048 166.026 
-7 1.61955 6.53315 73 579.502 311.804 
-7 1.51818 2.67054 81 287.954 317.036 
-7 0.883221 6.2108 82 567.911 254.603 
-7 -0.72299 3.2493 84 358.257 88.4925 
-7 1.48523 2.57162 86 278.325 314.176 
-7 1.20864 2.59145 88 281.776 286.242 
-7 1.46933 5.82185 93 537.692 302.062 
-7 -0.576654 5.65743 96 548.038 128.885 
-7 -1.0576 1.73598 99 197.158 23.9313 
