-1.97014 0.361326 7 3 0.217369 0.0785092 
-3.49077 1.97493 7 8 -0.160855 0.520558 
-2.93389 0.906698 7 9 -0.0361771 0.237122 
-2.14837 -1.21575 7 10 0.14511 -0.358735 
-4.80195 0.41523 7 21 -0.410029 0.115154 
-3.28746 -0.347612 7 22 -0.123446 -0.0875221 
-5.92999 -1.73451 7 23 -0.563528 -0.295299 
-5.37012 0.037908 7 24 -0.496864 0.0385593 
-5.21106 1.44812 7 29 -0.480686 0.345478 
-5.40598 0.152698 7 30 -0.502822 0.0629392 
-2.84657 -0.836733 7 31 -0.0266514 -0.225042 
-3.76175 1.7333 7 32 -0.219643 0.446164 
-2.21352 -0.0799941 7 33 0.141346 -0.0451652 
-5.875 -0.508694 7 36 -0.564591 -0.0639849 
-4.02466 -0.174699 7 39 -0.271888 -0.0289256 
-3.22548 0.288125 7 40 -0.107375 0.0722704 
-5.59816 -0.619665 7 42 -0.5258 -0.0915836 
-3.26615 1.27581 7 43 -0.112535 0.334475 
-6.33365 0.109205 7 44 -0.629056 0.0626987 
-2.70348 -0.732172 7 47 0.00813456 -0.204396 
-6.25916 0.145289 7 48 -0.619879 0.0690734 
