2.56137 9.56171 -1.26435 9 0.473888 -0.369562 
1.53151 8.96712 0.925447 27 0.599385 0.0712913 
1.89409 9.17646 -0.898766 30 0.593171 -0.313097 
1.20489 8.77855 1.35968 34 0.654555 0.18592 
2.2299 9.37034 -1.63427 48 0.557054 -0.45427 
2.502 9.52743 1.21213 60 0.393625 0.0677652 
2.48091 9.51526 -1.52748 64 0.499244 -0.419896 
1.84359 9.1473 -0.734752 70 0.601726 -0.276953 
2.0992 9.29488 1.12901 72 0.4656 0.0688164 
2.43447 9.48845 -1.27169 74 0.496945 -0.372503 
2.20527 9.35612 0.861552 89 0.460016 0.0204967 
1.53832 8.97105 -0.336704 110 0.653419 -0.195866 
1.39446 8.888 1.03195 114 0.624416 0.0997013 
1.29458 8.83033 1.97538 118 0.598969 0.306513 
1.68572 9.05615 0.970133 121 0.556307 0.0714718 
2.0713 9.27877 -0.869126 143 0.556494 -0.302151 
2.40916 9.47383 1.43867 146 0.407461 0.116064 
2.34296 9.43561 0.313575 151 0.452964 -0.0790141 
1.8128 9.12952 -1.61907 155 0.654675 -0.473171 
1.66029 9.04147 -0.791988 162 0.650008 -0.28928 
1.63059 9.02433 -0.54542 202 0.639454 -0.241415 
1.50761 8.95332 1.78202 225 0.555753 0.235196 
2.3848 9.45977 -0.140995 231 0.464028 -0.164649 
2.1672 9.33414 0.137181 241 0.495956 -0.110162 
2.5324 9.54499 -0.521146 243 0.452889 -0.234792 
2.29158 9.40595 0.467399 249 0.454714 -0.0504235 
3.95041 7.15768 -0.115486 754 0.00373092 -0.247861 
4.55568 6.10933 1.89736 756 -0.325061 0.199306 
4.31954 6.51834 0.440036 760 -0.174808 -0.153037 
2.79672 9.15593 1.45335 762 0.321148 0.103212 
3.65369 7.67162 -0.409443 763 0.124721 -0.293908 
3.63308 7.70731 -0.253667 767 0.125956 -0.257208 
4.46197 6.27165 0.273057 769 -0.237447 -0.201392 
4.61126 6.01306 1.59096 770 -0.351578 0.126979 
3.94821 7.16151 -0.305332 771 0.0119997 -0.29618 
3.17581 8.49933 -0.450529 776 0.28541 -0.265574 
2.96438 8.86554 -0.466828 778 0.343073 -0.250822 
3.01964 8.76982 1.66075 782 0.253053 0.137018 
2.91765 8.94648 -1.66232 783 0.399785 -0.484404 
5.15479 5.07165 1.79947 785 -0.690037 0.183356 
4.09862 6.90098 -0.651429 789 -0.0349418 -0.395682 
3.94393 7.16891 1.20445 790 -0.0373731 0.0451851 
5.12308 5.12656 1.56711 791 -0.661087 0.122968 
2.7584 9.22231 -0.310632 792 0.39179 -0.20803 
3.68413 7.6189 -0.207288 807 0.109779 -0.25189 
2.74211 9.25053 -1.73828 813 0.450813 -0.47551 
3.75485 7.49641 -1.09591 823 0.116162 -0.456948 
3.57856 7.80176 -0.875216 840 0.170066 -0.390785 
2.75988 9.21974 0.955628 841 0.347916 0.0171608 
4.78716 5.7084 1.97587 843 -0.457412 0.224784 
3.12713 8.58365 0.949699 846 0.248861 0.00871865 
4.15625 6.80116 -0.0422045 847 -0.0848908 -0.249203 
3.11682 8.6015 1.29664 853 0.238122 0.0716139 
3.59494 7.77338 0.739111 854 0.109264 -0.0461997 
3.21408 8.43306 1.15774 858 0.219225 0.0438559 
3.27878 8.32099 -1.03834 860 0.271529 -0.393621 
4.3546 6.4576 0.374594 864 -0.18786 -0.164316 
3.50474 7.92962 1.97827 867 0.095122 0.198086 
4.94977 5.42675 -0.328941 868 -0.503272 -0.427034 
2.83011 9.0981 -0.827008 869 0.392878 -0.30926 
3.62176 7.72692 0.659348 870 0.100798 -0.0599273 
4.25903 6.62315 1.93355 875 -0.188142 0.201316 
2.74336 9.24836 0.533191 877 0.366307 -0.0533907 
4.79043 5.70272 0.841803 884 -0.432401 -0.0705668 
3.47475 7.98155 1.30736 888 0.128532 0.075659 
3.96207 7.13749 -0.131759 891 0.00371491 -0.255773 
3.79506 7.42677 -1.15471 899 0.102946 -0.481798 
5.14042 5.09654 0.266927 906 -0.651699 -0.266542 
4.70431 5.85189 0.465414 910 -0.371855 -0.16787 
4.24347 6.65009 0.760465 912 -0.148046 -0.0649402 
3.15471 8.53588 -0.806247 915 0.30133 -0.334833 
3.62319 7.72445 -0.430218 916 0.138207 -0.293364 
3.37491 8.15449 -1.18787 917 0.25085 -0.434826 
3.88292 7.27458 0.732852 918 0.00419009 -0.0587985 
4.81756 5.65573 0.693441 919 -0.445409 -0.112822 
3.5513 7.84897 1.93783 920 0.0825342 0.196291 
3.89561 7.2526 -0.984565 922 0.0583711 -0.454466 
2.665 9.38408 0.586617 924 0.385212 -0.0452242 
3.45706 8.01219 0.602811 925 0.158441 -0.0646667 
4.92972 5.46147 0.685045 928 -0.516454 -0.126351 
3.20202 8.45395 0.188458 931 0.254881 -0.136722 
4.93218 5.45722 -0.369873 940 -0.494406 -0.437114 
3.59191 7.77864 1.36064 942 0.0863235 0.0854791 
3.89811 7.24827 1.30532 954 -0.0203726 0.0683579 
3.02515 8.76029 0.646829 955 0.288492 -0.0445435 
2.99518 8.81219 -1.02389 956 0.354941 -0.365235 
2.88729 8.99907 -0.922446 958 0.387523 -0.333634 
4.28105 6.58501 -0.348295 969 -0.12952 -0.340456 
2.80084 9.14881 -0.0563065 974 0.374808 -0.163715 
4.30329 6.54648 1.81023 975 -0.206496 0.180575 
4.12313 6.85854 -0.122495 977 -0.0639558 -0.266634 
2.74799 9.24035 0.800252 981 0.349755 -0.0050469 
4.40456 6.37107 0.274064 992 -0.203244 -0.191254 
4.26624 6.61065 0.689474 996 -0.153668 -0.0851176 
4.40907 6.36327 1.15293 997 -0.236958 0.0237323 
4.63799 5.96676 0.669191 998 -0.342947 -0.105285 
