-1.97014 0.361326 7 3 0.607165 0.118921 
-2.93389 0.906698 7 9 0.339107 0.306064 
-2.14837 -1.21575 7 10 0.440103 -0.324571 
-4.80195 0.41523 7 21 -0.0760197 0.214736 
-3.28746 -0.347612 7 22 0.187098 -0.0113323 
-5.92999 -1.73451 7 23 -0.285256 -0.152045 
-5.37012 0.037908 7 24 -0.17254 0.149791 
-5.21106 1.44812 7 29 -0.109883 0.438849 
-5.40598 0.152698 7 30 -0.174568 0.173192 
-2.84657 -0.836733 7 31 0.269159 -0.1612 
-2.21352 -0.0799941 7 33 0.492935 -0.00147885 
-5.875 -0.508694 7 36 -0.252158 0.0608838 
-4.02466 -0.174699 7 39 0.0405662 0.0631393 
-3.22548 0.288125 7 40 0.23163 0.145783 
-5.59816 -0.619665 7 42 -0.219738 0.0312028 
-3.26615 1.27581 7 43 0.270976 0.40964 
-6.33365 0.109205 7 44 -0.293482 0.183763 
-2.70348 -0.732172 7 47 0.311402 -0.145675 
-6.25916 0.145289 7 48 -0.284061 0.188868 
-7 0.78654 5.75191 68 -0.574069 0.370923 
-7 -0.14175 5.47309 72 -0.650383 0.186366 
-7 1.61955 6.53315 73 -0.411037 0.489338 
-7 0.883221 6.2108 82 -0.481163 0.365253 
-7 1.46933 5.82185 93 -0.547894 0.51267 
-7 -0.576654 5.65743 96 -0.615348 0.0935795 
