-1.97014 0.361326 7 3 0.386786 0.0670365 
-2.93389 0.906698 7 9 0.137112 0.248679 
-2.14837 -1.21575 7 10 0.262982 -0.360697 
-4.80195 0.41523 7 21 -0.250861 0.159506 
-3.28746 -0.347612 7 22 0.0149745 -0.0644227 
-5.92999 -1.73451 7 23 -0.434482 -0.217316 
-5.37012 0.037908 7 24 -0.342012 0.093172 
-5.21106 1.44812 7 29 -0.299036 0.388719 
-5.40598 0.152698 7 30 -0.345609 0.117094 
-2.84657 -0.836733 7 31 0.0996145 -0.209283 
-3.76175 1.7333 7 32 -0.0298725 0.470712 
-2.21352 -0.0799941 7 33 0.292616 -0.0496298 
-5.875 -0.508694 7 36 -0.415783 0.00143415 
-4.02466 -0.174699 7 39 -0.128125 0.00733205 
-3.22548 0.288125 7 40 0.0471988 0.0910233 
-5.59816 -0.619665 7 42 -0.381156 -0.0285068 
-3.26615 1.27581 7 43 0.0683369 0.351862 
-6.33365 0.109205 7 44 -0.46622 0.12772 
-2.70348 -0.732172 7 47 0.137352 -0.192953 
-6.25916 0.145289 7 48 -0.456985 0.133011 
-7 1.61955 6.53315 73 -0.618048 0.441238 
-7 0.883221 6.2108 82 -0.688969 0.305939 
