5.64257 -0.481715 -7 109 519.377 239.709 
6.30632 -1.54879 -7 115 459.584 171.209 
4.50714 -1.04124 -7 119 612.092 159.031 
4.46367 -0.542201 -7 125 628.613 207.12 
6.6867 0.183154 -7 127 458.22 305.938 
6.46481 -1.88245 -7 128 446.496 151.773 
6.08103 -0.977971 -7 134 480.979 208.449 
6.59087 -1.1778 -7 141 447.56 204.288 
4.8725 1.3091 -7 142 626.604 407.188 
6.26277 1.2623 -7 143 500.334 393.102 
6.4687 -1.97232 -7 149 445.25 145.665 
7 -0.0623122 -3.31422 152 164.677 308.928 
7 -1.59791 -6.35011 157 387.185 180.348 
7 1.75895 -5.06184 159 337.682 467.168 
7 0.343459 -2.54532 160 72.9695 363.993 
7 0.863395 -4.44339 163 279.414 390.621 
7 -0.724268 -3.10497 165 139.027 240.238 
7 -0.863938 -6.09367 166 379.709 232.334 
7 1.33843 -4.95324 172 325.101 428.281 
7 0.759759 -5.08223 173 329.128 371.544 
7 -0.518283 -3.0968 179 138.843 261.696 
7 0.741437 -4.00824 180 239.527 385.192 
7 -0.563655 -4.89557 181 303.154 255.594 
7 0.831841 -5.58946 182 365.453 371.644 
7 1.69172 -5.79597 183 388.444 444.875 
7 0.0865561 -4.29161 189 260.061 316.619 
7 -1.97934 -4.46413 190 259.041 135.589 
7 0.781169 -6.98961 200 446.7 352.771 
