5.64257 -0.481715 -7 109 612.844 221.498 
6.30632 -1.54879 -7 115 546.129 152.303 
6.6867 0.183154 -7 127 540.276 290.595 
6.46481 -1.88245 -7 128 531.877 132.82 
6.08103 -0.977971 -7 134 569.406 190.011 
6.59087 -1.1778 -7 141 531.418 186.624 
6.26277 1.2623 -7 143 585.682 380.378 
6.4687 -1.97232 -7 149 530.659 126.603 
7 -0.0623122 -3.31422 152 257.47 274.243 
7 0.36994 -1.65205 155 63.6175 326.938 
7 -1.59791 -6.35011 157 468.266 161.551 
7 1.75895 -5.06184 159 415.923 441.084 
7 0.343459 -2.54532 160 177.322 318.984 
7 1.08732 -1.94397 162 100.518 415.139 
7 0.863395 -4.44339 163 361.407 360.975 
7 -0.724268 -3.10497 165 235.42 208.227 
7 -0.863938 -6.09367 166 460.118 213.056 
7 1.33843 -4.95324 172 404.309 401.828 
7 0.759759 -5.08223 173 408.889 346.826 
7 -0.518283 -3.0968 179 235.07 228.333 
7 0.741437 -4.00824 180 324.398 352.261 
7 -0.563655 -4.89557 181 385.446 231.706 
7 0.831841 -5.58946 182 444.176 350.109 
7 1.69172 -5.79597 183 465.834 424.724 
7 0.0865561 -4.29161 189 344.155 288.088 
7 -1.97934 -4.46413 190 345.225 113.117 
7 0.781169 -6.98961 200 525.803 338.434 
