5.64257 -0.481715 -7 109 462.591 249.891 
6.30632 -1.54879 -7 115 407.557 177.305 
4.50714 -1.04124 -7 119 549.899 176.407 
4.46367 -0.542201 -7 125 563.558 224.99 
6.6867 0.183154 -7 127 404.526 311.416 
6.46481 -1.88245 -7 128 395.341 156.611 
3.77354 -0.887468 -7 133 637.243 169.869 
6.08103 -0.977971 -7 134 427.245 216.268 
4.29646 -0.0380129 -7 139 591.75 274.828 
6.59087 -1.1778 -7 141 395.728 209.766 
4.8725 1.3091 -7 142 556.039 416.962 
6.26277 1.2623 -7 143 442.302 398.118 
6.4687 -1.97232 -7 149 394.224 150.299 
7 -0.0623122 -3.31422 152 96.0506 330.676 
7 -1.59791 -6.35011 157 335.837 184.893 
7 1.75895 -5.06184 159 281.009 478.555 
7 0.863395 -4.44339 163 220.827 406.818 
7 -0.724268 -3.10497 165 66.5211 259.121 
7 -0.863938 -6.09367 166 327.293 238.881 
7 1.33843 -4.95324 172 268.406 441.007 
7 0.759759 -5.08223 173 273.115 383.724 
7 -0.518283 -3.0968 179 66.5571 282.13 
7 0.741437 -4.00824 180 178.302 404.429 
7 -0.563655 -4.89557 181 246.778 266.695 
7 0.831841 -5.58946 182 310.642 381.163 
7 1.69172 -5.79597 183 333.008 452.099 
7 0.0865561 -4.29161 189 200.455 332.433 
7 -1.97934 -4.46413 190 199.79 141.898 
7 0.781169 -6.98961 200 393.149 356.657 
