-1.97014 0.361326 7 3 267.384 325.591 
-2.93389 0.906698 7 9 142.539 372.37 
-2.14837 -1.21575 7 10 276.929 110.076 
-0.578608 0.00250695 7 11 475.119 310.18 
-0.39693 -1.00404 7 12 526.663 158.657 
-3.28746 -0.347612 7 22 129.492 207.792 
-2.84657 -0.836733 7 31 186.772 152.512 
-3.76175 1.7333 7 32 41.3076 451.167 
-2.21352 -0.0799941 7 33 245.945 260.278 
-4.02466 -0.174699 7 39 53.0529 217.877 
-3.22548 0.288125 7 40 123.568 287.379 
-3.26615 1.27581 7 43 99.8127 409.738 
-2.70348 -0.732172 7 47 200.91 167.381 
