-7 0.46862 -2.98529 58 436.15 237.008 
-7 -1.05185 -1.49538 60 628.309 42.0707 
-7 -1.03485 -3.75523 61 352.375 85.8883 
-7 -0.184126 -2.39523 62 500.817 165.584 
-7 0.0943094 -5.21035 64 246.153 202.759 
-7 1.11392 -6.02536 65 204.951 281.298 
-7 0.886694 -5.35798 67 243.994 266.967 
-7 1.34911 -4.82912 74 284.167 306.399 
-7 0.577231 -1.47952 76 620.723 253.113 
-7 0.694743 -5.33965 78 243.348 251.848 
-7 1.12101 -6.65735 79 169.79 278.921 
-7 0.821262 -3.48263 80 389.164 269.516 
-7 -1.84392 -6.0007 85 172.633 40.3315 
-7 1.69039 -1.92004 89 557.599 369.897 
-7 -0.295975 -5.19552 90 243.255 169.365 
-7 1.40697 -4.3308 91 321.435 315.005 
-7 0.592834 -6.66606 94 163.444 241.348 
-7 -1.56958 -3.12031 95 413.25 13.6336 
-7 -1.20087 -3.87679 97 339.905 70.0207 
-7 1.52805 -2.92335 98 445.876 339.86 
-7 -0.609874 -5.90804 100 193.255 146.496 
-6.22725 1.4028 -7 110 108.434 316.061 
-6.20015 -0.954561 -7 122 70.7069 126.404 
-6.2831 -0.370457 -7 140 86.435 175.971 
-6.46998 0.52855 -7 150 112.624 244.962 
