-1.97014 0.361326 7 3 0.205323 0.0817092 
-3.49077 1.97493 7 8 -0.175712 0.520598 
-2.93389 0.906698 7 9 -0.048911 0.238125 
-2.14837 -1.21575 7 10 0.13711 -0.356824 
-0.578608 0.00250695 7 11 0.689827 -0.0603462 
-4.80195 0.41523 7 21 -0.422002 0.112703 
-3.28746 -0.347612 7 22 -0.133483 -0.0877958 
-5.92999 -1.73451 7 23 -0.57319 -0.301105 
-5.37012 0.037908 7 24 -0.508557 0.0350497 
-5.21106 1.44812 7 29 -0.494496 0.343008 
-5.40598 0.152698 7 30 -0.514708 0.0594647 
-2.84657 -0.836733 7 31 -0.035585 -0.224674 
-3.76175 1.7333 7 32 -0.233881 0.445793 
-2.21352 -0.0799941 7 33 0.130627 -0.0427402 
-5.875 -0.508694 7 36 -0.575848 -0.0685837 
-4.02466 -0.174699 7 39 -0.282508 -0.0305062 
-3.22548 0.288125 7 40 -0.118698 0.0724823 
-5.59816 -0.619665 7 42 -0.536695 -0.0959213 
-3.26615 1.27581 7 43 -0.125961 0.33489 
-6.33365 0.109205 7 44 -0.641479 0.0580481 
-2.70348 -0.732172 7 47 -0.000994047 -0.203603 
-6.25916 0.145289 7 48 -0.632301 0.0645356 
