-4.80195 0.41523 7 21 0.44785 0.00639052 
-5.92999 -1.73451 7 23 0.272297 -0.41271 
-5.37012 0.037908 7 24 0.346373 -0.0781207 
-5.21106 1.44812 7 29 0.358736 0.195837 
-5.40598 0.152698 7 30 0.339071 -0.0561999 
-3.76175 1.7333 7 32 0.672056 0.35427 
-5.875 -0.508694 7 36 0.270398 -0.181814 
-4.02466 -0.174699 7 39 0.641645 -0.117536 
-5.59816 -0.619665 7 42 0.314787 -0.205497 
-6.33365 0.109205 7 44 0.20179 -0.0724558 
-6.25916 0.145289 7 48 0.211345 -0.065723 
-7 -0.503339 4.01391 52 -0.345707 -0.202976 
-7 -0.64261 4.44771 54 -0.255788 -0.226844 
-7 0.78654 5.75191 68 -0.0369316 0.0439884 
-7 -0.100249 4.19611 69 -0.304599 -0.113407 
-7 -0.527577 4.46053 71 -0.252877 -0.202276 
-7 -0.14175 5.47309 72 -0.0768358 -0.119094 
-7 1.61955 6.53315 73 0.0624623 0.163341 
-7 1.51818 2.67054 81 -0.67152 0.294063 
-7 0.883221 6.2108 82 0.0247803 0.0531678 
-7 -0.72299 3.2493 84 -0.53608 -0.269872 
-7 1.46933 5.82185 93 -0.0283194 0.157781 
-7 -0.576654 5.65743 96 -0.0485353 -0.197818 
