-7 0.0943094 -5.21035 64 0.389823 0.0285588 
-7 1.11392 -6.02536 65 0.254498 0.21878 
-7 0.886694 -5.35798 67 0.367445 0.184709 
-7 1.34911 -4.82912 74 0.47858 0.291708 
-7 0.694743 -5.33965 78 0.369582 0.146905 
-7 1.12101 -6.65735 79 0.162973 0.211014 
-7 -1.84392 -6.0007 85 0.246861 -0.294571 
-7 -0.295975 -5.19552 90 0.389858 -0.0476872 
-7 1.40697 -4.3308 91 0.598581 0.321377 
-7 0.592834 -6.66606 94 0.160695 0.122666 
-7 -1.20087 -3.87679 97 0.682516 -0.290987 
-7 -0.609874 -5.90804 100 0.265758 -0.0891222 
-3.17768 1.79522 -7 101 -0.56582 0.469778 
-5.46333 -1.29075 -7 102 -0.0655545 -0.222567 
-4.55559 -0.250499 -7 105 -0.215348 -0.0526839 
-5.09885 0.316864 -7 107 -0.124497 0.070275 
-6.22725 1.4028 -7 110 0.0322982 0.265889 
-5.05591 -0.451909 -7 117 -0.128777 -0.0809191 
-3.56835 0.827876 -7 121 -0.440497 0.189797 
-6.20015 -0.954561 -7 122 0.0293333 -0.139427 
-3.11373 -0.303232 -7 130 -0.54982 -0.108914 
-3.58737 1.4874 -7 135 -0.443877 0.361274 
-6.2831 -0.370457 -7 140 0.0390916 -0.040573 
-5.05277 -1.83336 -7 148 -0.12471 -0.340878 
-6.46998 0.52855 -7 150 0.0609552 0.11179 
