7 -0.0623122 -3.31422 152 0.12885 0.0306629 
7 0.36994 -1.65205 155 -0.245132 0.128965 
7 -1.59791 -6.35011 157 0.617904 -0.229818 
7 0.947338 -0.351981 158 -0.621277 0.294438 
7 1.75895 -5.06184 159 0.440163 0.399071 
7 0.343459 -2.54532 160 -0.0329939 0.12075 
7 -0.647617 -0.188366 161 -0.651488 -0.149379 
7 1.08732 -1.94397 162 -0.176777 0.30474 
7 0.863395 -4.44339 163 0.336397 0.224606 
7 -0.724268 -3.10497 165 0.088269 -0.115503 
7 -0.863938 -6.09367 166 0.585822 -0.103701 
7 1.33843 -4.95324 172 0.42188 0.315892 
7 0.759759 -5.08223 173 0.441307 0.199034 
7 -0.518283 -3.0968 179 0.0862045 -0.0706789 
7 0.741437 -4.00824 180 0.259615 0.202434 
7 -0.563655 -4.89557 181 0.409178 -0.0605806 
7 0.831841 -5.58946 182 0.519099 0.20974 
7 1.69172 -5.79597 183 0.55208 0.372717 
7 -0.443496 -0.586995 184 -0.531113 -0.0869273 
7 -1.20096 -0.713027 185 -0.485609 -0.281846 
7 -0.746732 -0.782938 186 -0.470342 -0.162774 
7 0.0865561 -4.29161 189 0.309593 0.0653753 
7 -1.97934 -4.46413 190 0.337147 -0.343023 
7 -1.56385 -0.742436 193 -0.473307 -0.37348 
7 1.83558 -1.14915 198 -0.39188 0.518977 
