1.69792 -0.977731 -7 104 0.629386 -0.510917 
5.64257 -0.481715 -7 109 -0.313377 -0.368412 
2.26927 0.767181 -7 111 0.318346 0.0221045 
2.74139 -0.240151 -7 113 0.242106 -0.281159 
4.50714 -1.04124 -7 119 -0.116428 -0.495194 
2.98659 0.138239 -7 123 0.159597 -0.182757 
4.46367 -0.542201 -7 125 -0.1249 -0.376679 
6.6867 0.183154 -7 127 -0.457669 -0.249823 
3.77354 -0.887468 -7 133 0.0232288 -0.462415 
6.08103 -0.977971 -7 134 -0.361475 -0.469922 
3.34213 1.4046 -7 137 0.0233742 0.118358 
4.29646 -0.0380129 -7 139 -0.111177 -0.257194 
6.59087 -1.1778 -7 141 -0.421338 -0.5062 
4.8725 1.3091 -7 142 -0.246154 0.0165323 
6.26277 1.2623 -7 143 -0.428961 -0.0450824 
1.9715 1.13953 -7 144 0.384819 0.148547 
1.45576 0.553777 -7 145 0.60035 0.0107509 
7 -0.863938 -6.09367 166 -0.646936 -0.51012 
7 0.781169 -6.98961 200 -0.503227 -0.149964 
