-2.75039 -9.23619 0.329719 263 35.9937 190.935 
-2.57499 -9.53998 1.60069 268 64.2696 298.946 
-2.72709 -9.27655 -1.48729 269 38.2195 21.7493 
-2.64072 -9.42615 1.95256 355 54.7299 328.866 
-2.75281 -9.23199 0.225616 395 35.4034 182.298 
-2.74941 -9.23788 0.292754 416 35.5385 186.417 
-2.88356 -9.00553 1.61269 428 11.804 307.538 
-2.84073 -9.07972 -1.27039 435 15.9602 35.9525 
-2.83311 -9.09292 -0.904736 454 18.6407 71.2614 
-2.82678 -9.10387 0.818773 460 21.7564 233.351 
-2.61113 -9.47739 -1.5069 492 59.1053 27.0658 
-0.751588 -8.51683 0.0534651 508 205.915 171.629 
-0.489466 -8.3655 1.99316 509 224.684 373.687 
1.01972 -7.49417 -0.323822 518 418.414 129.752 
1.55304 -7.18626 -0.142317 519 504.535 153.34 
0.57886 -7.7487 0.424617 532 350.907 222.623 
-1.33469 -8.85349 -0.250941 535 156.67 141.145 
1.74656 -7.07452 -0.649775 536 545.042 77.0996 
-0.805849 -8.54816 -1.1322 539 204.486 45.5322 
-1.55768 -8.98223 1.00965 540 136.719 258.135 
-0.435565 -8.33438 0.0499532 548 235.66 173.666 
1.31384 -7.32436 1.35338 549 445.067 354.628 
0.488173 -7.80106 0.703509 550 338.005 254.155 
-2.17518 -9.33875 -0.02102 551 93.9371 162.867 
-1.37853 -8.8788 -0.140968 554 154.408 151.674 
-0.337383 -8.27769 -1.23289 555 252.374 29.111 
0.766945 -7.64011 0.115194 558 377.627 185.033 
-0.751362 -8.5167 -0.54808 562 207.164 108.437 
-2.39776 -9.46725 -1.50147 566 80.3847 28.6097 
-0.453946 -8.34499 1.0501 568 231.942 277.966 
1.27527 -7.34662 -0.861902 571 465.006 50.8747 
-0.48463 -8.36271 0.158388 572 231.391 185.389 
-1.19047 -8.77022 1.45663 578 163.61 306.469 
-0.0029851 -8.08463 -0.961949 580 288.927 55.9872 
1.33215 -7.31379 -0.490916 582 470.3 106.164 
-0.413276 -8.32151 0.783569 583 234.485 251.692 
-1.13416 -8.73771 1.81808 584 169.547 342.146 
-2.13398 -9.31496 -0.61668 585 96.2024 106.474 
-1.80668 -9.12599 1.44164 586 118.692 296.005 
0.848258 -7.59316 -0.946016 591 398.593 46.227 
1.26618 -7.35187 -0.159086 592 454.447 151.32 
-0.665112 -8.46691 -0.0591155 593 213.879 160.131 
-1.05884 -8.69422 -0.500411 598 180.685 114.167 
-1.85453 -9.15362 1.00414 599 115.238 257.257 
-0.29479 -8.2531 -0.936867 601 256.703 61.7738 
-1.02236 -8.67316 1.83715 602 177.463 346.54 
-0.41102 -8.32021 0.556759 610 236.201 227.14 
-2.0658 -9.2756 0.128408 612 101.598 174.321 
-2.28434 -9.40177 0.767727 616 86.3906 232.5 
-0.478158 -8.35897 -0.638973 621 235.792 97.4766 
-1.39269 -8.88697 -0.919729 622 152.674 73.4746 
-1.85496 -9.15386 1.85126 623 113.327 330.176 
-2.10532 -9.29841 0.971801 625 96.6303 250.721 
-0.802806 -8.5464 1.53266 628 198.238 321.947 
-0.197251 -8.19679 0.70261 629 256.934 244.609 
0.695133 -7.68157 0.336635 637 366.331 211.683 
1.97066 -6.94514 1.58752 638 554.88 408.13 
-1.41788 -8.90152 -1.16565 639 152.846 50.2485 
-0.795119 -8.54197 -0.566815 642 205.188 106.246 
-1.37552 -8.87706 0.232198 643 150.047 190.05 
-1.56414 -8.98596 -0.787846 645 137.832 88.4983 
-0.814491 -8.55315 0.400562 646 198.792 209.005 
-0.0537926 -8.11396 -0.334741 647 279.642 130.657 
2.18105 -6.82367 0.572736 650 613.012 267.496 
0.479792 -7.8059 1.79524 652 326.923 380.979 
1.77898 -7.05581 0.424263 655 537.373 235.645 
0.279953 -7.92127 1.12217 656 307.82 301.067 
-0.574829 -8.41478 0.349602 657 222.646 205.016 
0.172776 -7.98315 1.03516 658 296.185 287.782 
-1.00763 -8.66466 -0.50403 660 184.21 114.644 
1.12851 -7.43136 0.338853 661 428.775 218.266 
-0.613939 -8.43736 -0.547652 664 222.382 108.645 
-0.867771 -8.58391 0.768917 668 195.681 246.169 
-0.769826 -8.52736 1.76192 670 199.492 344.503 
-1.48552 -8.94057 0.517606 676 144.402 215.458 
-1.10245 -8.71941 -0.567007 677 174.706 107.969 
0.0842166 -8.03428 0.452304 685 289.656 221.897 
0.676712 -7.6922 0.794688 695 360.283 268.449 
0.242541 -7.94287 -1.30659 700 320.566 8.68711 
0.735422 -7.65831 -0.141939 702 377.119 152.47 
-0.0286901 -8.09947 1.01989 704 275.501 281.671 
-2.31293 -9.41827 1.81431 707 82.7102 319.958 
2.02484 -6.91386 0.215523 713 588.32 207.443 
1.12928 -7.43091 0.660268 716 424.584 259.603 
-0.939569 -8.62536 -0.32294 718 191.701 133.097 
-1.908 -9.18449 1.52916 719 110.182 301.95 
1.34298 -7.30754 -1.15975 722 480.577 5.92979 
-0.734402 -8.50691 1.2467 730 204.95 294.58 
1.28778 -7.33941 1.94479 733 435.465 427.81 
-0.562661 -8.40776 1.95132 740 217.631 366.78 
-0.329699 -8.27326 1.956 745 239.634 374.771 
-1.49578 -8.94649 0.981389 746 140.288 257.671 
-0.0589625 -8.11695 -0.531896 750 280.614 107.198 
