-6.30704 4.44153 1.88748 3 -0.480498 0.328454 
-7.56816 3.71342 -1.91336 13 -0.204582 -0.478831 
-7.32861 3.85173 1.20236 16 -0.245847 0.137158 
-8.8069 2.99824 -0.956076 24 0.00268856 -0.254196 
-8.89169 2.94928 -0.604829 26 0.0182087 -0.190689 
-7.27042 3.88532 -0.762006 28 -0.261602 -0.254093 
-9.15905 2.79493 1.33263 40 0.0442233 0.10828 
-6.52013 4.31851 -0.668232 44 -0.444683 -0.256125 
-8.69401 3.06342 -0.315471 46 -0.0146406 -0.149661 
-9.17118 2.78792 0.352843 50 0.0495943 -0.0410194 
-6.99514 4.04426 0.162238 53 -0.322156 -0.0668577 
-7.12929 3.9668 -0.413303 57 -0.288459 -0.188104 
-7.76282 3.60104 -1.23079 58 -0.16642 -0.325453 
-9.06868 2.8471 0.616604 61 0.0306629 0.00653676 
-6.35552 4.41354 0.367926 65 -0.483924 -0.016611 
-8.32689 3.27537 0.102633 68 -0.0708327 -0.0805251 
-9.53193 2.57964 -0.151691 69 0.0904211 -0.116963 
-6.73615 4.19379 -0.772225 73 -0.391885 -0.275002 
-8.43422 3.2134 0.143156 79 -0.0503018 -0.0724734 
-7.01524 4.03265 0.767731 80 -0.308459 0.0581603 
-6.84889 4.1287 -1.69131 81 -0.365913 -0.476315 
-8.57211 3.13379 0.696853 83 -0.0326973 0.0211198 
-9.48597 2.60618 0.402373 91 0.0850482 -0.0334649 
-7.84704 3.55241 -1.4571 93 -0.147058 -0.370023 
-6.07518 4.57539 0.411442 94 -0.564433 -0.00206192 
-6.7471 4.18746 0.728183 95 -0.378609 0.0598075 
-6.83682 4.13566 0.932129 96 -0.355943 0.0945975 
-8.21684 3.33891 0.855065 98 -0.0851372 0.0524527 
-5.96131 4.64114 0.2828 99 -0.604214 -0.0328494 
-5.72779 4.77596 -0.0479517 100 -0.689432 -0.12012 
-8.30606 3.2874 -0.374033 103 -0.0722339 -0.159393 
-6.83515 4.13663 0.928504 104 -0.356559 0.101482 
-9.49264 2.60233 0.71894 111 0.0827246 0.0131263 
-6.45698 4.35497 0.0373591 113 -0.457869 -0.0950115 
-5.86459 4.69698 1.11578 115 -0.624275 0.174639 
-5.82616 4.71917 1.05356 123 -0.640581 0.161218 
-7.76272 3.6011 -1.33649 124 -0.162738 -0.352876 
-9.4138 2.64784 -0.749638 127 0.0768005 -0.207552 
-6.48824 4.33692 0.602459 130 -0.446233 0.0357866 
-9.10665 2.82518 -0.067222 132 0.039337 -0.103109 
-8.31486 3.28232 -0.998132 134 -0.0752039 -0.271578 
-7.54306 3.72791 -0.636474 136 -0.205398 -0.219512 
-8.32648 3.27561 -0.916176 137 -0.0680218 -0.25569 
-7.75055 3.60812 0.607921 138 -0.16347 0.0121419 
-8.89144 2.94943 -0.995818 139 0.011703 -0.255837 
-8.50915 3.17015 -1.43562 142 -0.0413694 -0.343818 
-6.25679 4.47054 0.905937 144 -0.505078 0.113949 
-8.55092 3.14603 -1.2267 145 -0.032345 -0.304344 
-9.27136 2.73008 -1.79969 152 0.0640179 -0.375555 
-7.61388 3.68703 -1.43304 154 -0.197716 -0.37826 
-8.81769 2.99201 -0.933105 158 0.00399611 -0.246786 
-6.08649 4.56887 1.43535 170 -0.555914 0.241065 
-6.68884 4.2211 0.597207 171 -0.386509 0.0301625 
-7.21392 3.91795 1.54448 173 -0.264219 0.207646 
-7.83448 3.55966 -0.735079 174 -0.154492 -0.238011 
-9.09008 2.83474 -1.5709 176 0.037131 -0.343878 
-6.73975 4.1917 -1.74479 178 -0.38462 -0.50006 
-5.92197 4.66385 1.33939 179 -0.60432 0.229294 
-5.92731 4.66077 1.73781 182 -0.597023 0.319967 
-7.69247 3.64165 -1.44056 186 -0.176363 -0.379668 
-6.79289 4.16102 0.492295 190 -0.3656 0.00323061 
-8.58962 3.12368 -0.807997 201 -0.0301968 -0.229596 
-9.31972 2.70216 0.881481 208 0.0666149 0.0394873 
-6.12407 4.54717 1.70161 211 -0.536794 0.298937 
-6.59885 4.27306 -1.66716 216 -0.433176 -0.486504 
-7.86451 3.54233 1.45463 223 -0.145812 0.166404 
-7.66224 3.65911 -1.56845 226 -0.186272 -0.403166 
-7.55688 3.71994 1.11487 232 -0.195998 0.111163 
-6.86074 4.12186 0.00652214 233 -0.353927 -0.0975258 
-8.6765 3.07352 1.96596 234 -0.0214756 0.222646 
-7.02658 4.02611 -1.06432 239 -0.320147 -0.329705 
-8.03402 3.44446 -0.562411 242 -0.115146 -0.199634 
-8.14068 3.38288 -0.0878003 245 -0.0982245 -0.115832 
-6.54441 4.30449 1.25315 248 -0.421234 0.178353 
-8.26463 0.314754 1.16404 251 0.483576 0.140264 
-9.1587 1.86333 -0.988996 253 0.192655 -0.260002 
-8.41737 0.579321 1.27562 256 0.419976 0.148464 
-9.52122 2.49124 -1.0717 257 0.107058 -0.256556 
-8.93601 1.47762 -0.633868 259 0.25636 -0.203284 
-9.30328 2.11375 1.73712 262 0.153739 0.173183 
-8.62862 0.94521 0.119044 265 0.353523 -0.0755693 
-9.05625 1.68588 -1.53396 267 0.226407 -0.350872 
-9.13681 1.82542 0.452008 276 0.194903 -0.0226164 
-8.62523 0.939344 -1.18054 287 0.36067 -0.318871 
-8.12164 0.0670859 0.804812 290 0.54826 0.0717817 
-8.26682 0.318554 -1.13985 297 0.506394 -0.335379 
-8.648 0.978768 1.29878 299 0.337123 0.143511 
-7.95776 -0.216756 -0.267516 301 0.640084 -0.160007 
-8.24121 0.274194 1.30161 302 0.493554 0.171212 
-8.641 0.966654 -0.16123 311 0.351819 -0.123305 
-9.31057 2.12638 -0.0551822 313 0.15188 -0.104683 
-8.81253 1.26375 -0.857651 325 0.297394 -0.24762 
-7.95987 -0.213096 0.306596 339 0.630727 -0.0307831 
-8.52917 0.772963 -1.76171 342 0.404709 -0.439385 
-7.96405 -0.205854 1.31542 346 0.620013 0.194208 
-8.12381 0.0708475 -1.49958 347 0.573051 -0.427669 
-8.00123 -0.141456 -0.325795 349 0.621265 -0.170726 
-8.82998 1.29397 -1.283 359 0.296689 -0.324973 
-8.26227 0.31067 0.618929 366 0.487974 0.0323213 
-8.81299 1.26454 1.68087 370 0.28749 0.197663 
-7.92892 -0.2667 1.10434 372 0.6419 0.149748 
-8.43087 0.60269 -0.733047 375 0.432303 -0.239388 
-9.0577 1.6884 -0.174837 377 0.220874 -0.125821 
-8.19099 0.187209 -1.2445 378 0.539379 -0.363 
-9.37546 2.23878 -1.18001 383 0.141435 -0.274324 
-8.12127 0.0664484 1.25361 388 0.541896 0.166006 
-9.14202 1.83445 -1.39071 391 0.199624 -0.328077 
-9.48121 2.42194 -1.26659 396 0.115351 -0.28747 
-8.52092 0.758672 -1.7528 399 0.400037 -0.441755 
-9.44529 2.35972 -1.11888 402 0.122634 -0.269002 
-8.91993 1.44977 0.165011 413 0.259152 -0.0611428 
-8.21371 0.226557 -0.790225 417 0.520024 -0.260485 
-9.51944 2.48816 0.340095 422 0.10442 -0.0433344 
-7.91669 -0.287895 -0.0147918 423 0.658618 -0.102622 
-8.92471 1.45805 -1.88576 426 0.267529 -0.428668 
-8.05966 -0.0402563 -0.2345 439 0.588641 -0.146566 
-9.40694 2.29329 1.83376 448 0.126013 0.179507 
-8.18295 0.173293 -0.148578 455 0.528888 -0.125398 
-8.15687 0.12812 0.541817 457 0.535933 0.0178402 
-8.06618 -0.0289635 1.04644 461 0.569133 0.130136 
-8.66593 1.00983 0.45259 465 0.337506 -0.0149359 
-9.45274 2.37263 -1.8729 469 0.123458 -0.389508 
-9.08866 1.74202 1.71988 475 0.207044 0.183591 
-8.78933 1.22356 1.82285 477 0.294144 0.222244 
-7.83655 -0.426699 0.919261 479 0.694863 0.116589 
-8.11594 0.0572182 0.887934 486 0.549315 0.0918311 
-8.80838 1.25656 1.8581 487 0.279577 0.224187 
-9.2531 2.02685 -1.52478 488 0.170245 -0.345192 
-9.11496 1.78758 0.0633076 493 0.201909 -0.086796 
-9.55916 2.55695 -0.634717 496 0.100653 -0.189577 
-9.00888 1.60385 -0.973121 498 0.239604 -0.260968 
