-7 -1.78251 -2.62609 53 -0.508942 -0.249489 
-7 -0.29883 -1.326 55 -0.238968 0.0842637 
-7 -0.441068 2.32778 56 0.680599 0.0511704 
-7 0.46862 -2.98529 58 -0.66253 0.274939 
-7 -1.05185 -1.49538 60 -0.268043 -0.0929058 
-7 -0.184126 -2.39523 62 -0.499013 0.111367 
-7 1.26508 -0.184774 63 0.0419031 0.507217 
-7 -1.45394 1.58819 66 0.466085 -0.188478 
-7 -1.07602 2.04225 70 0.587735 -0.102649 
-7 -1.87164 2.51938 75 0.681737 -0.283078 
-7 0.577231 -1.47952 76 -0.291239 0.308287 
-7 -1.86155 -2.22478 77 -0.418519 -0.267021 
-7 -0.166603 0.216342 87 0.142919 0.118597 
-7 0.312724 -0.335245 92 0.00320318 0.241306 
-7 -1.56958 -3.12031 95 -0.623882 -0.203559 
-7 -1.0576 1.73598 99 0.511554 -0.0979608 
