-5.21737 5.07065 -0.784054 2 0.32131 -0.147197 
-4.28285 5.6102 -0.35009 4 0.0428738 -0.0598973 
-2.36095 6.71981 0.0648834 6 -0.673917 0.0108191 
-3.05032 6.3218 1.27862 8 -0.441042 0.426245 
-4.55705 5.45189 0.173982 17 0.119924 0.0958235 
-3.41844 6.10927 -1.82689 21 -0.211644 -0.489963 
-2.65363 6.55083 1.42287 22 -0.606183 0.472237 
-3.01817 6.34036 -1.63356 23 -0.35277 -0.459541 
-2.57331 6.5972 -0.0115366 25 -0.574651 -0.00847865 
-2.71663 6.51445 0.575812 32 -0.544395 0.181457 
-5.58769 4.85685 -0.0889875 33 0.427596 0.0458316 
-4.90516 5.25091 0.957061 35 0.222404 0.331759 
-3.74583 5.92025 -0.779907 36 -0.130946 -0.195183 
-3.03012 6.33346 -0.976834 38 -0.370673 -0.279352 
-4.01906 5.7625 0.688089 42 -0.0658876 0.241436 
-6.52013 4.31851 -0.668232 44 0.67385 -0.0794631 
-5.48126 4.9183 1.10702 45 0.400769 0.380885 
-5.01404 5.18805 -1.36312 47 0.271301 -0.300273 
-5.40315 4.96339 -0.284863 49 0.375202 -0.0141852 
-3.33545 6.15718 -0.435976 52 -0.270413 -0.110909 
-6.35552 4.41354 0.367926 65 0.636794 0.179686 
-3.74961 5.91807 1.32639 66 -0.176655 0.43676 
-3.617 5.99463 -1.57595 71 -0.155234 -0.411864 
-4.04408 5.74805 -1.06717 77 -0.0210931 -0.258453 
-4.14277 5.69108 0.84443 78 -0.0273907 0.286788 
-3.86191 5.85323 -1.48589 82 -0.0763922 -0.379665 
-4.32489 5.58593 1.53801 86 0.0247044 0.505198 
-4.13014 5.69837 -1.41351 88 0.00765346 -0.352404 
-3.16889 6.25334 -1.4501 90 -0.305677 -0.406019 
-4.96883 5.21415 -1.7676 92 0.253341 -0.39758 
-6.07518 4.57539 0.411442 94 0.565149 0.190308 
-5.96131 4.64114 0.2828 99 0.532994 0.153825 
-5.72779 4.77596 -0.0479517 100 0.46288 0.0583317 
-3.51194 6.05528 0.00121058 101 -0.22696 0.0184028 
-4.97487 5.21066 0.882942 102 0.243629 0.30834 
-5.91646 4.66703 -1.82728 105 0.506984 -0.371989 
-2.27819 6.76759 -0.186085 109 -0.688207 -0.0733964 
-6.45698 4.35497 0.0373591 113 0.657106 0.0930397 
-5.86459 4.69698 1.11578 115 0.507193 0.381874 
-4.62783 5.41102 -0.263344 122 0.145768 -0.0239393 
-5.82616 4.71917 1.05356 123 0.496734 0.362815 
-4.37657 5.55609 0.727218 125 0.0535041 0.255236 
-4.73475 5.34929 -1.6572 126 0.193874 -0.38201 
-6.48824 4.33692 0.602459 130 0.677476 0.24391 
-2.44383 6.67196 -0.385326 131 -0.615338 -0.126607 
-2.20806 6.80808 -1.59639 140 -0.650384 -0.497951 
-6.25679 4.47054 0.905937 144 0.615917 0.323018 
-5.45173 4.93535 -0.474326 153 0.388445 -0.0575233 
-2.79823 6.46735 0.492322 157 -0.51164 0.160138 
-3.75274 5.91626 -1.57757 159 -0.111432 -0.404574 
-2.43306 6.67818 0.0756168 161 -0.635438 0.0168077 
-5.18032 5.09204 -1.54133 165 0.315666 -0.340549 
-5.69185 4.79671 -0.755463 167 0.454188 -0.121324 
-6.08649 4.56887 1.43535 170 0.568736 0.473287 
-5.13805 5.11645 1.50194 175 0.294059 0.494219 
-5.92197 4.66385 1.33939 179 0.529563 0.445065 
-5.55644 4.87489 1.22347 180 0.422343 0.411768 
-5.70558 4.78878 -0.80519 184 0.46137 -0.134526 
-4.00147 5.77265 1.17768 189 -0.0821335 0.39154 
-3.97857 5.78587 -1.48671 197 -0.0429681 -0.372371 
-3.48498 6.07085 0.402763 199 -0.245918 0.143812 
-2.46086 6.66212 1.43715 200 -0.692775 0.477863 
-2.50658 6.63573 -0.864936 203 -0.566682 -0.268618 
-2.60244 6.58039 -0.419929 205 -0.547729 -0.134585 
-4.54546 5.45858 1.2223 207 0.102728 0.407991 
-2.88473 6.41741 -0.980824 212 -0.425924 -0.286254 
-6.59885 4.27306 -1.66716 216 0.679757 -0.309046 
-5.75689 4.75916 -1.40167 219 0.470844 -0.274713 
-4.56488 5.44737 -0.00874334 220 0.123796 0.0460619 
-3.28265 6.18767 0.466932 221 -0.326532 0.157007 
-2.92339 6.39508 1.13342 229 -0.48298 0.372198 
-5.83224 4.71566 -1.67191 237 0.49076 -0.344394 
-2.63039 6.56425 -0.0067306 240 -0.552686 -0.00575233 
-4.83444 5.29174 -0.69456 244 0.215388 -0.141844 
-2.65581 6.54957 -0.244999 247 -0.537189 -0.0763457 
-3.8183 5.87841 -0.432496 250 -0.109032 -0.0960493 
