-7 0.46862 -2.98529 58 0.539758 -0.0467828 
-7 -1.03485 -3.75523 61 0.324625 -0.378148 
-7 0.0943094 -5.21035 64 0.0687043 -0.0939419 
-7 1.11392 -6.02536 65 -0.0307085 0.0886845 
-7 0.886694 -5.35798 67 0.0601688 0.0515173 
-7 1.34911 -4.82912 74 0.153654 0.138501 
-7 0.694743 -5.33965 78 0.0595101 0.0171427 
-7 1.12101 -6.65735 79 -0.109573 0.0871624 
-7 0.821262 -3.48263 80 0.416949 0.0387403 
-7 -1.84392 -6.0007 85 -0.0842215 -0.426438 
-7 -0.295975 -5.19552 90 0.0638368 -0.167593 
-7 1.40697 -4.3308 91 0.244717 0.15543 
-7 0.592834 -6.66606 94 -0.120413 0.00446295 
-7 -1.20087 -3.87679 97 0.294568 -0.409738 
-7 1.52805 -2.92335 98 0.569596 0.206051 
-7 -0.609874 -5.90804 100 -0.0472601 -0.207402 
-5.46333 -1.29075 -7 102 -0.419466 -0.318704 
-4.55559 -0.250499 -7 105 -0.573124 -0.101332 
-5.09885 0.316864 -7 107 -0.439258 0.00728341 
-6.22725 1.4028 -7 110 -0.234201 0.160119 
-5.05591 -0.451909 -7 117 -0.471537 -0.149732 
-6.20015 -0.954561 -7 122 -0.291477 -0.243508 
-6.2831 -0.370457 -7 140 -0.266238 -0.140512 
-5.05277 -1.83336 -7 148 -0.517454 -0.447558 
-6.46998 0.52855 -7 150 -0.221946 0.00811492 
