5.64257 -0.481715 -7 109 488.29 246.388 
6.30632 -1.54879 -7 115 430.983 175.909 
4.50714 -1.04124 -7 119 577.549 169.397 
4.46367 -0.542201 -7 125 592.673 217.676 
6.6867 0.183154 -7 127 429.121 310.286 
6.46481 -1.88245 -7 128 418.341 155.871 
6.08103 -0.977971 -7 134 451.522 213.973 
4.29646 -0.0380129 -7 139 623.182 267.093 
6.59087 -1.1778 -7 141 419.192 208.655 
4.8725 1.3091 -7 142 588.459 413.619 
6.26277 1.2623 -7 143 469.096 397.24 
6.4687 -1.97232 -7 149 417.149 149.669 
7 -0.0623122 -3.31422 152 128.09 322.367 
7 -1.59791 -6.35011 157 359.165 184.373 
7 1.75895 -5.06184 159 307.441 475.34 
7 0.343459 -2.54532 160 30.4718 382.815 
7 0.863395 -4.44339 163 248.058 401.183 
7 -0.724268 -3.10497 165 100.492 252.119 
7 -0.863938 -6.09367 166 351.255 237.387 
7 1.33843 -4.95324 172 294.788 437.041 
7 0.759759 -5.08223 173 299.089 379.832 
7 -0.518283 -3.0968 179 100.407 274.404 
7 0.741437 -4.00824 180 206.784 397.41 
7 -0.563655 -4.89557 181 272.784 263.183 
7 0.831841 -5.58946 182 336.03 378.447 
7 1.69172 -5.79597 183 358.822 450.62 
7 0.0865561 -4.29161 189 228.111 326.827 
7 -1.97934 -4.46413 190 227.127 140.819 
7 0.781169 -6.98961 200 417.826 356.359 
