7.15996 -3.9491 0.231069 501 518.296 310.746 
7.75999 -3.60267 0.808332 502 564.226 372.636 
4.32541 -5.58563 0.848861 506 165.364 348.79 
3.31453 -6.16926 -0.82277 507 29.4564 94.048 
8.36902 -3.25105 -1.59632 512 622.554 164.186 
5.15051 -5.10926 0.655281 515 291.001 334.931 
7.62157 -3.68259 0.309022 516 555.939 325.086 
5.54127 -4.88365 0.584966 517 341.773 331.337 
7.24861 -3.89792 -1.1423 520 533.243 178.377 
6.5432 -4.30518 -1.86519 522 475.364 91.5664 
3.60364 -6.00234 1.48237 523 17.6471 438.782 
4.96491 -5.21641 -0.162781 524 277.687 232.752 
8.29682 -3.29273 -0.961132 526 616.008 216.041 
4.45282 -5.51207 0.330289 528 195.389 283.149 
7.67594 -3.6512 1.18816 529 554.045 412.564 
3.62183 -5.99184 -0.708902 530 82.4516 124.681 
5.78814 -4.74112 0.731293 533 368.752 351.329 
7.01301 -4.03394 -0.97463 534 510.772 190.908 
3.84209 -5.86467 0.762035 537 84.5769 331.94 
6.50511 -4.32718 -1.71048 538 471.195 107.722 
4.08321 -5.72546 -0.0501395 541 145.604 225.073 
7.77252 -3.59544 -0.54676 544 573.348 245.244 
5.8167 -4.72463 -0.692834 547 390.076 193.111 
5.94865 -4.64845 -0.108768 552 399.216 256.363 
4.14699 -5.68864 -0.0739802 553 157.979 223.683 
5.11501 -5.12975 -1.32998 563 315.465 101.654 
5.60572 -4.84644 -1.12497 564 370.031 139.672 
4.17332 -5.67344 0.684667 567 143.876 326.519 
4.23148 -5.63986 1.46124 569 136.021 436.397 
4.08949 -5.72184 0.309736 570 138.825 272.816 
8.06725 -3.42528 1.6113 573 586.294 454.603 
4.78434 -5.32066 -1.81187 575 281.311 37.3389 
7.62174 -3.68249 1.0201 577 552.937 395.427 
5.79079 -4.73959 0.326224 579 375.703 303.992 
6.08574 -4.5693 -0.422393 587 416.098 226.255 
5.95338 -4.64572 1.4698 588 378.12 439.708 
6.59806 -4.27351 1.37278 589 453.187 430.659 
8.43181 -3.2148 -0.531218 590 623.398 255.458 
7.71485 -3.62873 -1.31027 594 573.54 175.336 
8.52047 -3.16361 0.124086 605 627.077 316.04 
4.89471 -5.25694 -0.199595 606 269.806 226.654 
8.58348 -3.12723 -1.98018 608 637.589 136.179 
8.21821 -3.33812 0.87683 609 600.623 383.117 
8.58134 -3.12847 1.5153 614 626.799 444.447 
5.91431 -4.66828 0.963849 617 381.607 380.682 
7.88394 -3.53111 -1.51631 618 587.429 161.64 
8.24406 -3.3232 1.57934 624 601.162 451.325 
5.34694 -4.99584 -0.371774 630 330.018 215.644 
3.2896 -6.18365 -0.831285 632 23.3432 93.2974 
8.37201 -3.24932 -1.42691 633 623.196 178.033 
7.92744 -3.50599 0.853241 634 578.881 378.993 
7.04767 -4.01393 1.30024 635 498.265 420.532 
5.60109 -4.84911 1.5746 636 335.72 452.067 
3.83992 -5.86592 -0.579006 640 115.816 150.979 
4.26955 -5.61788 1.7378 641 135.399 473.983 
6.13888 -4.53862 1.31542 644 405.043 420.42 
6.14497 -4.53511 -1.1835 648 432.069 149.232 
7.74644 -3.6105 0.0375105 649 568.276 299.63 
7.0982 -3.98476 0.68195 653 508.653 355.459 
7.02559 -4.02668 0.448994 659 502.888 333.307 
4.82206 -5.29889 0.859675 662 242.126 360.194 
4.88586 -5.26205 0.975449 663 249.723 373.59 
8.5643 -3.13831 0.571234 665 629.305 356.758 
6.55913 -4.29599 -1.18896 667 471.161 160.412 
4.05549 -5.74146 -0.254187 669 145.742 198.025 
4.78329 -5.32127 0.804293 674 234.577 349.15 
6.39838 -4.3888 1.60708 675 428.791 457.126 
5.20039 -5.08046 -0.0857982 678 308.165 245.724 
4.99407 -5.19958 0.559179 682 272.986 322.503 
3.62073 -5.99248 0.99023 683 36.6736 365.896 
8.52145 -3.16304 1.28747 684 623.084 423.818 
5.70419 -4.78959 -0.684915 686 375.608 190.255 
6.4204 -4.37608 -1.66156 687 462.763 109.639 
7.92479 -3.50752 1.32245 688 575.191 425.463 
8.15199 -3.37635 -0.280505 689 603.469 277.293 
4.226 -5.64302 0.28797 691 160.275 274.193 
8.26763 -3.30959 0.733282 692 605.673 370.107 
3.83179 -5.87062 1.26855 694 68.5728 407.79 
4.82073 -5.29965 -1.08631 698 275.153 119.663 
8.01947 -3.45286 0.702216 699 586.784 364.182 
5.29956 -5.0232 -0.579862 701 327.555 191.561 
7.30395 -3.86597 1.05537 703 524.463 395.512 
6.39348 -4.39163 0.914159 705 436.159 379.298 
7.22497 -3.91156 0.961317 706 518.448 385.276 
4.30182 -5.59925 -1.21577 708 201.846 85.3936 
5.49777 -4.90876 0.072566 709 344.214 272.816 
7.66579 -3.65706 -1.9146 710 571.918 120.609 
6.01108 -4.6124 1.08959 711 390.619 395.832 
8.16644 -3.36801 1.19775 712 595.554 411.439 
8.51548 -3.16649 1.61138 714 620.457 455.268 
6.54292 -4.30535 -1.87458 720 477.597 92.5952 
4.19117 -5.66313 1.67662 721 123.886 468.349 
4.48631 -5.49273 -1.46496 723 234.963 64.956 
5.45807 -4.93168 0.702726 724 329.892 344.836 
6.58729 -4.27973 1.46929 725 450.84 440.728 
3.52361 -6.04855 -0.447866 727 55.7927 154.66 
3.97273 -5.78925 1.60711 728 86.4392 458.035 
5.30402 -5.02063 -1.37929 729 340.836 104.499 
7.50171 -3.75179 -1.28329 731 555.763 174.09 
7.13639 -3.96271 -0.718485 732 521.397 220.04 
5.1391 -5.11584 0.224599 734 294.193 281.504 
6.09889 -4.56171 1.10908 735 403.64 396.086 
7.25901 -3.89191 -1.70188 738 538.64 127.743 
4.48121 -5.49568 0.424736 739 198.246 297.398 
6.72719 -4.19896 0.433244 741 474.82 327.247 
8.61615 -3.10837 -1.12108 742 638.771 208.974 
5.33057 -5.0053 -0.178382 743 326.844 237.615 
3.90444 -5.82868 0.777906 744 94.6482 336.084 
8.54451 -3.14973 -0.0560757 747 629.421 300.183 
7.49302 -3.75681 0.49302 748 543.401 341.625 
