-7 -0.29883 -1.326 55 0.604914 -0.192332 
-7 0.46862 -2.98529 58 0.167771 0.000484985 
-7 -1.05185 -1.49538 60 0.561611 -0.404302 
-7 -1.03485 -3.75523 61 -0.00762806 -0.327926 
-7 -0.184126 -2.39523 62 0.30217 -0.150022 
-7 0.0943094 -5.21035 64 -0.236244 -0.07918 
-7 1.11392 -6.02536 65 -0.32674 0.0918506 
-7 0.886694 -5.35798 67 -0.241517 0.0611254 
-7 1.34911 -4.82912 74 -0.154996 0.147858 
-7 0.577231 -1.47952 76 0.546261 0.0389365 
-7 0.694743 -5.33965 78 -0.242778 0.0280376 
-7 1.12101 -6.65735 79 -0.403924 0.0860343 
-7 0.821262 -3.48263 80 0.0690167 0.0693836 
-7 -1.84392 -6.0007 85 -0.395043 -0.438445 
-7 1.69039 -1.92004 89 0.418104 0.28553 
-7 -0.295975 -5.19552 90 -0.242221 -0.152212 
-7 1.40697 -4.3308 91 -0.0750841 0.166949 
-7 0.592834 -6.66606 94 -0.417495 0.0030645 
-7 -1.56958 -3.12031 95 0.120993 -0.479134 
-7 -1.20087 -3.87679 97 -0.0339831 -0.36289 
-7 1.52805 -2.92335 98 0.187607 0.221367 
-7 -0.609874 -5.90804 100 -0.350952 -0.204433 
-6.22725 1.4028 -7 110 -0.545392 0.167391 
-6.20015 -0.954561 -7 122 -0.627971 -0.254616 
-6.2831 -0.370457 -7 140 -0.592641 -0.14396 
-6.46998 0.52855 -7 150 -0.533578 0.00980031 
