-7 0.46862 -2.98529 58 433.352 237.319 
-7 -1.05185 -1.49538 60 624.649 43.1172 
-7 -1.03485 -3.75523 61 349.819 86.2205 
-7 -0.184126 -2.39523 62 497.787 166.095 
-7 0.0943094 -5.21035 64 243.72 202.869 
-7 1.11392 -6.02536 65 202.521 281.377 
-7 0.886694 -5.35798 67 241.556 267.075 
-7 1.34911 -4.82912 74 281.695 306.529 
-7 0.577231 -1.47952 76 617.065 253.575 
-7 0.694743 -5.33965 78 240.912 251.955 
-7 1.12101 -6.65735 79 167.348 278.973 
-7 0.821262 -3.48263 80 386.501 269.743 
-7 -1.84392 -6.0007 85 170.205 40.2434 
-7 1.69039 -1.92004 89 554.268 370.027 
-7 -0.295975 -5.19552 90 240.826 169.469 
-7 1.40697 -4.3308 91 318.911 315.15 
-7 0.592834 -6.66606 94 161 241.373 
-7 -1.56958 -3.12031 95 410.553 14.1768 
-7 -1.20087 -3.87679 97 337.375 70.335 
-7 1.52805 -2.92335 98 443.03 340.027 
-7 -0.609874 -5.90804 100 190.831 146.512 
-6.22725 1.4028 -7 110 105.777 316.145 
-6.20015 -0.954561 -7 122 67.9693 126.241 
-6.2831 -0.370457 -7 140 83.7491 175.887 
-6.46998 0.52855 -7 150 110.023 244.97 
