-1.97014 0.361326 7 3 0.241475 0.0729784 
-3.49077 1.97493 7 8 -0.131276 0.521086 
-2.93389 0.906698 7 9 -0.0107911 0.235822 
-2.14837 -1.21575 7 10 0.161182 -0.361845 
-4.80195 0.41523 7 21 -0.386256 0.120427 
-3.28746 -0.347612 7 22 -0.103433 -0.0863909 
-5.92999 -1.73451 7 23 -0.544379 -0.283638 
-5.37012 0.037908 7 24 -0.473671 0.0458428 
-5.21106 1.44812 7 29 -0.45328 0.35075 
-5.40598 0.152698 7 30 -0.479248 0.070153 
-2.84657 -0.836733 7 31 -0.00879231 -0.225154 
-3.76175 1.7333 7 32 -0.191314 0.447472 
-2.21352 -0.0799941 7 33 0.162792 -0.0492162 
-5.875 -0.508694 7 36 -0.542282 -0.0546297 
-4.02466 -0.174699 7 39 -0.250763 -0.0252974 
-3.22548 0.288125 7 40 -0.0848126 0.0724788 
-5.59816 -0.619665 7 42 -0.504199 -0.0827183 
-3.26615 1.27581 7 43 -0.085795 0.334297 
-6.33365 0.109205 7 44 -0.604452 0.0721298 
-2.70348 -0.732172 7 47 0.0263893 -0.205323 
-6.25916 0.145289 7 48 -0.595276 0.0782913 
