-7 1.12101 -6.65735 79 599.077 464.771 
-7 0.592834 -6.66606 94 604.366 417.558 
-5.46333 -1.29075 -7 102 512.596 230.104 
-4.55559 -0.250499 -7 105 434.332 316.703 
-2.11042 -0.0563179 -7 106 177.338 307.602 
-5.09885 0.316864 -7 107 465.89 377.452 
-6.22725 1.4028 -7 110 524.331 479.28 
-5.05591 -0.451909 -7 117 474.084 302.423 
-3.07632 -1.96878 -7 120 334.613 98.5357 
-3.56835 0.827876 -7 121 328.553 428.7 
-6.20015 -0.954561 -7 122 551.808 271.078 
-1.05355 -1.5594 -7 126 56.7036 58.3676 
-2.10211 -0.684594 -7 129 192.506 223.114 
-3.11373 -0.303232 -7 130 304.679 292.083 
-1.30535 -1.94469 -7 131 110.63 17.503 
-1.59533 0.795126 -7 132 74.7736 425.332 
-6.2831 -0.370457 -7 140 549.416 322.275 
-5.05277 -1.83336 -7 148 493.491 171.843 
-6.46998 0.52855 -7 150 549.037 401.214 
