-8.26463 0.314754 1.16404 251 -0.57097 0.257477 
-7.46287 -1.07392 -1.59589 252 -0.262434 -0.337388 
-8.41737 0.579321 1.27562 256 -0.622522 0.273607 
-7.4714 -1.05915 0.355818 260 -0.276695 0.11612 
-6.64917 -2.4833 -0.440182 261 0.0978946 -0.0658997 
-7.14741 -1.62032 1.76556 264 -0.144144 0.444407 
-8.62862 0.94521 0.119044 265 -0.686868 0.0323329 
-5.66157 -4.19387 -0.652214 270 0.66412 -0.121638 
-6.94006 -1.97946 1.55981 271 -0.0536519 0.41008 
-5.67473 -4.17108 -1.85136 273 0.66596 -0.463587 
-6.17442 -3.3056 1.44019 275 0.336231 0.436379 
-6.35803 -2.98756 0.146678 278 0.246509 0.0868495 
-6.14897 -3.34967 0.179673 281 0.361175 0.105818 
-6.80803 -2.20814 1.05615 282 0.0132483 0.297894 
-6.90676 -2.03715 -0.996423 283 -0.0177708 -0.204465 
-8.62523 0.939344 -1.18054 287 -0.681988 -0.227199 
-8.12164 0.0670859 0.804812 290 -0.518643 0.187373 
-6.95343 -1.95631 1.29159 291 -0.0566429 0.343736 
-6.93825 -1.9826 -0.53082 295 -0.0410731 -0.0918598 
-6.74023 -2.32557 -0.914689 296 0.0589671 -0.18631 
-8.26682 0.318554 -1.13985 297 -0.560638 -0.221217 
-6.06852 -3.48901 -1.9959 298 0.42451 -0.484285 
-7.01036 -1.8577 1.45833 300 -0.0835069 0.384727 
-7.95776 -0.216756 -0.267516 301 -0.459582 -0.034194 
-8.24121 0.274194 1.30161 302 -0.561788 0.281002 
-6.1528 -3.34303 -1.89329 303 0.375862 -0.451127 
-7.19832 -1.53215 -0.65154 305 -0.154906 -0.119218 
-7.50388 -1.00291 -1.74177 307 -0.278826 -0.366849 
-7.75587 -0.566441 -1.28568 308 -0.376795 -0.256353 
-6.04128 -3.53619 -1.20014 309 0.433438 -0.269707 
-6.64642 -2.48807 1.41126 310 0.091171 0.391755 
-8.641 0.966654 -0.16123 311 -0.691523 -0.0248799 
-6.53509 -2.68089 -1.87527 314 0.168788 -0.4293 
-7.11395 -1.67828 -0.473701 317 -0.11661 -0.0788094 
-6.44508 -2.83679 -1.6951 321 0.213995 -0.392445 
-7.51344 -0.986333 -0.814325 323 -0.285833 -0.15521 
-7.53876 -0.942491 0.491179 328 -0.305047 0.135142 
-5.70343 -4.12137 0.704539 329 0.620168 0.264146 
-7.72464 -0.62053 -0.0248013 332 -0.374766 0.0174167 
-7.68847 -0.683171 1.35649 337 -0.363015 0.320284 
-7.95987 -0.213096 0.306596 339 -0.460943 0.0828735 
-8.52917 0.772963 -1.76171 342 -0.647645 -0.343244 
-6.83154 -2.16742 0.486301 345 0.00384963 0.156441 
-7.96405 -0.205854 1.31542 346 -0.465549 0.303415 
-8.12381 0.0708475 -1.49958 347 -0.513506 -0.299118 
-8.00123 -0.141456 -0.325795 349 -0.473875 -0.0484301 
-7.28977 -1.37375 -1.87683 352 -0.187396 -0.404254 
-7.45408 -1.08915 -1.1234 354 -0.261419 -0.229381 
-7.13206 -1.6469 0.386525 358 -0.130633 0.124524 
-7.24008 -1.45982 0.239176 360 -0.179485 0.0896392 
-8.26227 0.31067 0.618929 366 -0.568098 0.14086 
-6.57086 -2.61894 0.112404 367 0.132727 0.0733418 
-6.73207 -2.33972 -0.455992 369 0.0587597 -0.0750817 
-6.90193 -2.0455 0.150108 371 -0.0271839 0.0729498 
-7.92892 -0.2667 1.10434 372 -0.454747 0.256584 
-6.32726 -3.04087 -1.31425 373 0.271275 -0.291879 
-8.43087 0.60269 -0.733047 375 -0.622504 -0.132212 
-8.19099 0.187209 -1.2445 378 -0.540279 -0.243385 
-7.6338 -0.777869 -0.0587155 380 -0.338288 0.0148421 
-6.69448 -2.40482 0.483031 384 0.067742 0.167178 
-5.96156 -3.67428 1.39164 385 0.456603 0.435881 
-8.12127 0.0664484 1.25361 388 -0.522094 0.281786 
-6.74479 -2.31769 0.740399 393 0.0442173 0.224616 
-7.37732 -1.22211 -1.65372 397 -0.224023 -0.350907 
-5.6307 -4.24734 -0.845678 398 0.681996 -0.174904 
-8.52092 0.758672 -1.7528 399 -0.648008 -0.346326 
-6.97577 -1.91761 -0.4901 401 -0.0563705 -0.0831178 
-7.81782 -0.459131 0.076778 403 -0.410262 0.0352958 
-7.52277 -0.970174 1.1088 406 -0.296642 0.277338 
-6.46686 -2.79907 -0.256321 409 0.191633 -0.021291 
-7.63883 -0.769162 -0.119058 410 -0.337143 -0.00233055 
-6.97717 -1.91519 1.81959 414 -0.0701885 0.472228 
-7.3798 -1.21781 -1.93698 415 -0.222632 -0.417882 
-8.21371 0.226557 -0.790225 417 -0.545776 -0.149055 
-7.84199 -0.417283 -1.30465 420 -0.410412 -0.263979 
-5.68549 -4.15243 -1.43883 421 0.655852 -0.345422 
-7.91669 -0.287895 -0.0147918 423 -0.444842 0.0198056 
-6.09064 -3.4507 -1.01841 424 0.400378 -0.216477 
-6.00176 -3.60464 0.426871 430 0.443273 0.174129 
-5.71018 -4.10968 -1.61545 434 0.641403 -0.393621 
-6.84225 -2.14887 1.74644 436 -0.00655918 0.465331 
-8.05966 -0.0402563 -0.2345 439 -0.493757 -0.0272191 
-6.44049 -2.84475 -0.804824 441 0.205518 -0.160857 
-6.48803 -2.7624 0.108587 442 0.177606 0.0708514 
-5.69392 -4.13784 -0.92901 443 0.64296 -0.19536 
-6.23335 -3.20352 -1.64394 444 0.32669 -0.38733 
-7.28007 -1.39054 -0.1606 450 -0.192677 -0.00246249 
-6.50928 -2.7256 -0.0902829 452 0.166947 0.025056 
-8.18295 0.173293 -0.148578 455 -0.537924 -0.0145183 
-8.15687 0.12812 0.541817 457 -0.531814 0.128822 
-6.03331 -3.55 -0.591601 458 0.435589 -0.106094 
-7.48055 -1.0433 0.202815 459 -0.2813 0.0720155 
-8.06618 -0.0289635 1.04644 461 -0.502565 0.239117 
-6.65278 -2.47704 -0.576839 463 0.0993087 -0.0999128 
-5.68074 -4.16068 0.111245 466 0.643202 0.0964912 
-7.42117 -1.14615 0.204588 467 -0.252912 0.0726775 
-5.94183 -3.70845 -0.699449 468 0.490109 -0.129799 
-5.88723 -3.80302 -0.421933 473 0.518424 -0.0576495 
-7.72533 -0.619337 0.904189 476 -0.375794 0.223496 
-7.83655 -0.426699 0.919261 479 -0.416713 0.221725 
-7.18002 -1.56384 -1.73226 481 -0.143935 -0.37578 
-7.03065 -1.82256 -1.92608 482 -0.0746152 -0.426606 
-6.7498 -2.309 -0.746357 485 0.0550557 -0.141597 
-8.11594 0.0572182 0.887934 486 -0.518921 0.204481 
-5.72951 -4.0762 -0.498216 489 0.614524 -0.0726257 
