-7 -1.78251 -2.62609 53 -0.197539 -0.462361 
-7 -0.29883 -1.326 55 0.0869437 -0.133909 
-7 0.46862 -2.98529 58 -0.291223 0.042917 
-7 -1.05185 -1.49538 60 0.0504571 -0.312475 
-7 -1.03485 -3.75523 61 -0.431333 -0.285472 
-7 -0.184126 -2.39523 62 -0.16006 -0.104752 
-7 1.26508 -0.184774 63 0.376713 0.270585 
-7 1.34911 -4.82912 74 -0.654472 0.218486 
-7 0.577231 -1.47952 76 0.0450101 0.0785515 
-7 -1.86155 -2.22478 77 -0.110604 -0.487347 
-7 0.821262 -3.48263 80 -0.395694 0.118525 
-7 -0.166603 0.216342 87 0.492036 -0.103871 
-7 1.69039 -1.92004 89 -0.0663195 0.344285 
-7 1.40697 -4.3308 91 -0.564698 0.237556 
-7 0.312724 -0.335245 92 0.33801 0.0197235 
-7 -1.56958 -3.12031 95 -0.301427 -0.407792 
-7 -1.20087 -3.87679 97 -0.452921 -0.319419 
-7 1.52805 -2.92335 98 -0.287445 0.286543 
