-7 0.21307 2.3409 51 0.607491 0.283892 
-7 -1.78251 -2.62609 53 -0.611359 -0.198357 
-7 -0.29883 -1.326 55 -0.334275 0.149937 
-7 -0.441068 2.32778 56 0.582189 0.114065 
-7 -1.05185 -1.49538 60 -0.36176 -0.0337574 
-7 -0.184126 -2.39523 62 -0.607712 0.179283 
-7 -1.45394 1.58819 66 0.376107 -0.125898 
-7 -1.07602 2.04225 70 0.493418 -0.0394082 
-7 -1.87164 2.51938 75 0.583831 -0.21759 
-7 0.577231 -1.47952 76 -0.392161 0.38409 
-7 -1.86155 -2.22478 77 -0.51583 -0.215421 
-7 -1.9255 2.82609 83 0.653102 -0.229128 
-7 -0.166603 0.216342 87 0.0549438 0.183799 
-7 0.312724 -0.335245 92 -0.0875012 0.310892 
-7 -1.0576 1.73598 99 0.419835 -0.0351013 
