-1.69835 7.10236 -1.49702 1 616.47 48.876 
1.50492 8.95177 -1.01173 5 234.356 228.274 
-0.0798114 8.03682 -1.36918 7 371.647 149.803 
2.56137 9.56171 -1.26435 9 162.499 226.032 
-1.18389 7.39938 -0.935763 10 537.383 157.297 
-0.178643 7.97976 0.508014 11 422.42 361.03 
0.882168 8.59222 -0.707979 12 286.465 243.247 
0.899845 8.60243 -1.45278 14 274.393 171.672 
-0.882633 7.57332 -1.15265 15 482.309 142.462 
0.308716 8.26114 -0.602419 18 345.899 242.467 
-0.834292 7.60122 -0.745649 20 486.331 196.683 
1.53151 8.96712 0.925447 27 256.126 404.762 
1.89409 9.17646 -0.898766 30 207.817 243.681 
1.20489 8.77855 1.35968 34 290.484 451.016 
0.643979 8.45471 0.172026 37 323.143 328.846 
1.0009 8.66077 1.01151 39 301.658 415.789 
1.35417 8.86473 -1.19204 41 240.868 207.322 
2.2299 9.37034 -1.63427 48 177.029 188.833 
-0.421209 7.83972 -1.17149 54 418.456 159.005 
-1.24468 7.36429 0.57792 55 587.28 366.512 
-0.449959 7.82312 -0.349133 56 437.269 255.333 
1.11916 8.72905 0.11871 59 279.743 327.062 
2.502 9.52743 1.21213 60 190.734 424.58 
0.976565 8.64672 0.659001 63 299.654 378.981 
2.48091 9.51526 -1.52748 64 161.786 205.969 
-1.42581 7.25971 0.982136 67 637.725 427.982 
1.84359 9.1473 -0.734752 70 211.639 257.347 
2.0992 9.29488 1.12901 72 217.578 420.203 
2.43447 9.48845 -1.27169 74 168.527 223.568 
0.772201 8.52873 0.816256 76 321.956 396.597 
2.20527 9.35612 0.861552 89 206.451 395.676 
0.17216 8.1823 0.981234 106 386.847 416.051 
-1.22592 7.37512 0.548265 107 585.734 363.97 
-0.30588 7.9063 0.0837691 108 427.651 310.395 
1.53832 8.97105 -0.336704 110 239.592 287.758 
-0.383025 7.86176 0.22409 112 442.82 327.851 
1.39446 8.888 1.03195 114 267.43 415.512 
-0.803108 7.61923 -0.814071 117 478.411 188.297 
-0.964105 7.52628 0.885878 120 546.397 408.324 
1.68572 9.05615 0.970133 121 244.046 409.01 
0.0926466 8.13639 -1.10015 128 356.497 184.801 
-1.20685 7.38613 1.22507 129 599.464 461.324 
1.04442 8.6859 0.452906 133 292.343 360.035 
-1.33285 7.31338 0.696058 135 612.326 384.159 
-0.621084 7.72432 1.104 141 496.682 436.584 
2.0713 9.27877 -0.869126 143 195.654 250.161 
2.40916 9.47383 1.43867 146 198.084 446.271 
-0.582336 7.74669 0.181318 147 468.319 317.225 
-0.447254 7.82468 0.726916 148 463.958 388.931 
-1.07075 7.46471 -0.23607 149 535.483 255.573 
-0.106953 8.02115 -0.188349 150 397.404 278.66 
2.34296 9.43561 0.313575 151 191.901 350.37 
1.8128 9.12952 -1.61907 155 204.174 181.401 
-1.34908 7.30401 -1.57982 156 548.308 63.8493 
1.66029 9.04147 -0.791988 162 223.15 249.699 
1.18573 8.76749 -1.30616 163 252.991 195.627 
-0.717429 7.6687 0.357392 164 494.349 341.447 
0.0695622 8.12307 1.38063 169 408.391 463.349 
0.827608 8.56072 -0.196826 177 300.257 292.563 
0.817645 8.55497 1.17423 181 320.857 432.08 
-1.43641 7.25359 -1.07042 183 577.598 127.172 
-0.0741699 8.04008 -1.61407 185 367.747 123.221 
-0.509556 7.78871 -1.73933 187 416.482 88.8997 
1.11154 8.72465 -0.22035 188 274.729 294.308 
-1.12203 7.4351 -0.763709 191 529.495 183.041 
-0.560641 7.75922 -0.484044 192 448.971 236.684 
-1.58921 7.16537 -1.2695 193 601.612 89.6644 
1.01143 8.66685 -1.03298 194 270.248 216.098 
-1.18082 7.40116 -1.11678 196 530.971 134.015 
1.63059 9.02433 -0.54542 202 229.909 270.529 
-1.65507 7.12735 -1.39271 204 610.847 68.0298 
0.530427 8.38915 0.212413 206 335.925 331.977 
-0.0829147 8.03503 0.967789 213 418.446 413.749 
-1.32904 7.31558 0.826885 214 613.034 404.661 
0.498224 8.37055 -0.257251 218 328.501 281.512 
-1.18272 7.40006 -0.335728 222 552.86 240.928 
-1.58155 7.1698 -0.998108 227 607.874 128.614 
0.842776 8.56948 1.16326 230 321.783 432.977 
2.3848 9.45977 -0.140995 231 183.608 313.899 
1.20088 8.77623 0.396294 235 275.616 354.272 
-0.177513 7.98042 -1.74127 236 377.149 104.666 
-0.477256 7.80736 0.692004 238 467.182 381.181 
2.1672 9.33414 0.137181 241 200.578 334.349 
2.5324 9.54499 -0.521146 243 170.421 283.413 
0.34969 8.2848 -0.208161 246 347.665 285.7 
2.29158 9.40595 0.467399 249 197.369 363.328 
2.79672 9.15593 1.45335 762 157.261 463.397 
3.17581 8.49933 -0.450529 776 68.7438 305.688 
2.96438 8.86554 -0.466828 778 108.302 297.145 
2.91765 8.94648 -1.66232 783 103.767 192.519 
2.7584 9.22231 -0.310632 792 144.558 305.992 
2.74211 9.25053 -1.73828 813 131.068 185.775 
2.75988 9.21974 0.955628 841 156.503 414.237 
3.12713 8.58365 0.949699 846 93.576 440.425 
3.11682 8.6015 1.29664 853 102.493 473.086 
3.21408 8.43306 1.15774 858 79.2611 468.37 
3.27878 8.32099 -1.03834 860 41.6426 248.158 
2.83011 9.0981 -0.827008 869 127.146 261.802 
2.74336 9.24836 0.533191 877 153.762 377.688 
3.15471 8.53588 -0.806247 915 71.516 269.098 
3.37491 8.15449 -1.18787 917 20.0289 233.22 
3.15548 8.53455 -1.95746 923 55.6422 161.799 
2.665 9.38408 0.586617 924 166.27 378.39 
3.45706 8.01219 0.602811 925 20.2417 427.646 
3.20202 8.45395 0.188458 931 72.7196 368.219 
2.78152 9.18227 -1.96749 936 120.005 166.634 
3.02515 8.76029 0.646829 955 110.127 403.184 
2.99518 8.81219 -1.02389 956 95.6919 248.874 
2.88729 8.99907 -0.922446 958 115.233 257.484 
2.80084 9.14881 -0.0563065 974 139.907 330.638 
2.74799 9.24035 0.800252 981 155.29 401.178 
