5.64257 -0.481715 -7 109 -0.0695163 -0.156482 
2.26927 0.767181 -7 111 0.654778 0.215216 
2.74139 -0.240151 -7 113 0.525689 -0.0912048 
6.30632 -1.54879 -7 115 -0.152154 -0.347663 
4.50714 -1.04124 -7 119 0.113571 -0.281926 
2.98659 0.138239 -7 123 0.444559 0.00811051 
4.46367 -0.542201 -7 125 0.117457 -0.17103 
6.6867 0.183154 -7 127 -0.196132 -0.0449672 
6.46481 -1.88245 -7 128 -0.170577 -0.404815 
3.77354 -0.887468 -7 133 0.262484 -0.258491 
6.08103 -0.977971 -7 134 -0.125437 -0.246476 
3.34213 1.4046 -7 137 0.329928 0.305281 
4.29646 -0.0380129 -7 139 0.144331 -0.0590169 
6.59087 -1.1778 -7 141 -0.185327 -0.276019 
4.8725 1.3091 -7 142 0.0353403 0.200568 
6.26277 1.2623 -7 143 -0.150118 0.141241 
6.4687 -1.97232 -7 149 -0.170967 -0.42117 
7 -1.59791 -6.35011 157 -0.324311 -0.363436 
7 1.75895 -5.06184 159 -0.544324 0.283428 
7 -0.863938 -6.09367 166 -0.364074 -0.233528 
7 1.33843 -4.95324 172 -0.571504 0.206648 
7 0.759759 -5.08223 173 -0.54818 0.0853541 
7 -0.563655 -4.89557 181 -0.603204 -0.193498 
7 0.831841 -5.58946 182 -0.445735 0.0851818 
7 1.69172 -5.79597 183 -0.404686 0.232795 
7 0.781169 -6.98961 200 -0.229489 0.0460853 
