-1.97014 0.361326 7 3 0.35356 0.064412 
-2.93389 0.906698 7 9 0.104269 0.242895 
-2.14837 -1.21575 7 10 0.238717 -0.363606 
-4.80195 0.41523 7 21 -0.280408 0.149956 
-3.28746 -0.347612 7 22 -0.0117448 -0.0713262 
-5.92999 -1.73451 7 23 -0.458738 -0.23132 
-5.37012 0.037908 7 24 -0.370694 0.0823563 
-5.21106 1.44812 7 29 -0.33227 0.379588 
-5.40598 0.152698 7 30 -0.374679 0.106361 
-2.84657 -0.836733 7 31 0.0746174 -0.215011 
-3.76175 1.7333 7 32 -0.0649778 0.463429 
-2.21352 -0.0799941 7 33 0.262793 -0.052912 
-5.875 -0.508694 7 36 -0.443352 -0.0107873 
-4.02466 -0.174699 7 39 -0.155358 -0.00129486 
-3.22548 0.288125 7 40 0.0177283 0.084533 
-5.59816 -0.619665 7 42 -0.408079 -0.0404761 
-3.26615 1.27581 7 43 0.0344527 0.345338 
-6.33365 0.109205 7 44 -0.496073 0.115751 
-2.70348 -0.732172 7 47 0.111742 -0.198118 
-6.25916 0.145289 7 48 -0.486859 0.121176 
-7 1.61955 6.53315 73 -0.655544 0.429785 
