5.64257 -0.481715 -7 109 436.832 250.196 
6.30632 -1.54879 -7 115 384.283 175.375 
4.50714 -1.04124 -7 119 522.715 180.393 
4.46367 -0.542201 -7 125 534.687 229.262 
6.6867 0.183154 -7 127 379.522 309.166 
6.46481 -1.88245 -7 128 372.552 153.954 
3.77354 -0.887468 -7 133 606.617 177.48 
6.08103 -0.977971 -7 134 402.993 215.314 
4.29646 -0.0380129 -7 139 560.374 279.447 
6.59087 -1.1778 -7 141 372.252 207.55 
4.8725 1.3091 -7 142 522.987 416.716 
6.26277 1.2623 -7 143 414.805 395.419 
6.4687 -1.97232 -7 149 371.533 147.515 
7 -0.0623122 -3.31422 152 62.5141 334.075 
7 -1.59791 -6.35011 157 312.384 181.793 
7 1.75895 -5.06184 159 253.428 476.93 
7 0.863395 -4.44339 163 192.506 407.733 
7 -0.724268 -3.10497 165 30.764 261.235 
7 -0.863938 -6.09367 166 302.974 236.725 
7 1.33843 -4.95324 172 240.946 440.304 
7 0.759759 -5.08223 173 246.203 383.288 
7 -0.518283 -3.0968 179 30.9598 284.949 
7 0.741437 -4.00824 180 148.638 406.539 
7 -0.563655 -4.89557 181 220.018 266.111 
7 0.831841 -5.58946 182 284.398 379.773 
7 1.69172 -5.79597 183 306.162 449.239 
7 0.0865561 -4.29161 189 171.758 333.562 
7 -1.97934 -4.46413 190 171.656 138.524 
7 0.781169 -6.98961 200 367.877 353.448 
