-2.93389 0.906698 7 9 525.585 396.368 
-2.14837 -1.21575 7 10 576.352 100.716 
-4.80195 0.41523 7 21 326.259 347.158 
-3.28746 -0.347612 7 22 451.412 246.7 
-5.92999 -1.73451 7 23 226.338 176.973 
-5.37012 0.037908 7 24 280.691 316.114 
-5.21106 1.44812 7 29 311.375 447.936 
-5.40598 0.152698 7 30 279.869 326.716 
-2.84657 -0.836733 7 31 491.369 177.266 
-2.21352 -0.0799941 7 33 602.123 254.981 
-5.875 -0.508694 7 36 243.093 274.59 
-4.02466 -0.174699 7 39 380.999 279.41 
-3.22548 0.288125 7 40 473.193 320.331 
-5.59816 -0.619665 7 42 258.002 261.473 
-3.26615 1.27581 7 43 492.409 442.688 
-6.33365 0.109205 7 44 224.752 329.687 
-2.70348 -0.732172 7 47 512.159 184.95 
-6.25916 0.145289 7 48 229.134 332.135 
-7 0.78654 5.75191 68 104.636 414.922 
-7 -0.14175 5.47309 72 70.1674 333.499 
-7 1.61955 6.53315 73 175.2 466.272 
-7 0.883221 6.2108 82 143.953 411.509 
-7 1.46933 5.82185 93 117.367 477.576 
-7 -0.576654 5.65743 96 83.7726 291.412 
