-7 0.46862 -2.98529 58 0.560535 -0.0479042 
-7 -1.03485 -3.75523 61 0.342495 -0.37927 
-7 0.0943094 -5.21035 64 0.0841379 -0.0933137 
-7 1.11392 -6.02536 65 -0.0165071 0.0902656 
-7 0.886694 -5.35798 67 0.0750931 0.0526801 
-7 1.34911 -4.82912 74 0.169158 0.139972 
-7 0.694743 -5.33965 78 0.0745382 0.0181538 
-7 1.12101 -6.65735 79 -0.0957458 0.088934 
-7 0.821262 -3.48263 80 0.435854 0.0387577 
-7 -1.84392 -6.0007 85 -0.0679667 -0.424237 
-7 -0.295975 -5.19552 90 0.07947 -0.167043 
-7 1.40697 -4.3308 91 0.261213 0.156868 
-7 0.592834 -6.66606 94 -0.106223 0.00603356 
-7 -1.20087 -3.87679 97 0.312209 -0.410596 
-7 1.52805 -2.92335 98 0.591336 0.207559 
-7 -0.609874 -5.90804 100 -0.031914 -0.206234 
-5.46333 -1.29075 -7 102 -0.401012 -0.318214 
-4.55559 -0.250499 -7 105 -0.554177 -0.103906 
-5.09885 0.316864 -7 107 -0.422785 0.00574436 
-6.22725 1.4028 -7 110 -0.220355 0.161048 
-5.05591 -0.451909 -7 117 -0.453573 -0.150968 
-6.20015 -0.954561 -7 122 -0.275043 -0.242401 
-6.2831 -0.370457 -7 140 -0.250612 -0.139681 
-5.05277 -1.83336 -7 148 -0.496609 -0.446555 
-6.46998 0.52855 -7 150 -0.207439 0.00908136 
