1.69792 -0.977731 -7 104 -0.000966012 -0.145905 
2.77254 -1.94854 -7 108 -0.267404 -0.402431 
2.26927 0.767181 -7 111 -0.194435 0.370658 
2.74139 -0.240151 -7 113 -0.296093 0.061554 
4.50714 -1.04124 -7 119 -0.663565 -0.155346 
2.98659 0.138239 -7 123 -0.364982 0.16422 
0.474792 -0.485198 -7 124 0.388845 0.0146114 
4.46367 -0.542201 -7 125 -0.668445 -0.0336205 
3.77354 -0.887468 -7 133 -0.518878 -0.118378 
1.03314 -1.58354 -7 136 0.209885 -0.334388 
3.34213 1.4046 -7 137 -0.480921 0.514864 
0.97797 0.750031 -7 138 0.199774 0.420842 
4.29646 -0.0380129 -7 139 -0.649002 0.0943319 
1.9715 1.13953 -7 144 -0.118295 0.501148 
1.45576 0.553777 -7 145 0.0470273 0.334479 
0.206379 -1.0164 -7 147 0.490906 -0.163262 
