-1.97014 0.361326 7 3 392.141 284.628 
-2.93389 0.906698 7 9 273.835 352.337 
-2.14837 -1.21575 7 10 368.252 80.3732 
-0.578608 0.00250695 7 11 612.481 228.272 
-0.39693 -1.00404 7 12 637.915 67.3829 
-4.80195 0.41523 7 21 103.48 287.871 
-3.28746 -0.347612 7 22 239.888 199.931 
-5.92999 -1.73451 7 23 38.1485 90.9006 
-5.37012 0.037908 7 24 64.1434 250.063 
-5.21106 1.44812 7 29 66.7275 393.728 
-5.40598 0.152698 7 30 60.9545 261.36 
-2.84657 -0.836733 7 31 287.009 138.204 
-3.76175 1.7333 7 32 185.926 445.152 
-2.21352 -0.0799941 7 33 360.207 225.885 
-5.875 -0.508694 7 36 33.9611 200.24 
-4.02466 -0.174699 7 39 170.205 223.726 
-3.22548 0.288125 7 40 244.312 274.606 
-5.59816 -0.619665 7 42 52.6628 188.189 
-3.26615 1.27581 7 43 237.095 395.694 
-6.33365 0.109205 7 44 1.58228 258.362 
-2.70348 -0.732172 7 47 302.569 148.723 
-6.25916 0.145289 7 48 5.81314 261.57 
