-1.97014 0.361326 7 3 -0.0174606 0.161202 
-2.93389 0.906698 7 9 -0.284432 0.276302 
-2.14837 -1.21575 7 10 -0.0176031 -0.30058 
-0.578608 0.00250695 7 11 0.443671 0.102585 
-0.39693 -1.00404 7 12 0.540112 -0.234963 
-4.80195 0.41523 7 21 -0.650096 0.0833351 
-3.28746 -0.347612 7 22 -0.325065 -0.0733682 
-2.84657 -0.836733 7 31 -0.207478 -0.197811 
-3.76175 1.7333 7 32 -0.495425 0.456592 
-2.21352 -0.0799941 7 33 -0.0704798 0.0230433 
-4.02466 -0.174699 7 39 -0.485728 -0.0420332 
-3.22548 0.288125 7 40 -0.33166 0.0961563 
-3.26615 1.27581 7 43 -0.373347 0.361421 
-2.70348 -0.732172 7 47 -0.175977 -0.168501 
