1.69792 -0.977731 -7 104 0.169861 -0.286402 
5.64257 -0.481715 -7 109 -0.689054 -0.192388 
2.26927 0.767181 -7 111 -0.0565195 0.209014 
2.74139 -0.240151 -7 113 -0.139623 -0.0907799 
4.50714 -1.04124 -7 119 -0.482845 -0.309918 
2.98659 0.138239 -7 123 -0.211656 0.00484211 
0.474792 -0.485198 -7 124 0.57079 -0.112246 
4.46367 -0.542201 -7 125 -0.491547 -0.193876 
3.77354 -0.887468 -7 133 -0.34705 -0.271182 
1.03314 -1.58354 -7 136 0.406879 -0.475997 
3.34213 1.4046 -7 137 -0.336982 0.325318 
0.97797 0.750031 -7 138 0.336671 0.28106 
4.29646 -0.0380129 -7 139 -0.477779 -0.0725037 
4.8725 1.3091 -7 142 -0.624832 0.224916 
1.9715 1.13953 -7 144 0.0107612 0.336471 
1.45576 0.553777 -7 145 0.186363 0.188447 
