-5.21737 5.07065 -0.784054 2 167.352 118.956 
-6.30704 4.44153 1.88748 3 333.179 378.391 
-4.28285 5.6102 -0.35009 4 22.0717 188.531 
-7.32861 3.85173 1.20236 16 416.571 289.223 
-4.55705 5.45189 0.173982 17 87.1699 254.015 
-8.8069 2.99824 -0.956076 24 515.746 84.9503 
-8.89169 2.94928 -0.604829 26 520.539 116.153 
-7.27042 3.88532 -0.762006 28 400.194 109.371 
-5.58769 4.85685 -0.0889875 33 229.524 198.231 
-4.90516 5.25091 0.957061 35 157.512 336.58 
-9.15905 2.79493 1.33263 40 540.429 262.32 
-4.01906 5.7625 0.688089 42 5.24196 337.938 
-6.52013 4.31851 -0.668232 44 328.843 123.472 
-5.48126 4.9183 1.10702 45 235.539 331.943 
-8.69401 3.06342 -0.315471 46 511.545 141.072 
-5.01404 5.18805 -1.36312 47 123.365 42.7527 
-5.40315 4.96339 -0.284863 49 201.269 180.146 
-9.17118 2.78792 0.352843 50 538.93 188.411 
-6.99514 4.04426 0.162238 53 382.874 201.811 
-7.12929 3.9668 -0.413303 57 390.123 144.989 
-7.76282 3.60104 -1.23079 58 439.003 60.3636 
-9.06868 2.8471 0.616604 61 535.567 211.289 
-4.59121 5.43217 1.87801 62 131.364 451.855 
-6.35552 4.41354 0.367926 65 324.414 233.415 
-8.32689 3.27537 0.102633 68 486.378 180.036 
-9.53193 2.57964 -0.151691 69 557.691 147.809 
-6.73615 4.19379 -0.772225 73 349.227 110.412 
-4.14277 5.69108 0.84443 78 33.4499 354.003 
-8.43422 3.2134 0.143156 79 496.029 179.147 
-7.01524 4.03265 0.767731 80 389.387 256.583 
-6.84889 4.1287 -1.69131 81 353.438 10.3733 
-8.57211 3.13379 0.696853 83 502.759 224.339 
-4.32489 5.58593 1.53801 86 81.9972 427.812 
-9.48597 2.60618 0.402373 91 556.366 189.286 
-7.84704 3.55241 -1.4571 93 445.411 41.8697 
-6.07518 4.57539 0.411442 94 295.757 241.781 
-6.7471 4.18746 0.728183 95 365.248 259.466 
-6.83682 4.13566 0.932129 96 375.149 276.151 
-8.21684 3.33891 0.855065 98 480.086 242.251 
-5.96131 4.64114 0.2828 99 279.563 231.654 
-5.72779 4.77596 -0.0479517 100 250.907 199.31 
-4.97487 5.21066 0.882942 102 164.225 322.976 
-8.30606 3.2874 -0.374033 103 482.74 137.752 
-6.83515 4.13663 0.928504 104 373.878 274.862 
-9.49264 2.60233 0.71894 111 557.929 213.387 
-6.45698 4.35497 0.0373591 113 329.595 198.71 
-5.86459 4.69698 1.11578 115 279.38 321.648 
-4.62783 5.41102 -0.263344 122 86.9207 195.097 
-5.82616 4.71917 1.05356 123 275.381 312.208 
-7.76272 3.6011 -1.33649 124 437.417 52.7032 
-4.37657 5.55609 0.727218 125 71.4558 329.295 
-9.4138 2.64784 -0.749638 127 553.172 102.777 
-6.48824 4.33692 0.602459 130 338.063 254.678 
-9.10665 2.82518 -0.067222 132 534.647 157.222 
-8.31486 3.28232 -0.998132 134 478.729 85.5454 
-7.54306 3.72791 -0.636474 136 422.431 119.532 
-8.32648 3.27561 -0.916176 137 483.879 90.7279 
-7.75055 3.60812 0.607921 138 446.815 229.61 
-8.89144 2.94943 -0.995818 139 519.677 82.1033 
-8.50915 3.17015 -1.43562 142 494.038 43.8081 
-6.25679 4.47054 0.905937 144 319.099 288.378 
-8.55092 3.14603 -1.2267 145 497.668 63.3917 
-9.27136 2.73008 -1.79969 152 542.867 14.7603 
-5.45173 4.93535 -0.474326 153 209.156 154.662 
-7.61388 3.68703 -1.43304 154 424.692 41.8278 
-8.81769 2.99201 -0.933105 158 515.793 88.2887 
-5.18032 5.09204 -1.54133 165 148.186 18.7335 
-5.69185 4.79671 -0.755463 167 232.893 117.517 
-6.08649 4.56887 1.43535 170 308.53 343.615 
-6.68884 4.2211 0.597207 171 357.492 245.792 
-7.21392 3.91795 1.54448 173 410.412 320.719 
-7.83448 3.55966 -0.735079 174 449.264 109.773 
-5.13805 5.11645 1.50194 175 199.286 384.632 
-9.09008 2.83474 -1.5709 176 530.125 33.4611 
-6.73975 4.1917 -1.74479 178 342.425 5.58899 
-5.92197 4.66385 1.33939 179 290.972 339.606 
-5.55644 4.87489 1.22347 180 245.671 339.956 
-5.92731 4.66077 1.73781 182 295.369 376.526 
-5.70558 4.78878 -0.80519 184 234.824 113.401 
-7.69247 3.64165 -1.44056 186 432.014 41.7979 
-4.00147 5.77265 1.17768 189 16.5557 402.021 
-6.79289 4.16102 0.492295 190 368.346 236.03 
-8.58962 3.12368 -0.807997 201 501.953 99.538 
-4.54546 5.45858 1.2223 207 109.898 378.418 
-9.31972 2.70216 0.881481 208 547.811 226.609 
-6.12407 4.54717 1.70161 211 313.504 368.767 
-4.20889 5.6529 1.89089 215 71.3896 474.568 
-6.59885 4.27306 -1.66716 216 327.017 14.4132 
-5.75689 4.75916 -1.40167 219 230.618 41.0105 
-4.56488 5.44737 -0.00874334 220 81.3534 229.424 
-7.86451 3.54233 1.45463 223 460.285 297.192 
-7.66224 3.65911 -1.56845 226 430.014 28.5052 
-7.55688 3.71994 1.11487 232 435.088 275.203 
-6.86074 4.12186 0.00652214 233 369.414 189.624 
-8.6765 3.07352 1.96596 234 512.613 318.303 
-5.83224 4.71566 -1.67191 237 235.827 5.75986 
-7.02658 4.02611 -1.06432 239 376.353 78.3101 
-8.03402 3.44446 -0.562411 242 461.823 123.394 
-4.83444 5.29174 -0.69456 244 111.416 135.914 
-8.14068 3.38288 -0.0878003 245 472.765 163.988 
-6.54441 4.30449 1.25315 248 351.45 314.231 
-9.1587 1.86333 -0.988996 253 627.26 69.1194 
-9.52122 2.49124 -1.0717 257 565.195 74.6253 
-9.30328 2.11375 1.73712 262 601.187 291.276 
-9.13681 1.82542 0.452008 276 626.648 194.383 
-9.31057 2.12638 -0.0551822 313 600.856 152.508 
-9.37546 2.23878 -1.18001 383 589.471 60.9502 
-9.14202 1.83445 -1.39071 391 629.548 30.1212 
-9.48121 2.42194 -1.26659 396 572.715 54.2724 
-9.44529 2.35972 -1.11888 402 580.237 68.5027 
-9.51944 2.48816 0.340095 422 567.531 185.678 
-9.40694 2.29329 1.83376 448 584.043 295.258 
-9.45274 2.37263 -1.8729 469 574.744 3.02646 
-9.08866 1.74202 1.71988 475 634.023 297.067 
-9.2531 2.02685 -1.52478 488 609.338 25.4934 
-9.11496 1.78758 0.0633076 493 632.057 161.196 
-9.55916 2.55695 -0.634717 496 560.472 110.985 
