2.77254 -1.94854 -7 108 0.693574 -0.512597 
5.64257 -0.481715 -7 109 0.0652928 -0.0446484 
6.30632 -1.54879 -7 115 -0.0296449 -0.222816 
4.50714 -1.04124 -7 119 0.246501 -0.174952 
2.98659 0.138239 -7 123 0.634025 0.100348 
4.46367 -0.542201 -7 125 0.259197 -0.0671971 
6.6867 0.183154 -7 127 -0.057684 0.0688866 
6.46481 -1.88245 -7 128 -0.051045 -0.275043 
3.77354 -0.887468 -7 133 0.406397 -0.160168 
6.08103 -0.977971 -7 134 0.00286964 -0.128595 
3.34213 1.4046 -7 137 0.536027 0.416584 
4.29646 -0.0380129 -7 139 0.296804 0.0427301 
6.59087 -1.1778 -7 141 -0.0589895 -0.15362 
4.8725 1.3091 -7 142 0.200215 0.30972 
6.26277 1.2623 -7 143 4.66e-05 0.252549 
6.4687 -1.97232 -7 149 -0.0522886 -0.290178 
7 -1.59791 -6.35011 157 -0.191642 -0.222345 
7 1.75895 -5.06184 159 -0.363595 0.417709 
7 0.863395 -4.44339 163 -0.504692 0.276642 
7 -0.863938 -6.09367 166 -0.221477 -0.0971739 
7 1.33843 -4.95324 172 -0.389977 0.34331 
7 0.759759 -5.08223 173 -0.372888 0.223229 
7 0.741437 -4.00824 180 -0.61372 0.275409 
7 -0.563655 -4.89557 181 -0.427963 -0.0361004 
7 0.831841 -5.58946 182 -0.282034 0.215243 
7 1.69172 -5.79597 183 -0.239335 0.358365 
7 0.0865561 -4.29161 189 -0.553202 0.114578 
7 -1.97934 -4.46413 190 -0.545766 -0.345894 
7 0.781169 -6.98961 200 -0.0867501 0.159496 
