7 -1.49784 0.349314 151 -0.622428 -0.40823 
7 -0.0623122 -3.31422 152 0.282266 0.00851901 
7 0.36994 -1.65205 155 -0.0826558 0.105699 
7 0.947338 -0.351981 158 -0.418229 0.255713 
7 1.75895 -5.06184 159 0.575612 0.372252 
7 0.343459 -2.54532 160 0.119435 0.0981347 
7 -0.647617 -0.188366 161 -0.461214 -0.160192 
7 1.08732 -1.94397 162 -0.0197626 0.271521 
7 0.863395 -4.44339 163 0.482135 0.201804 
7 -0.724268 -3.10497 165 0.247151 -0.140434 
7 1.33843 -4.95324 172 0.563128 0.292003 
7 0.759759 -5.08223 173 0.59204 0.177494 
7 -0.518283 -3.0968 179 0.243327 -0.0941178 
7 0.741437 -4.00824 180 0.405602 0.179348 
7 -0.563655 -4.89557 181 0.57849 -0.0884792 
7 0.831841 -5.58946 182 0.672637 0.188862 
7 1.69172 -5.79597 183 0.692777 0.349626 
7 -0.443496 -0.586995 184 -0.349875 -0.101113 
7 -1.20096 -0.713027 185 -0.312843 -0.297254 
7 -0.746732 -0.782938 186 -0.295779 -0.177186 
7 0.0865561 -4.29161 189 0.464847 0.042759 
7 -1.97934 -4.46413 190 0.522216 -0.393413 
7 -1.56385 -0.742436 193 -0.303426 -0.392597 
7 -1.07027 0.309808 197 -0.609812 -0.285956 
7 1.83558 -1.14915 198 -0.213207 0.458802 
