-4.80195 0.41523 7 21 0.430377 0.0210262 
-5.92999 -1.73451 7 23 0.252338 -0.395272 
-5.37012 0.037908 7 24 0.3292 -0.0630733 
-5.21106 1.44812 7 29 0.34463 0.210191 
-5.40598 0.152698 7 30 0.322243 -0.041254 
-3.76175 1.7333 7 32 0.656171 0.367686 
-5.875 -0.508694 7 36 0.25299 -0.166243 
-4.02466 -0.174699 7 39 0.619475 -0.102157 
-5.59816 -0.619665 7 42 0.296556 -0.189726 
-6.33365 0.109205 7 44 0.186306 -0.0574419 
-6.25916 0.145289 7 48 0.195835 -0.0507324 
-7 -0.503339 4.01391 52 -0.363999 -0.18156 
-7 -0.64261 4.44771 54 -0.27351 -0.206496 
-7 0.78654 5.75191 68 -0.0511967 0.0610698 
-7 -0.100249 4.19611 69 -0.321989 -0.0925931 
-7 -0.527577 4.46053 71 -0.270415 -0.182024 
-7 -0.14175 5.47309 72 -0.0926819 -0.101293 
-7 1.61955 6.53315 73 0.0498081 0.179025 
-7 1.51818 2.67054 81 -0.692213 0.322522 
-7 0.883221 6.2108 82 0.0109172 0.069345 
-7 -0.72299 3.2493 84 -0.556656 -0.246044 
-7 1.46933 5.82185 93 -0.0415495 0.174875 
-7 -0.576654 5.65743 96 -0.0649139 -0.180137 
