-7 -1.78251 -2.62609 53 -0.186659 -0.468619 
-7 -0.29883 -1.326 55 0.0993649 -0.138904 
-7 0.46862 -2.98529 58 -0.278794 0.0381799 
-7 -1.05185 -1.49538 60 0.0626302 -0.318315 
-7 -1.03485 -3.75523 61 -0.420011 -0.290253 
-7 -0.184126 -2.39523 62 -0.148183 -0.109483 
-7 1.26508 -0.184774 63 0.389965 0.266136 
-7 0.0943094 -5.21035 64 -0.692578 -0.0495436 
-7 1.34911 -4.82912 74 -0.639186 0.21264 
-7 0.577231 -1.47952 76 0.0574085 0.0739071 
-7 -1.86155 -2.22478 77 -0.0994443 -0.494071 
-7 0.821262 -3.48263 80 -0.382616 0.113515 
-7 -0.166603 0.216342 87 0.507088 -0.10904 
-7 1.69039 -1.92004 89 -0.0536053 0.338692 
-7 -0.295975 -5.19552 90 -0.686188 -0.128684 
-7 1.40697 -4.3308 91 -0.55001 0.231705 
-7 0.312724 -0.335245 92 0.351578 0.0151083 
-7 -1.56958 -3.12031 95 -0.290614 -0.413394 
-7 -1.20087 -3.87679 97 -0.441735 -0.324262 
-7 1.52805 -2.92335 98 -0.274173 0.280839 
