-2.93389 0.906698 7 9 634.701 407.258 
-4.80195 0.41523 7 21 416.816 332.847 
-3.28746 -0.347612 7 22 564.077 247.624 
-5.92999 -1.73451 7 23 318.629 154.829 
-5.37012 0.037908 7 24 370.118 297.602 
-5.21106 1.44812 7 29 395.522 425.211 
-5.40598 0.152698 7 30 368.743 307.688 
-2.84657 -0.836733 7 31 618.677 178.643 
-5.875 -0.508694 7 36 332.484 253.294 
-4.02466 -0.174699 7 39 481.1 273.008 
-3.22548 0.288125 7 40 582.084 324.952 
-5.59816 -0.619665 7 42 348.702 242.019 
-3.26615 1.27581 7 43 591.836 446.911 
-6.33365 0.109205 7 44 311.444 304.143 
-6.25916 0.145289 7 48 315.847 306.962 
-7 -0.503339 4.01391 52 24.205 286.209 
-7 -0.64261 4.44771 54 73.7484 266.854 
-7 0.78654 5.75191 68 203.325 377.303 
-7 -0.100249 4.19611 69 50.0416 326.411 
-7 -0.527577 4.46053 71 76.1582 278.311 
-7 -0.14175 5.47309 72 174.136 302.299 
-7 1.61955 6.53315 73 262.299 425.933 
-7 0.883221 6.2108 82 236.166 375.412 
-7 1.46933 5.82185 93 214.059 433.501 
-7 -0.576654 5.65743 96 185.069 263.119 
