1.69792 -0.977731 -7 104 0.0276782 -0.168685 
2.77254 -1.94854 -7 108 -0.235886 -0.426108 
2.26927 0.767181 -7 111 -0.17141 0.342654 
2.74139 -0.240151 -7 113 -0.269201 0.035417 
4.50714 -1.04124 -7 119 -0.63087 -0.182347 
2.98659 0.138239 -7 123 -0.338566 0.136433 
0.474792 -0.485198 -7 124 0.418166 -0.00519644 
4.46367 -0.542201 -7 125 -0.636599 -0.0619904 
3.77354 -0.887468 -7 133 -0.48834 -0.144773 
1.03314 -1.58354 -7 136 0.242287 -0.356254 
3.34213 1.4046 -7 137 -0.456367 0.480788 
0.97797 0.750031 -7 138 0.221786 0.397771 
4.29646 -0.0380129 -7 139 -0.618436 0.0645251 
1.9715 1.13953 -7 144 -0.097128 0.472707 
1.45576 0.553777 -7 145 0.0698139 0.30997 
0.206379 -1.0164 -7 147 0.524393 -0.182875 
