-7 0.46862 -2.98529 58 490.078 229.165 
-7 -1.03485 -3.75523 61 400.953 77.3386 
-7 -0.184126 -2.39523 62 559.945 152.756 
-7 0.0943094 -5.21035 64 291.184 199.619 
-7 1.11392 -6.02536 65 249.05 279.753 
-7 0.886694 -5.35798 67 288.713 264.499 
-7 1.34911 -4.82912 74 329.8 303.835 
-7 0.694743 -5.33965 78 288.12 249.224 
-7 1.12101 -6.65735 79 213.779 278.033 
-7 0.821262 -3.48263 80 439.873 263.984 
-7 -1.84392 -6.0007 85 218.267 40.9145 
-7 1.69039 -1.92004 89 624.463 367.026 
-7 -0.295975 -5.19552 90 288.379 166.128 
-7 1.40697 -4.3308 91 368.493 312.083 
-7 0.592834 -6.66606 94 207.722 240.587 
-7 -1.56958 -3.12031 95 464.933 0.684318 
-7 -1.20087 -3.87679 97 387.957 61.8996 
-7 1.52805 -2.92335 98 500.976 336.258 
-7 -0.609874 -5.90804 100 238.105 145.093 
-5.46333 -1.29075 -7 102 53.5141 94.6704 
-5.09885 0.316864 -7 107 50.336 251.83 
-6.22725 1.4028 -7 110 155.271 314.186 
-5.05591 -0.451909 -7 117 30.3199 178.395 
-6.20015 -0.954561 -7 122 120.637 127.467 
-6.2831 -0.370457 -7 140 135.021 175.89 
-6.46998 0.52855 -7 150 159.224 243.982 
