-5.37012 0.037908 7 24 595.175 135.548 
-5.21106 1.44812 7 29 584.573 269.997 
-5.40598 0.152698 7 30 589.638 146.614 
-5.875 -0.508694 7 36 559.018 84.5637 
-5.59816 -0.619665 7 42 585.542 71.6125 
-6.33365 0.109205 7 44 514.64 140.201 
-6.25916 0.145289 7 48 519.458 143.398 
-7 0.21307 2.3409 51 82.6969 107.23 
-7 -0.503339 4.01391 52 271.631 51.5155 
-7 -0.64261 4.44771 54 310.935 44.6308 
-7 -0.441068 2.32778 56 79.0464 22.6154 
-7 1.81819 2.50338 57 106.495 290.434 
-7 1.50288 1.91462 59 28.9618 260.664 
-7 0.78654 5.75191 68 394.266 186.989 
-7 -0.100249 4.19611 69 285.619 96.3274 
-7 -0.527577 4.46053 71 311.187 56.6531 
-7 -0.14175 5.47309 72 384.379 106.524 
-7 1.61955 6.53315 73 432.32 249.976 
-7 1.51818 2.67054 81 125.977 257.694 
-7 0.883221 6.2108 82 421.114 195.421 
-7 -0.72299 3.2493 84 194.757 10.335 
-7 1.48523 2.57162 86 114.277 254.749 
-7 1.20864 2.59145 88 116.401 224.783 
-7 1.46933 5.82185 93 392.66 240.92 
-7 -0.576654 5.65743 96 400.772 69.7402 
