7 -0.0623122 -3.31422 152 0.0935899 0.0340272 
7 0.36994 -1.65205 155 -0.284074 0.132785 
7 -1.59791 -6.35011 157 0.574082 -0.221486 
7 0.947338 -0.351981 158 -0.672177 0.302299 
7 1.75895 -5.06184 159 0.409226 0.402968 
7 0.343459 -2.54532 160 -0.0687739 0.124282 
7 1.08732 -1.94397 162 -0.214475 0.31078 
7 0.863395 -4.44339 163 0.303167 0.227859 
7 -0.724268 -3.10497 165 0.0519343 -0.111471 
7 -0.863938 -6.09367 166 0.545005 -0.0980921 
7 1.33843 -4.95324 172 0.389733 0.319238 
7 0.759759 -5.08223 173 0.407332 0.201959 
7 -0.518283 -3.0968 179 0.0501604 -0.0669764 
7 0.741437 -4.00824 180 0.226136 0.205823 
7 -0.563655 -4.89557 181 0.371676 -0.0561152 
7 0.831841 -5.58946 182 0.484718 0.212459 
7 1.69172 -5.79597 183 0.520289 0.375717 
7 -0.443496 -0.586995 184 -0.575335 -0.085037 
7 -1.20096 -0.713027 185 -0.527253 -0.279714 
7 -0.746732 -0.782938 186 -0.512553 -0.160852 
7 0.0865561 -4.29161 189 0.274484 0.068718 
7 -1.97934 -4.46413 190 0.296834 -0.333908 
7 -1.56385 -0.742436 193 -0.514068 -0.370559 
7 0.781169 -6.98961 200 0.673191 0.194334 
