-7 1.12101 -6.65735 79 613.256 459.859 
-7 0.592834 -6.66606 94 618.739 412.617 
-5.46333 -1.29075 -7 102 526.116 224.357 
-4.55559 -0.250499 -7 105 447.476 311.789 
-2.11042 -0.0563179 -7 106 192.282 303.618 
-5.09885 0.316864 -7 107 479.11 372.493 
-6.22725 1.4028 -7 110 537.61 474.098 
-0.689565 -1.47331 -7 112 1.96711 48.3591 
-5.05591 -0.451909 -7 117 487.322 297.326 
-3.07632 -1.96878 -7 120 347.177 93.0525 
-3.56835 0.827876 -7 121 342.376 423.611 
-6.20015 -0.954561 -7 122 565.624 265.455 
-1.05355 -1.5594 -7 126 71.2448 55.7213 
-2.10211 -0.684594 -7 129 206.604 219.373 
-3.11373 -0.303232 -7 130 318.126 287.658 
-1.30535 -1.94469 -7 131 123.978 13.9872 
-1.59533 0.795126 -7 132 92.8337 420.238 
-6.2831 -0.370457 -7 140 563.103 316.995 
-5.05277 -1.83336 -7 148 506.893 165.647 
-6.46998 0.52855 -7 150 562.559 396.172 
