-3.17768 1.79522 -7 101 420.721 444.301 
-4.55559 -0.250499 -7 105 571.301 213.756 
-2.11042 -0.0563179 -7 106 318.283 217.113 
-5.09885 0.316864 -7 107 607.479 276.439 
-0.235026 1.16667 -7 114 19.2532 393.314 
-5.05591 -0.451909 -7 117 613.587 196.223 
-3.56835 0.827876 -7 121 470.288 331.092 
-2.10211 -0.684594 -7 129 323.711 131.326 
-3.11373 -0.303232 -7 130 437.197 194.964 
-1.59533 0.795126 -7 132 241.462 331.078 
-3.58737 1.4874 -7 135 464.75 405.483 
-0.615215 -0.161545 -7 146 96.231 184.656 
-5.05277 -1.83336 -7 148 630.748 47.5253 
