-7 -0.29883 -1.326 55 475.74 157.178 
-7 0.46862 -2.98529 58 294.859 240.808 
-7 -1.05185 -1.49538 60 457.425 66.579 
-7 -1.03485 -3.75523 61 221.111 88.6051 
-7 -0.184126 -2.39523 62 353.2 172.768 
-7 1.26508 -0.184774 63 618.532 350.165 
-7 0.0943094 -5.21035 64 111.319 201.43 
-7 1.11392 -6.02536 65 62.6915 285.45 
-7 0.886694 -5.35798 67 105.326 269.907 
-7 1.34911 -4.82912 74 144.987 312.539 
-7 0.577231 -1.47952 76 453.987 258.666 
-7 0.694743 -5.33965 78 105.543 253.594 
-7 1.12101 -6.65735 79 24.2145 282.785 
-7 0.821262 -3.48263 80 250.329 273.331 
-7 -1.84392 -6.0007 85 45.05 29.5675 
-7 1.69039 -1.92004 89 401.918 373.62 
-7 -0.295975 -5.19552 90 110.239 166.403 
-7 1.40697 -4.3308 91 182.538 321.413 
-7 0.312724 -0.335245 92 605.084 232.221 
-7 0.592834 -6.66606 94 20.1287 241.04 
-7 -1.56958 -3.12031 95 278.554 24.8013 
-7 -1.20087 -3.87679 97 209.923 72.3875 
-7 1.52805 -2.92335 98 302.009 345.6 
-7 -0.609874 -5.90804 100 59.4398 140.189 
