1.69792 -0.977731 -7 104 520.815 24.2324 
5.64257 -0.481715 -7 109 109.936 75.5596 
2.26927 0.767181 -7 111 392.504 258.014 
2.74139 -0.240151 -7 113 359.572 120.463 
4.50714 -1.04124 -7 119 202.014 20.1827 
2.98659 0.138239 -7 123 323.406 164.414 
4.46367 -0.542201 -7 125 197.159 73.8666 
6.6867 0.183154 -7 127 39.4831 129.851 
3.77354 -0.887468 -7 133 264.32 36.9504 
6.08103 -0.977971 -7 134 88.7042 28.0045 
3.34213 1.4046 -7 137 261.15 304.269 
0.97797 0.750031 -7 138 585.073 297.174 
4.29646 -0.0380129 -7 139 202.397 128.827 
6.59087 -1.1778 -7 141 60.9649 10.3364 
4.8725 1.3091 -7 142 136.842 257.172 
6.26277 1.2623 -7 143 50.0288 227.921 
1.9715 1.13953 -7 144 421.403 315.772 
1.45576 0.553777 -7 145 512.083 252.072 
7 0.781169 -6.98961 200 15.5404 177.272 
