-6.33365 0.109205 7 44 0.620629 -0.204788 
-6.25916 0.145289 7 48 0.632779 -0.19759 
-7 0.21307 2.3409 51 -0.289481 -0.27956 
-7 -0.503339 4.01391 52 0.0893893 -0.39804 
-7 -0.64261 4.44771 54 0.17152 -0.413741 
-7 -0.441068 2.32778 56 -0.287877 -0.45297 
-7 1.81819 2.50338 57 -0.262456 0.101585 
-7 1.50288 1.91462 59 -0.406397 0.0339895 
-7 0.78654 5.75191 68 0.336926 -0.102644 
-7 -0.100249 4.19611 69 0.114166 -0.302348 
-7 -0.527577 4.46053 71 0.170973 -0.387889 
-7 -0.14175 5.47309 72 0.322341 -0.280173 
-7 1.61955 6.53315 73 0.415276 0.039871 
-7 1.51818 2.67054 81 -0.221468 0.0344757 
-7 0.883221 6.2108 82 0.395052 -0.0827185 
-7 -0.72299 3.2493 84 -0.0621789 -0.482594 
-7 1.48523 2.57162 86 -0.243838 0.0275078 
-7 1.20864 2.59145 88 -0.236722 -0.034985 
-7 1.46933 5.82185 93 0.328804 0.0167978 
-7 -0.576654 5.65743 96 0.361048 -0.361037 
