1.50492 8.95177 -1.01173 5 600.875 82.9528 
2.56137 9.56171 -1.26435 9 502.894 71.3001 
1.53151 8.96712 0.925447 27 553.002 269.679 
1.89409 9.17646 -0.898766 30 555.773 99.6198 
1.20489 8.77855 1.35968 34 576.461 322.1 
1.0009 8.66077 1.01151 39 613.068 294.13 
1.35417 8.86473 -1.19204 41 622.579 63.8658 
2.2299 9.37034 -1.63427 48 540.624 35.9804 
1.11916 8.72905 0.11871 59 619.251 200.522 
2.502 9.52743 1.21213 60 466.856 273.278 
0.976565 8.64672 0.659001 63 623.346 258.719 
2.48091 9.51526 -1.52748 64 515.29 49.2924 
1.84359 9.1473 -0.734752 70 557.269 114.04 
2.0992 9.29488 1.12901 72 498.362 274.021 
2.43447 9.48845 -1.27169 74 514.787 69.9502 
2.20527 9.35612 0.861552 89 493.651 247.908 
1.53832 8.97105 -0.336704 110 579.241 151.508 
1.39446 8.888 1.03195 114 565.379 284.653 
1.29458 8.83033 1.97538 118 555.238 376.128 
1.68572 9.05615 0.970133 121 537.652 270.344 
1.04442 8.6859 0.452906 133 621.829 236.998 
2.0713 9.27877 -0.869126 143 539.379 103.389 
2.40916 9.47383 1.43867 146 468.831 290.45 
2.34296 9.43561 0.313575 151 493.713 202.582 
1.8128 9.12952 -1.61907 155 580.924 29.3217 
1.66029 9.04147 -0.791988 162 578.558 107.398 
0.840218 8.568 1.74362 168 612.33 376.129 
0.817645 8.55497 1.17423 181 630.993 318.612 
1.11154 8.72465 -0.22035 188 630.135 165.081 
1.63059 9.02433 -0.54542 202 577.281 130.384 
1.50761 8.95332 1.78202 225 538.1 348.585 
0.843826 8.57009 1.93717 228 607.822 394.296 
0.842776 8.56948 1.16326 230 628.403 317.286 
2.3848 9.45977 -0.140995 231 498.819 165.822 
1.20088 8.77623 0.396294 235 602.809 227.648 
2.1672 9.33414 0.137181 241 511.689 189.979 
2.5324 9.54499 -0.521146 243 494.203 133.094 
2.29158 9.40595 0.467399 249 496.878 216.791 
3.95041 7.15768 -0.115486 754 288.014 114.859 
4.55568 6.10933 1.89736 756 124.952 324.011 
4.31954 6.51834 0.440036 760 203.373 162.51 
2.79672 9.15593 1.45335 762 432.865 287.117 
3.65369 7.67162 -0.409443 763 346.039 101.011 
3.63308 7.70731 -0.253667 767 346.763 118.009 
4.46197 6.27165 0.273057 769 172.678 136.172 
4.61126 6.01306 1.59096 770 115.255 287.553 
3.94821 7.16151 -0.305332 771 292.484 95.6855 
3.17581 8.49933 -0.450529 776 417.339 118.545 
2.96438 8.86554 -0.466828 778 444.531 124.639 
3.01964 8.76982 1.66075 782 401.988 302.549 
2.91765 8.94648 -1.66232 783 471.357 20.1369 
4.09862 6.90098 -0.651429 789 270.61 47.0029 
3.94393 7.16891 1.20445 790 267.423 253.96 
2.7584 9.22231 -0.310632 792 466.659 144.14 
3.68413 7.6189 -0.207288 807 337.678 118.539 
2.74211 9.25053 -1.73828 813 492.96 24.4862 
3.75485 7.49641 -1.09591 823 342.462 21.4406 
3.57856 7.80176 -0.875216 840 368.454 54.3524 
2.75988 9.21974 0.955628 841 444.322 247.097 
4.78716 5.7084 1.97587 843 60.494 332.906 
3.12713 8.58365 0.949699 846 399.612 242.244 
4.15625 6.80116 -0.0422045 847 247.004 115.817 
3.11682 8.6015 1.29664 853 394.455 270.875 
3.59494 7.77338 0.739111 854 335.422 214.263 
3.21408 8.43306 1.15774 858 384.874 260.356 
3.27878 8.32099 -1.03834 860 412.405 56.9096 
4.3546 6.4576 0.374594 864 196.803 153.218 
3.50474 7.92962 1.97827 867 329.791 328.926 
4.94977 5.42675 -0.328941 868 44.2433 19.3365 
2.83011 9.0981 -0.827008 869 467.49 98.777 
3.62176 7.72692 0.659348 870 334.64 206.121 
4.25903 6.62315 1.93355 875 193.345 325.428 
2.74336 9.24836 0.533191 877 453.731 213.457 
4.79043 5.70272 0.841803 884 75.2834 191.972 
3.47475 7.98155 1.30736 888 344.601 270.203 
3.96207 7.13749 -0.131759 891 287.546 113.496 
3.79506 7.42677 -1.15471 899 337.279 12.3346 
4.70431 5.85189 0.465414 910 104.255 147.12 
4.24347 6.65009 0.760465 912 212.611 200.806 
3.15471 8.53588 -0.806247 915 426.733 84.8312 
3.62319 7.72445 -0.430218 916 352.614 98.9213 
3.37491 8.15449 -1.18787 917 403.619 39.0279 
3.88292 7.27458 0.732852 918 288.165 207.394 
4.81756 5.65573 0.693441 919 70.9506 172.911 
3.5513 7.84897 1.93783 920 322.725 324.76 
3.89561 7.2526 -0.984565 922 314.861 23.7435 
2.665 9.38408 0.586617 924 460.897 219.698 
3.45706 8.01219 0.602811 925 362.085 206.895 
4.92972 5.46147 0.685045 928 34.166 166.093 
3.20202 8.45395 0.188458 931 403.321 174.684 
2.78152 9.18227 -1.96749 936 492.823 0.228945 
4.93218 5.45722 -0.369873 940 48.84 15.4133 
3.59191 7.77864 1.36064 942 325.886 272.586 
3.89811 7.24827 1.30532 954 276.029 265.449 
3.02515 8.76029 0.646829 955 418.545 220.174 
2.99518 8.81219 -1.02389 956 451.409 75.5477 
2.88729 8.99907 -0.922446 958 459.433 86.3667 
4.28105 6.58501 -0.348295 969 226.153 68.8304 
2.80084 9.14881 -0.0563065 974 456.37 164.636 
4.30329 6.54648 1.81023 975 184.82 312.609 
4.12313 6.85854 -0.122495 977 254.696 107.318 
2.74799 9.24035 0.800252 981 448.85 235.715 
4.40456 6.37107 0.274064 992 186.598 138.45 
4.26624 6.61065 0.689474 996 212.118 191.596 
4.40907 6.36327 1.15293 997 170.775 239.449 
4.63799 5.96676 0.669191 998 120.631 177.19 
