-7 -1.78251 -2.62609 53 -0.474784 -0.270252 
-7 -0.29883 -1.326 55 -0.206078 0.059378 
-7 0.46862 -2.98529 58 -0.621035 0.246269 
-7 -1.05185 -1.49538 60 -0.235825 -0.11599 
-7 -0.184126 -2.39523 62 -0.462313 0.0860029 
-7 1.26508 -0.184774 63 0.0744025 0.477889 
-7 -1.45394 1.58819 66 0.499939 -0.213753 
-7 -1.07602 2.04225 70 0.62341 -0.127938 
-7 0.577231 -1.47952 76 -0.25652 0.280249 
-7 -1.86155 -2.22478 77 -0.38574 -0.288083 
-7 -0.166603 0.216342 87 0.174336 0.0936019 
-7 0.312724 -0.335245 92 0.0350861 0.215071 
-7 -1.56958 -3.12031 95 -0.587372 -0.224306 
-7 -1.0576 1.73598 99 0.545976 -0.123026 
