-7 -1.78251 -2.62609 53 -0.391312 -0.326955 
-7 -0.29883 -1.326 55 -0.122977 -0.00457343 
-7 0.46862 -2.98529 58 -0.519878 0.175167 
-7 -1.05185 -1.49538 60 -0.154595 -0.177088 
-7 -1.03485 -3.75523 61 -0.644291 -0.165711 
-7 -0.184126 -2.39523 62 -0.371918 0.0216217 
-7 1.26508 -0.184774 63 0.157743 0.404365 
-7 -1.45394 1.58819 66 0.594346 -0.283533 
-7 0.577231 -1.47952 76 -0.169379 0.210023 
-7 -1.86155 -2.22478 77 -0.30475 -0.345959 
-7 0.821262 -3.48263 80 -0.641342 0.258533 
-7 -0.166603 0.216342 87 0.257027 0.0288437 
-7 1.69039 -1.92004 89 -0.294662 0.501068 
-7 0.312724 -0.335245 92 0.117378 0.148346 
-7 -1.56958 -3.12031 95 -0.499181 -0.280154 
-7 -1.20087 -3.87679 97 -0.664347 -0.200135 
-7 1.52805 -2.92335 98 -0.534064 0.444421 
-7 -1.0576 1.73598 99 0.641787 -0.191136 
