-7 1.11392 -6.02536 65 0.549701 0.504438 
-7 1.12101 -6.65735 79 0.432251 0.460932 
-7 -1.84392 -6.0007 85 0.595686 -0.0786047 
-7 0.592834 -6.66606 94 0.439478 0.360551 
-7 -0.609874 -5.90804 100 0.598386 0.155681 
-5.46333 -1.29075 -7 102 0.241545 -0.0294396 
-4.55559 -0.250499 -7 105 0.0789504 0.147296 
-2.11042 -0.0563179 -7 106 -0.510307 0.113422 
-5.09885 0.316864 -7 107 0.150148 0.278964 
-6.22725 1.4028 -7 110 0.28175 0.500256 
-5.05591 -0.451909 -7 117 0.16407 0.118988 
-3.07632 -1.96878 -7 120 -0.145242 -0.321064 
-3.56835 0.827876 -7 121 -0.154953 0.390128 
-6.20015 -0.954561 -7 122 0.325628 0.0580964 
-2.10211 -0.684594 -7 129 -0.471323 -0.0729561 
-3.11373 -0.303232 -7 130 -0.210833 0.0868377 
-6.2831 -0.370457 -7 140 0.324179 0.16452 
-5.05277 -1.83336 -7 148 0.198366 -0.150819 
-6.46998 0.52855 -7 150 0.328858 0.331452 
