-0.489466 -8.3655 1.99316 509 78.8746 452.284 
2.60042 -6.58155 1.54168 513 483.05 373.191 
1.01972 -7.49417 -0.323822 518 198.107 156.503 
1.55304 -7.18626 -0.142317 519 275.866 166.545 
3.18104 -6.24633 1.49572 527 588.699 355.403 
0.57886 -7.7487 0.424617 532 161.1 262.508 
1.74656 -7.07452 -0.649775 536 294.841 88.4002 
3.27776 -6.19049 1.48571 543 607.564 354.224 
-0.435565 -8.33438 0.0499532 548 32.4023 241.045 
1.31384 -7.32436 1.35338 549 281.086 365.251 
0.488173 -7.80106 0.703509 550 155.039 298.016 
-0.337383 -8.27769 -1.23289 555 8.52382 86.7407 
2.76135 -6.48864 -0.835611 556 458.877 17.2908 
0.766945 -7.64011 0.115194 558 176.034 221.944 
0.285019 -7.91835 -1.67271 565 65.6372 9.17986 
-0.453946 -8.34499 1.0501 568 57.9453 351.539 
1.27527 -7.34662 -0.861902 571 220.038 77.382 
-0.48463 -8.36271 0.158388 572 30.2954 253.599 
2.47927 -6.6515 1.93554 574 473.398 425.431 
-0.0029851 -8.08463 -0.961949 580 54.7137 110.497 
2.61049 -6.57574 0.28437 581 456.916 195.207 
1.33215 -7.31379 -0.490916 582 237.109 126.306 
-0.413276 -8.32151 0.783569 583 54.7082 322.973 
-1.13416 -8.73771 1.81808 584 7.7688 438.14 
0.848258 -7.59316 -0.946016 591 161.35 84.1164 
1.26618 -7.35187 -0.159086 592 233.589 172.275 
-0.665112 -8.46691 -0.0591155 593 6.65897 233.775 
-0.29479 -8.2531 -0.936867 601 21.7641 121.711 
-1.02236 -8.67316 1.83715 602 20.1201 439.226 
2.48133 -6.65031 0.492331 604 441.132 228.498 
2.61487 -6.57321 0.0112596 607 453.712 154.409 
-0.41102 -8.32021 0.556759 610 51.8076 298.36 
2.4848 -6.64831 0.119285 615 431.272 173.312 
0.337754 -7.8879 -1.59112 620 75.9903 15.3007 
-0.478158 -8.35897 -0.638973 621 10.1508 161.007 
2.90013 -6.40851 0.80747 626 521.465 262.251 
-0.802806 -8.5464 1.53266 628 34.0125 407.283 
-0.197251 -8.19679 0.70261 629 76.1787 310.277 
0.695133 -7.68157 0.336635 637 172.483 250.083 
1.97066 -6.94514 1.58752 638 383.649 386.855 
-0.814491 -8.55315 0.400562 646 3.53583 284.925 
-0.0537926 -8.11396 -0.334741 647 65.1265 187.177 
2.18105 -6.82367 0.572736 650 391.471 248.026 
2.35902 -6.72093 0.562621 651 420.415 240.824 
0.479792 -7.8059 1.79524 652 180.998 425.204 
1.77898 -7.05581 0.424263 655 326.684 236.473 
0.279953 -7.92127 1.12217 656 141.552 351.031 
-0.574829 -8.41478 0.349602 657 24.56 275.539 
0.172776 -7.98315 1.03516 658 126.849 343.311 
1.12851 -7.43136 0.338853 661 230.82 241.861 
-0.867771 -8.58391 0.768917 668 7.15224 326.886 
-0.769826 -8.52736 1.76192 670 42.6108 430.306 
-0.250485 -8.22752 -1.46169 672 11.3327 56.9182 
2.3244 -6.74091 -0.546464 673 388.983 81.9805 
0.0842166 -8.03428 0.452304 685 100.982 276.373 
1.43203 -7.25612 -1.20582 693 231.658 25.1198 
0.676712 -7.6922 0.794688 695 180.839 306.573 
2.99296 -6.35491 0.665465 696 535.288 238.766 
0.242541 -7.94287 -1.30659 700 71.5421 57.4122 
0.735422 -7.65831 -0.141939 702 166.517 190.597 
-0.0286901 -8.09947 1.01989 704 104.487 342.679 
2.02484 -6.91386 0.215523 713 358.696 202.163 
2.26921 -6.77278 -0.294944 715 387.126 120.32 
1.12928 -7.43091 0.660268 716 237.22 281.674 
1.34298 -7.30754 -1.15975 722 220.973 33.0359 
3.52361 -6.04855 -0.447866 727 618.007 42.1597 
-0.734402 -8.50691 1.2467 730 33.5111 375.226 
1.28778 -7.33941 1.94479 733 290.545 436.199 
-0.562661 -8.40776 1.95132 740 68.2799 449.199 
-0.329699 -8.27326 1.956 745 94.5165 446.893 
-0.0589625 -8.11695 -0.531896 750 58.4301 162.991 
