5.64257 -0.481715 -7 109 485.943 246.808 
6.30632 -1.54879 -7 115 428.834 176.15 
4.50714 -1.04124 -7 119 574.995 170.123 
4.46367 -0.542201 -7 125 589.996 218.428 
6.6867 0.183154 -7 127 426.892 310.503 
6.46481 -1.88245 -7 128 416.229 156.056 
6.08103 -0.977971 -7 134 449.301 214.29 
4.29646 -0.0380129 -7 139 620.302 267.882 
6.59087 -1.1778 -7 141 417.047 208.87 
4.8725 1.3091 -7 142 585.529 414.033 
6.26277 1.2623 -7 143 466.682 397.441 
6.4687 -1.97232 -7 149 415.043 149.846 
7 -0.0623122 -3.31422 152 125.225 323.273 
7 -1.59791 -6.35011 157 357.039 184.545 
7 1.75895 -5.06184 159 305.077 475.799 
7 0.343459 -2.54532 160 27.1266 384.139 
7 0.863395 -4.44339 163 245.616 401.85 
7 -0.724268 -3.10497 165 97.463 252.904 
7 -0.863938 -6.09367 166 349.08 237.647 
7 1.33843 -4.95324 172 292.424 437.559 
7 0.759759 -5.08223 173 296.757 380.33 
7 -0.518283 -3.0968 179 97.3879 275.255 
7 0.741437 -4.00824 180 204.232 398.207 
7 -0.563655 -4.89557 181 270.44 263.636 
7 0.831841 -5.58946 182 333.748 378.832 
7 1.69172 -5.79597 183 356.511 450.906 
7 0.0865561 -4.29161 189 225.628 327.48 
7 -1.97934 -4.46413 190 224.663 141.066 
7 0.781169 -6.98961 200 415.599 356.508 
