5.64257 -0.481715 -7 109 474.251 248.627 
6.30632 -1.54879 -7 115 418.158 177.029 
4.50714 -1.04124 -7 119 562.363 173.515 
4.46367 -0.542201 -7 125 576.718 221.955 
6.6867 0.183154 -7 127 415.735 311.266 
6.46481 -1.88245 -7 128 405.742 156.645 
6.08103 -0.977971 -7 134 438.249 215.569 
4.29646 -0.0380129 -7 139 605.989 271.602 
6.59087 -1.1778 -7 141 406.369 209.62 
4.8725 1.3091 -7 142 570.836 415.803 
6.26277 1.2623 -7 143 454.553 398.103 
6.4687 -1.97232 -7 149 404.587 150.386 
7 -0.0623122 -3.31422 152 110.768 327.389 
7 -1.59791 -6.35011 157 346.432 185.05 
7 1.75895 -5.06184 159 293.147 477.622 
7 0.343459 -2.54532 160 10.212 390.314 
7 0.863395 -4.44339 163 233.314 404.752 
7 -0.724268 -3.10497 165 82.1498 256.422 
7 -0.863938 -6.09367 166 338.205 238.594 
7 1.33843 -4.95324 172 280.509 439.706 
7 0.759759 -5.08223 173 285.015 382.414 
7 -0.518283 -3.0968 179 82.1263 279.104 
7 0.741437 -4.00824 180 191.367 401.748 
7 -0.563655 -4.89557 181 258.666 265.527 
7 0.831841 -5.58946 182 322.267 380.368 
7 1.69172 -5.79597 183 344.853 451.903 
7 0.0865561 -4.29161 189 213.128 330.347 
7 -1.97934 -4.46413 190 212.287 141.878 
7 0.781169 -6.98961 200 404.423 356.905 
