7.15996 -3.9491 0.231069 501 0.563456 0.172866 
7.75999 -3.60267 0.808332 502 0.676994 0.327333 
4.32541 -5.58563 0.848861 506 -0.201137 0.242688 
3.31453 -6.16926 -0.82277 507 -0.467468 -0.299674 
5.15051 -5.10926 0.655281 515 0.0582919 0.213163 
7.62157 -3.68259 0.309022 516 0.655713 0.205484 
5.54127 -4.88365 0.584966 517 0.176141 0.211674 
7.24861 -3.89792 -1.1423 520 0.599351 -0.114408 
6.5432 -4.30518 -1.86519 522 0.462862 -0.307609 
3.60364 -6.00234 1.48237 523 -0.506135 0.423967 
4.96491 -5.21641 -0.162781 524 0.0360037 -0.0108458 
3.18104 -6.24633 1.49572 527 -0.686732 0.413533 
4.45282 -5.51207 0.330289 528 -0.132884 0.101798 
7.67594 -3.6512 1.18816 529 0.660502 0.411573 
3.62183 -5.99184 -0.708902 530 -0.36314 -0.247271 
5.78814 -4.74112 0.731293 533 0.236931 0.258545 
7.01301 -4.03394 -0.97463 534 0.54679 -0.0938881 
3.84209 -5.86467 0.762035 537 -0.369846 0.192571 
6.50511 -4.32718 -1.71048 538 0.450365 -0.280273 
4.08321 -5.72546 -0.0501395 541 -0.236906 -0.0300103 
3.27776 -6.19049 1.48571 543 -0.644117 0.410207 
7.77252 -3.59544 -0.54676 544 0.691013 0.0309605 
5.8167 -4.72463 -0.692834 547 0.279451 -0.0936639 
5.94865 -4.64845 -0.108768 552 0.296241 0.0479986 
4.14699 -5.68864 -0.0739802 553 -0.221381 -0.0355521 
2.76135 -6.48864 -0.835611 556 -0.682985 -0.358146 
5.11501 -5.12975 -1.32998 563 0.115066 -0.289342 
5.60572 -4.84644 -1.12497 564 0.233209 -0.202952 
4.17332 -5.67344 0.684667 567 -0.247968 0.183413 
4.23148 -5.63986 1.46124 569 -0.267483 0.425929 
4.08949 -5.72184 0.309736 570 -0.258185 0.0717156 
4.78434 -5.32066 -1.81187 575 0.0422904 -0.424784 
7.62174 -3.68249 1.0201 577 0.649735 0.369025 
5.79079 -4.73959 0.326224 579 0.251803 0.147917 
6.08574 -4.5693 -0.422393 587 0.339361 -0.0168322 
5.95338 -4.64572 1.4698 588 0.260903 0.458021 
6.59806 -4.27351 1.37278 589 0.428939 0.441796 
7.71485 -3.62873 -1.31027 594 0.685898 -0.127557 
4.89471 -5.25694 -0.199595 606 0.0189195 -0.024159 
2.89706 -6.41029 -1.2274 611 -0.603732 -0.457424 
5.91431 -4.66828 0.963849 617 0.264587 0.319739 
5.34694 -4.99584 -0.371774 630 0.152521 -0.0421225 
3.2896 -6.18365 -0.831285 632 -0.475134 -0.310623 
7.04767 -4.01393 1.30024 635 0.528044 0.43084 
5.60109 -4.84911 1.5746 636 0.162701 0.481748 
3.83992 -5.86592 -0.579006 640 -0.29342 -0.195952 
4.26955 -5.61788 1.7378 641 -0.265781 0.512393 
6.13888 -4.53862 1.31542 644 0.313106 0.417897 
6.14497 -4.53511 -1.1835 648 0.362195 -0.187385 
7.74644 -3.6105 0.0375105 649 0.683476 0.152995 
7.0982 -3.98476 0.68195 653 0.551454 0.278085 
7.02559 -4.02668 0.448994 659 0.534145 0.225019 
4.82206 -5.29889 0.859675 662 -0.0387616 0.261519 
4.88586 -5.26205 0.975449 663 -0.0250551 0.297938 
6.55913 -4.29599 -1.18896 667 0.452789 -0.163886 
4.05549 -5.74146 -0.254187 669 -0.239775 -0.0905711 
4.78329 -5.32127 0.804293 674 -0.0536194 0.241485 
6.39838 -4.3888 1.60708 675 0.367354 0.499116 
5.20039 -5.08046 -0.0857982 678 0.102392 0.0218035 
4.99407 -5.19958 0.559179 682 0.0209565 0.178839 
3.62073 -5.99248 0.99023 683 -0.468053 0.25768 
5.70419 -4.78959 -0.684915 686 0.248416 -0.099019 
6.4204 -4.37608 -1.66156 687 0.431661 -0.269753 
4.226 -5.64302 0.28797 691 -0.208908 0.0700636 
3.83179 -5.87062 1.26855 694 -0.402947 0.357531 
4.82073 -5.29965 -1.08631 698 0.0295346 -0.25055 
5.29956 -5.0232 -0.579862 701 0.146616 -0.0975361 
7.30395 -3.86597 1.05537 703 0.584058 0.374745 
6.39348 -4.39163 0.914159 705 0.382628 0.322897 
7.22497 -3.91156 0.961317 706 0.570425 0.35262 
4.30182 -5.59925 -1.21577 708 -0.1154 -0.3203 
5.49777 -4.90876 0.072566 709 0.177258 0.0766108 
7.66579 -3.65706 -1.9146 710 0.681258 -0.249049 
6.01108 -4.6124 1.08959 711 0.283091 0.355683 
6.54292 -4.30535 -1.87458 720 0.463295 -0.311038 
4.19117 -5.66313 1.67662 721 -0.294506 0.495443 
4.48631 -5.49273 -1.46496 723 -0.0547791 -0.366246 
5.45807 -4.93168 0.702726 724 0.151251 0.236972 
6.58729 -4.27973 1.46929 725 0.421317 0.467058 
3.52361 -6.04855 -0.447866 727 -0.412951 -0.182417 
3.97273 -5.78925 1.60711 728 -0.370834 0.463948 
5.30402 -5.02063 -1.37929 729 0.169245 -0.288552 
7.50171 -3.75179 -1.28329 731 0.643707 -0.133452 
7.13639 -3.96271 -0.718485 732 0.566923 -0.0318931 
5.1391 -5.11584 0.224599 734 0.079838 0.100358 
6.09889 -4.56171 1.10908 735 0.30719 0.360534 
7.25901 -3.89191 -1.70188 738 0.606216 -0.225093 
4.48121 -5.49568 0.424736 739 -0.132168 0.121358 
6.72719 -4.19896 0.433244 741 0.468584 0.209003 
5.33057 -5.0053 -0.178382 743 0.134466 0.00302506 
3.90444 -5.82868 0.777906 744 -0.345662 0.200075 
7.49302 -3.75681 0.49302 748 0.623452 0.244045 
2.78119 -6.47718 -1.18276 749 -0.652427 -0.458654 
