-7 0.21307 2.3409 51 451.384 385.521 
-7 -0.503339 4.01391 52 612.236 303.324 
-7 -0.29883 -1.326 55 9.66676 333.216 
-7 -0.441068 2.32778 56 446.633 311.282 
-7 -1.45394 1.58819 66 365.174 200.478 
-7 -0.100249 4.19611 69 633.378 345.646 
-7 -1.07602 2.04225 70 414.061 241.848 
-7 -1.87164 2.51938 75 458.77 160.55 
-7 -1.9255 2.82609 83 488.34 156.426 
-7 -0.72299 3.2493 84 537.571 280.414 
-7 -0.166603 0.216342 87 208.437 346.536 
-7 0.312724 -0.335245 92 136.585 408.753 
-7 -1.0576 1.73598 99 381.878 243.399 
