1.69792 -0.977731 -7 104 178.964 227.616 
2.77254 -1.94854 -7 108 30.1814 117.126 
-0.689565 -1.47331 -7 112 523.775 104.555 
2.74139 -0.240151 -7 113 47.3512 349.639 
2.98659 0.138239 -7 123 18.5037 407.412 
0.474792 -0.485198 -7 124 363.02 277.904 
-1.05355 -1.5594 -7 126 580.739 82.5458 
-1.30535 -1.94469 -7 131 611.919 18.5375 
1.03314 -1.58354 -7 136 262.926 128.823 
0.97797 0.750031 -7 138 308.598 478.969 
1.45576 0.553777 -7 145 233.817 452.722 
-0.615215 -0.161545 -7 146 544.473 309.588 
0.206379 -1.0164 -7 147 393.674 192.809 
