7 -0.0623122 -3.31422 152 0.134725 0.0300939 
7 0.36994 -1.65205 155 -0.238703 0.128337 
7 -1.59791 -6.35011 157 0.625337 -0.231262 
7 0.947338 -0.351981 158 -0.612954 0.293164 
7 1.75895 -5.06184 159 0.445316 0.398377 
7 0.343459 -2.54532 160 -0.02706 0.120159 
7 -0.647617 -0.188366 161 -0.64381 -0.149543 
7 1.08732 -1.94397 162 -0.170555 0.303734 
7 0.863395 -4.44339 163 0.341941 0.224038 
7 -0.724268 -3.10497 165 0.09433 -0.116182 
7 -0.863938 -6.09367 166 0.592717 -0.104674 
7 1.33843 -4.95324 172 0.427242 0.315299 
7 0.759759 -5.08223 173 0.446989 0.198518 
7 -0.518283 -3.0968 179 0.0922129 -0.0713023 
7 0.741437 -4.00824 180 0.265194 0.201849 
7 -0.563655 -4.89557 181 0.415479 -0.0613492 
7 0.831841 -5.58946 182 0.524856 0.209253 
7 1.69172 -5.79597 183 0.557388 0.37217 
7 -0.443496 -0.586995 184 -0.523847 -0.08722 
7 -1.20096 -0.713027 185 -0.478753 -0.282187 
7 -0.746732 -0.782938 186 -0.463394 -0.163077 
7 0.0865561 -4.29161 189 0.315463 0.0648003 
7 -1.97934 -4.46413 190 0.343947 -0.344589 
7 -1.56385 -0.742436 193 -0.466591 -0.373959 
7 1.83558 -1.14915 198 -0.384619 0.516853 
