7.15996 -3.9491 0.231069 501 11.3207 197.97 
7.75999 -3.60267 0.808332 502 84.577 251.354 
9.29836 -2.71449 1.94602 503 211.088 322.765 
9.54954 -2.56948 1.62614 504 227.155 296.397 
9.1254 -2.81435 -0.972402 505 194.716 115.633 
8.36902 -3.25105 -1.59632 512 135.923 48.4846 
7.62157 -3.68259 0.309022 516 67.9314 207.817 
7.24861 -3.89792 -1.1423 520 17.153 58.3062 
9.51565 -2.58904 1.12107 521 223.253 262.344 
8.29682 -3.29273 -0.961132 526 130.27 99.0355 
7.67594 -3.6512 1.18816 529 75.8831 287.251 
9.28962 -2.71954 -1.63781 531 204.014 67.6693 
7.77252 -3.59544 -0.54676 544 80.7565 128.914 
8.80092 -3.00169 1.19755 545 175.781 273.114 
8.06725 -3.42528 1.6113 573 117.181 317.269 
7.62174 -3.68249 1.0201 577 71.0195 271.886 
8.43181 -3.2148 -0.531218 590 143.892 141.751 
7.71485 -3.62873 -1.31027 594 71.2993 56.7545 
8.52047 -3.16361 0.124086 605 151.543 193.493 
8.58348 -3.12723 -1.98018 608 152.535 24.3628 
8.21821 -3.33812 0.87683 609 127.768 254.557 
8.95105 -2.91501 -0.0284258 613 182.123 183.391 
8.58134 -3.12847 1.5153 614 160.366 301.341 
7.88394 -3.53111 -1.51631 618 88.2177 42.2384 
8.24406 -3.3232 1.57934 624 131.73 312.921 
8.74387 -3.03463 -1.74637 631 164.434 48.1419 
8.37201 -3.24932 -1.42691 633 134.852 62.8761 
7.92744 -3.50599 0.853241 634 103.204 255.05 
7.04767 -4.01393 1.30024 635 1.29899 308.406 
7.74644 -3.6105 0.0375105 649 78.4362 184.502 
7.0982 -3.98476 0.68195 653 4.17708 246.282 
8.5643 -3.13831 0.571234 665 157.266 227.845 
8.78782 -3.00925 1.27741 666 174.979 280.406 
8.98332 -2.89638 -0.0875092 671 188.035 179.967 
9.50215 -2.59683 -1.80067 679 216.859 59.686 
8.96859 -2.90489 1.45636 680 189.933 293.296 
9.51544 -2.58916 0.00507541 681 222.917 186.731 
8.52145 -3.16304 1.28747 684 154.552 284.161 
7.92479 -3.50752 1.32245 688 102.266 294.27 
8.15199 -3.37635 -0.280505 689 119.662 157.37 
8.26763 -3.30959 0.733282 692 133.411 243.56 
8.01947 -3.45286 0.702216 699 111.12 242.188 
7.30395 -3.86597 1.05537 703 33.1943 280.771 
7.22497 -3.91156 0.961317 706 23.4689 271.787 
8.16644 -3.36801 1.19775 712 124.67 282.596 
8.51548 -3.16649 1.61138 714 155.344 311.755 
9.11375 -2.82108 -0.331225 726 193.853 162.943 
7.50171 -3.75179 -1.28329 731 49.0638 52.7112 
7.13639 -3.96271 -0.718485 732 1.94148 100.16 
9.21579 -2.76217 -1.66979 736 200.026 65.0557 
9.10626 -2.8254 1.29642 737 198.556 279.959 
7.25901 -3.89191 -1.70188 738 13.9659 2.31984 
8.61615 -3.10837 -1.12108 742 158.282 93.6103 
8.54451 -3.14973 -0.0560757 747 153.048 177.173 
7.49302 -3.75681 0.49302 748 55.5356 224.418 
9.02166 -1.62597 0.310692 751 281.935 206.044 
8.84921 -1.32728 1.80752 757 303.736 322.288 
9.23701 -1.99898 0.725578 758 257.967 237.73 
8.51992 -0.756939 0.408137 759 343.627 214.24 
8.29274 -0.363451 -1.35134 761 377.088 54.9881 
7.18459 1.55593 0.710517 768 604.731 244.559 
7.75054 0.575679 1.75169 773 471.878 342.499 
8.11102 -0.0486967 -1.08378 774 406.318 73.7228 
7.65875 0.734657 0.495993 779 491.765 219.082 
9.27207 -2.0597 -0.388348 784 252.205 158.051 
7.07393 1.74759 -1.06522 794 637.899 25.485 
7.7677 0.545948 0.346374 797 467.049 204.129 
8.5833 -0.866718 0.816146 801 335.989 246.399 
8.13241 -0.0857393 -1.69052 803 400.544 17.733 
8.79364 -1.23104 1.71911 805 309.796 317.547 
7.79816 0.49319 1.85753 808 464.186 351.658 
7.81192 0.469365 1.38832 814 457.496 307.168 
8.27608 -0.334586 -0.00492856 815 379.319 175.251 
7.72815 0.61446 -0.217688 816 475.5 146.106 
8.79838 -1.23924 -0.076131 817 306.688 175.849 
8.9917 -1.57408 -0.263508 820 281.798 162.973 
8.44778 -0.631981 -1.44841 825 352.131 53.8288 
7.71438 0.638309 -0.336083 827 481.332 132.571 
7.15574 1.60589 0.615543 828 609.543 233.629 
9.26539 -2.04812 -1.79237 829 249.559 53.4767 
8.37839 -0.511796 0.804967 830 363.685 248.605 
7.85255 0.39899 0.707979 831 452.246 239.928 
9.00086 -1.58994 1.58986 834 285.113 302.451 
8.05704 0.0447927 0.347131 837 414.443 205.22 
8.22434 -0.244979 -0.782358 838 387.412 104.092 
8.81824 -1.27364 -0.967993 842 302.835 104.904 
9.4474 -2.36338 -1.09642 844 232.595 109.895 
8.71228 -1.09011 -0.848161 845 317.3 111.982 
8.83929 -1.31011 1.12568 849 303.971 268.274 
8.421 -0.585604 -0.76008 856 356.831 113.448 
7.47605 1.05111 -1.34417 857 534.423 19.0955 
8.71634 -1.09715 -1.05762 862 317.405 94.2422 
7.07604 1.74394 0.502742 871 634.926 218.271 
8.05963 0.040311 0.283874 878 415.467 200.681 
8.79205 -1.22828 1.24024 880 308.323 277.301 
9.26617 -2.04948 1.18971 881 254.667 269.63 
8.55161 -0.811824 0.960383 887 336.653 260.268 
8.75985 -1.1725 0.775444 893 312.815 241.618 
7.68639 0.686781 -1.10309 898 483.662 52.3649 
7.3611 1.2502 0.0561545 900 557.734 169.011 
7.13224 1.6466 -0.977877 901 621.113 40.5552 
8.49526 -0.714226 0.0445874 902 345.636 181.444 
9.19568 -1.92739 0.768329 913 262.343 240.899 
7.703 0.65802 -0.183774 927 480.725 148.749 
8.84897 -1.32687 1.20156 929 301.584 275.173 
7.30009 1.35587 1.86648 930 571.573 369.556 
8.21418 -0.227369 1.2496 933 391.373 286.334 
8.99498 -1.57975 1.82216 934 285.477 318.715 
7.22829 1.48023 1.7576 937 590.957 361.667 
8.51325 -0.745376 -0.600431 941 344.792 127.577 
8.81557 -1.26902 -1.19832 944 300.942 85.3709 
8.73736 -1.13355 1.94259 946 317.317 333.516 
7.78699 0.51253 1.89064 949 465.793 353.387 
7.15835 1.60138 1.8444 951 607.649 369.697 
8.23755 -0.267852 -0.0508432 959 384.902 171.61 
9.40671 -2.2929 1.01021 963 240.519 256.307 
7.36792 1.23839 -0.614933 971 559.356 94.0878 
8.33271 -0.432673 -0.868744 976 370.062 100.287 
7.61247 0.814808 -0.677047 978 499.125 95.6274 
9.36968 -2.22876 1.49865 979 245.788 291.088 
9.47971 -2.41934 0.180696 982 233.366 199.371 
8.49831 -0.719498 -1.83038 985 344.995 21.0667 
8.14802 -0.112783 1.12075 986 399.492 276.937 
8.42012 -0.584075 0.413676 987 357.838 213.188 
8.18073 -0.169436 -0.844467 988 393.297 100.095 
9.45187 -2.37112 -1.5872 989 233.486 73.2279 
8.99905 -1.58682 1.73484 994 287.186 313.663 
8.82589 -1.28688 1.75285 1000 305.266 318.22 
