5.98522 3.63329 1.2144 752 -0.656602 0.497619 
4.31342 6.52894 -1.60055 753 0.215805 -0.325024 
3.95041 7.15768 -0.115486 754 0.378623 0.023124 
5.20903 4.97769 -0.50044 755 -0.21251 -0.0419886 
4.55568 6.10933 1.89736 756 0.148549 0.519743 
4.31954 6.51834 0.440036 760 0.233917 0.16341 
3.65369 7.67162 -0.409443 763 0.490554 -0.0600286 
3.63308 7.70731 -0.253667 767 0.501052 -0.0205244 
4.46197 6.27165 0.273057 769 0.169528 0.132127 
4.61126 6.01306 1.59096 770 0.116146 0.455412 
3.94821 7.16151 -0.305332 771 0.380477 -0.0227758 
5.03444 5.28009 -1.71136 772 -0.133511 -0.366755 
5.86576 3.8402 -1.56683 775 -0.638401 -0.346281 
3.17581 8.49933 -0.450529 776 0.654411 -0.0703791 
4.57465 6.07647 -0.980151 777 0.106318 -0.173859 
5.7277 4.07932 -1.90892 781 -0.551129 -0.448793 
5.84347 3.87882 -1.54309 787 -0.620452 -0.336949 
5.70086 4.12582 1.37764 788 -0.463575 0.510001 
4.09862 6.90098 -0.651429 789 0.315786 -0.100164 
3.94393 7.16891 1.20445 790 0.39109 0.317338 
5.12308 5.12656 1.56711 791 -0.133265 0.496673 
5.18216 5.02423 -0.915456 795 -0.203699 -0.15415 
4.59582 6.03981 -1.8766 800 0.0877393 -0.403763 
4.05686 6.97332 -1.81735 802 0.324914 -0.383609 
3.73411 7.53233 -1.49404 804 0.457332 -0.295056 
4.51996 6.17121 -1.82406 806 0.126864 -0.388222 
3.68413 7.6189 -0.207288 807 0.482633 -0.00931762 
5.10188 5.16328 -1.16456 819 -0.161965 -0.224609 
5.52148 4.43652 -0.0547931 822 -0.384055 0.0960846 
3.75485 7.49641 -1.09591 823 0.449246 -0.205074 
5.84215 3.8811 1.25316 824 -0.557796 0.489443 
5.5405 4.40357 -1.44396 835 -0.420335 -0.303102 
3.57856 7.80176 -0.875216 840 0.515206 -0.157424 
3.12713 8.58365 0.949699 846 0.678627 0.21882 
4.15625 6.80116 -0.0422045 847 0.298454 0.0432069 
4.99376 5.35056 -0.727822 848 -0.0982546 -0.105794 
3.4808 7.97107 -1.62753 851 0.548793 -0.323494 
3.61746 7.73437 -1.94874 852 0.496468 -0.399036 
3.11682 8.6015 1.29664 853 0.678055 0.28697 
3.59494 7.77338 0.739111 854 0.51788 0.19464 
5.62913 4.25005 -0.845981 855 -0.466665 -0.126027 
3.21408 8.43306 1.15774 858 0.653773 0.260548 
3.63106 7.71081 -1.67758 859 0.493092 -0.333282 
3.27878 8.32099 -1.03834 860 0.620418 -0.192081 
4.56207 6.09827 -1.67131 861 0.107518 -0.348799 
5.34442 4.7432 -0.804129 863 -0.290663 -0.122098 
4.3546 6.4576 0.374594 864 0.218447 0.152246 
4.06751 6.95487 -1.6458 865 0.323434 -0.335805 
3.50474 7.92962 1.97827 867 0.556246 0.451568 
4.94977 5.42675 -0.328941 868 -0.0700303 -8.62418e-05 
3.62176 7.72692 0.659348 870 0.502553 0.180994 
5.87176 3.82982 -1.86513 873 -0.645431 -0.438396 
4.25903 6.62315 1.93355 875 0.270961 0.507244 
4.41808 6.34766 -1.43643 876 0.174662 -0.289821 
5.30638 4.80908 -0.846641 879 -0.269668 -0.128492 
4.56699 6.08973 -1.84141 883 0.100254 -0.389969 
4.79043 5.70272 0.841803 884 0.0260243 0.29233 
5.48992 4.49117 1.01765 885 -0.344697 0.392911 
3.47475 7.98155 1.30736 888 0.563256 0.310015 
3.96207 7.13749 -0.131759 891 0.37149 0.0170281 
4.38822 6.39938 -1.26668 892 0.1836 -0.246106 
5.33186 4.76494 0.690372 894 -0.260097 0.290406 
5.88934 3.79937 -0.91473 896 -0.633194 -0.143184 
5.07479 5.21021 -0.592079 897 -0.141761 -0.0633564 
3.79506 7.42677 -1.15471 899 0.43233 -0.218096 
4.24153 6.65346 -1.08896 903 0.24899 -0.200758 
4.97651 5.38043 -1.78963 905 -0.100604 -0.388715 
5.14042 5.09654 0.266927 906 -0.161246 0.163532 
4.61439 6.00765 -1.15812 909 0.0828595 -0.220444 
4.70431 5.85189 0.465414 910 0.0586021 0.189199 
4.24347 6.65009 0.760465 912 0.268128 0.233646 
3.15471 8.53588 -0.806247 915 0.661228 -0.145997 
3.62319 7.72445 -0.430218 916 0.504624 -0.0600022 
3.37491 8.15449 -1.18787 917 0.585622 -0.228698 
3.88292 7.27458 0.732852 918 0.413078 0.203316 
4.81756 5.65573 0.693441 919 0.00942953 0.253822 
3.5513 7.84897 1.93783 920 0.538571 0.444731 
4.74735 5.77734 -1.4318 921 0.018845 -0.291179 
3.89561 7.2526 -0.984565 922 0.39202 -0.179818 
3.15548 8.53455 -1.95746 923 0.656669 -0.393031 
3.45706 8.01219 0.602811 925 0.567025 0.160575 
4.92972 5.46147 0.685045 928 -0.0463236 0.25705 
3.20202 8.45395 0.188458 931 0.648514 0.0645313 
4.89688 5.51835 -1.08993 939 -0.05272 -0.198744 
4.93218 5.45722 -0.369873 940 -0.0614322 -0.0127913 
3.59191 7.77864 1.36064 942 0.523345 0.333156 
5.5287 4.42402 0.271974 943 -0.378302 0.18406 
5.34394 4.74403 -0.45553 947 -0.283462 -0.0240017 
5.85587 3.85734 -1.13495 948 -0.620206 -0.214382 
5.80798 3.94029 0.203205 953 -0.558072 0.186081 
3.89811 7.24827 1.30532 954 0.412798 0.337884 
4.95506 5.41758 -0.74361 957 -0.0790318 -0.110811 
5.615 4.27453 -0.380425 961 -0.443339 0.00679164 
5.29086 4.83597 -1.98418 962 -0.281953 -0.449119 
5.54904 4.38878 0.419383 964 -0.390024 0.226737 
4.28105 6.58501 -0.348295 969 0.241404 -0.0225124 
5.19076 5.00935 -1.7233 970 -0.220341 -0.375417 
5.51039 4.45573 1.34352 972 -0.347063 0.474974 
4.4012 6.3769 -1.37641 973 0.180392 -0.270692 
4.30329 6.54648 1.81023 975 0.255815 0.475094 
4.12313 6.85854 -0.122495 977 0.314035 0.0213403 
4.93575 5.45104 -0.7803 984 -0.0655441 -0.118213 
5.51818 4.44223 -1.47775 990 -0.406263 -0.314989 
5.75493 4.03217 1.14041 991 -0.504721 0.451732 
4.40456 6.37107 0.274064 992 0.193141 0.127728 
5.53617 4.41107 -1.97751 993 -0.427555 -0.461413 
5.97808 3.64567 0.0489525 995 -0.677082 0.148757 
4.26624 6.61065 0.689474 996 0.256944 0.219613 
4.40907 6.36327 1.15293 997 0.202667 0.333478 
4.63799 5.96676 0.669191 998 0.0906255 0.232403 
