6.30632 -1.54879 -7 115 623.196 139.146 
6.6867 0.183154 -7 127 607.387 283.982 
6.46481 -1.88245 -7 128 607.968 117.714 
6.59087 -1.1778 -7 141 603.947 174.997 
6.4687 -1.97232 -7 149 606.964 110.994 
7 -0.0623122 -3.31422 152 322.455 260.303 
7 0.36994 -1.65205 155 143.103 306.928 
7 -1.59791 -6.35011 157 536.378 147.11 
7 1.75895 -5.06184 159 472.588 429.802 
7 0.343459 -2.54532 160 246.542 302.302 
7 1.08732 -1.94397 162 176.637 391.211 
7 0.863395 -4.44339 163 421.367 348.947 
7 -0.724268 -3.10497 165 302.172 194.07 
7 -0.863938 -6.09367 166 525.73 201.171 
7 1.33843 -4.95324 172 462.394 390.833 
7 0.759759 -5.08223 173 468.73 336.511 
7 -0.518283 -3.0968 179 301.607 214.222 
7 0.741437 -4.00824 180 385.516 339.113 
7 -0.563655 -4.89557 181 448.936 219.556 
7 0.831841 -5.58946 182 504.016 340.975 
7 1.69172 -5.79597 183 522.932 416.105 
7 -0.443496 -0.586995 184 1.85064 204.805 
7 -1.20096 -0.713027 185 27.316 115.093 
7 -0.746732 -0.782938 186 33.4349 169.755 
7 0.0865561 -4.29161 189 406.309 275.95 
7 -1.97934 -4.46413 190 411.848 96.4711 
7 -1.56385 -0.742436 193 34.5046 73.9425 
7 0.781169 -6.98961 200 588.111 331.891 
