-1.97014 0.361326 7 3 -0.197888 0.194412 
-2.93389 0.906698 7 9 -0.473345 0.288438 
-2.14837 -1.21575 7 10 -0.164679 -0.279067 
-0.578608 0.00250695 7 11 0.246897 0.175141 
-0.39693 -1.00404 7 12 0.367946 -0.147559 
-3.28746 -0.347612 7 22 -0.495605 -0.0757453 
-2.84657 -0.836733 7 31 -0.365738 -0.193652 
-2.21352 -0.0799941 7 33 -0.240959 0.0501477 
-4.02466 -0.174699 7 39 -0.667528 -0.0600421 
-3.22548 0.288125 7 40 -0.51196 0.100388 
-3.26615 1.27581 7 43 -0.569285 0.367617 
-2.70348 -0.732172 7 47 -0.335144 -0.159125 
