7.15996 -3.9491 0.231069 501 100.782 150.725 
7.75999 -3.60267 0.808332 502 165.742 202.58 
9.29836 -2.71449 1.94602 503 284.359 270.746 
9.54954 -2.56948 1.62614 504 294.277 245.92 
9.1254 -2.81435 -0.972402 505 261.984 59.6857 
7.62157 -3.68259 0.309022 516 150.521 158.79 
7.24861 -3.89792 -1.1423 520 93.4405 11.4577 
9.51565 -2.58904 1.12107 521 293.397 213.851 
8.29682 -3.29273 -0.961132 526 201.132 48.8167 
7.67594 -3.6512 1.18816 529 163.997 234.255 
9.28962 -2.71954 -1.63781 531 268.034 7.3202 
7.01301 -4.03394 -0.97463 534 66.4852 24.2755 
7.77252 -3.59544 -0.54676 544 156.693 79.3421 
8.80092 -3.00169 1.19755 545 249.807 221.437 
8.06725 -3.42528 1.6113 573 198.199 265.461 
7.62174 -3.68249 1.0201 577 156.556 221.086 
6.59806 -4.27351 1.37278 589 43.0062 274.964 
8.43181 -3.2148 -0.531218 590 214.026 88.4374 
7.71485 -3.62873 -1.31027 594 142.792 4.20248 
8.52047 -3.16361 0.124086 605 225.08 141.58 
8.21821 -3.33812 0.87683 609 208.557 204.697 
8.95105 -2.91501 -0.0284258 613 254.829 132.033 
8.58134 -3.12847 1.5153 614 236.205 251.141 
8.24406 -3.3232 1.57934 624 214.199 259.617 
8.37201 -3.24932 -1.42691 633 203.401 8.54245 
7.92744 -3.50599 0.853241 634 181.965 204.497 
7.04767 -4.01393 1.30024 635 99.2956 258.893 
7.74644 -3.6105 0.0375105 649 157.952 133.404 
7.0982 -3.98476 0.68195 653 97.6174 195.734 
7.02559 -4.02668 0.448994 659 85.1378 173.008 
8.5643 -3.13831 0.571234 665 231.403 178.204 
8.78782 -3.00925 1.27741 666 249.604 229.567 
8.98332 -2.89638 -0.0875092 671 255.902 126.998 
6.39838 -4.3888 1.60708 675 20.0334 302.605 
8.96859 -2.90489 1.45636 680 261.706 240.942 
9.51544 -2.58916 0.00507541 681 287.717 135.092 
8.52145 -3.16304 1.28747 684 232.088 233.274 
7.92479 -3.50752 1.32245 688 186.475 245.037 
8.15199 -3.37635 -0.280505 689 192.493 106.627 
8.26763 -3.30959 0.733282 692 209.263 192.304 
8.01947 -3.45286 0.702216 699 189.041 191.626 
7.30395 -3.86597 1.05537 703 123.762 228.42 
6.39348 -4.39163 0.914159 705 7.24433 228.923 
7.22497 -3.91156 0.961317 706 115.13 223.593 
8.16644 -3.36801 1.19775 712 203.904 230.371 
8.51548 -3.16649 1.61138 714 232.143 258.369 
6.58729 -4.27973 1.46929 725 42.5803 284.477 
9.11375 -2.82108 -0.331225 726 263.691 110.432 
7.50171 -3.75179 -1.28329 731 121.81 2.80114 
7.13639 -3.96271 -0.718485 732 85.6719 51.4139 
9.21579 -2.76217 -1.66979 736 264.862 6.35703 
9.10626 -2.8254 1.29642 737 268.524 228.406 
6.72719 -4.19896 0.433244 741 46.9295 175.025 
8.61615 -3.10837 -1.12108 742 224.641 39.978 
8.54451 -3.14973 -0.0560757 747 224.567 125.998 
7.49302 -3.75681 0.49302 748 137.404 175.94 
9.02166 -1.62597 0.310692 751 351.728 152.97 
8.84921 -1.32728 1.80752 757 375.629 266.656 
9.23701 -1.99898 0.725578 758 326.541 185.391 
8.51992 -0.756939 0.408137 759 417.73 158.377 
7.75054 0.575679 1.75169 773 557.827 287.563 
8.11102 -0.0486967 -1.08378 774 491.737 4.20519 
7.65875 0.734657 0.495993 779 586.047 160.623 
9.27207 -2.0597 -0.388348 784 318.643 101.501 
7.7677 0.545948 0.346374 797 562.041 147.571 
8.5833 -0.866718 0.816146 801 410.042 191.763 
8.79364 -1.23104 1.71911 805 381.553 262.919 
7.79816 0.49319 1.85753 808 547.101 296.992 
7.81192 0.469365 1.38832 814 546.826 251.839 
8.27608 -0.334586 -0.00492856 815 459.201 116.442 
7.72815 0.61446 -0.217688 816 573.227 80.3869 
8.79838 -1.23924 -0.076131 817 377.782 119.796 
8.9917 -1.57408 -0.263508 820 354.97 107.148 
7.71438 0.638309 -0.336083 827 577.181 65.288 
8.37839 -0.511796 0.804967 830 442.787 191.617 
7.85255 0.39899 0.707979 831 537.37 183.546 
9.00086 -1.58994 1.58986 834 358.048 251.522 
8.05704 0.0447927 0.347131 837 500.486 147.914 
8.22434 -0.244979 -0.782358 838 469.327 39.137 
8.81824 -1.27364 -0.967993 842 374.584 45.9646 
9.4474 -2.36338 -1.09642 844 299.847 53.2094 
8.71228 -1.09011 -0.848161 845 387.977 50.2848 
8.83929 -1.31011 1.12568 849 376.797 216.885 
8.421 -0.585604 -0.76008 856 435.845 48.4066 
8.71634 -1.09715 -1.05762 862 389.483 30.6182 
8.05963 0.040311 0.283874 878 498.37 141.882 
8.79205 -1.22828 1.24024 880 382.916 225.627 
9.26617 -2.04948 1.18971 881 322.449 217.525 
8.55161 -0.811824 0.960383 887 415.151 202.778 
8.75985 -1.1725 0.775444 893 386.11 188.537 
8.49526 -0.714226 0.0445874 902 425.185 123.062 
9.19568 -1.92739 0.768329 913 333.405 188.608 
7.703 0.65802 -0.183774 927 577.492 85.8662 
8.84897 -1.32687 1.20156 929 372.822 221.834 
8.21418 -0.227369 1.2496 933 468.223 233.129 
8.99498 -1.57975 1.82216 934 358.141 266.553 
8.51325 -0.745376 -0.600431 941 421.915 67.09 
8.81557 -1.26902 -1.19832 944 374.645 23.1409 
8.73736 -1.13355 1.94259 946 388.67 281.232 
7.78699 0.51253 1.89064 949 549.226 301.993 
8.23755 -0.267852 -0.0508432 959 465.858 112.343 
9.40671 -2.2929 1.01021 963 308.933 204.025 
8.33271 -0.432673 -0.868744 976 451.667 36.6024 
7.61247 0.814808 -0.677047 978 605.91 22.6289 
9.36968 -2.22876 1.49865 979 316.77 239.327 
9.47971 -2.41934 0.180696 982 300.66 147.252 
8.14802 -0.112783 1.12075 986 479.674 220.515 
8.42012 -0.584075 0.413676 987 436.889 156.899 
8.18073 -0.169436 -0.844467 988 476.552 31.9026 
9.45187 -2.37112 -1.5872 989 298.199 13.6413 
8.99905 -1.58682 1.73484 994 356.981 257.858 
8.82589 -1.28688 1.75285 1000 377.447 266.167 
