-2.93389 0.906698 7 9 0.695491 0.360982 
-4.80195 0.41523 7 21 0.220074 0.196481 
-3.28746 -0.347612 7 22 0.543677 0.0129466 
-5.92999 -1.73451 7 23 0.0077722 -0.191546 
-5.37012 0.037908 7 24 0.118594 0.119417 
-5.21106 1.44812 7 29 0.172433 0.396265 
-5.40598 0.152698 7 30 0.115475 0.141289 
-2.84657 -0.836733 7 31 0.664898 -0.137001 
-5.875 -0.508694 7 36 0.0369871 0.0227756 
-4.02466 -0.174699 7 39 0.361444 0.0672816 
-3.22548 0.288125 7 40 0.581746 0.181461 
-5.59816 -0.619665 7 42 0.0724966 -0.00155127 
-3.26615 1.27581 7 43 0.600822 0.446311 
-6.33365 0.109205 7 44 -0.00940205 0.132898 
-6.25916 0.145289 7 48 0.000163846 0.139066 
-7 -0.503339 4.01391 52 -0.628926 0.0910683 
-7 -0.64261 4.44771 54 -0.522468 0.0496867 
-7 0.78654 5.75191 68 -0.243846 0.289972 
-7 -0.100249 4.19611 69 -0.573437 0.178201 
-7 -0.527577 4.46053 71 -0.517296 0.0745015 
-7 -0.14175 5.47309 72 -0.30642 0.127404 
-7 1.61955 6.53315 73 -0.116996 0.39582 
-7 0.883221 6.2108 82 -0.173037 0.2863 
-7 1.46933 5.82185 93 -0.221009 0.411469 
-7 -0.576654 5.65743 96 -0.28268 0.0426357 
