-7 0.21307 2.3409 51 0.593481 0.291661 
-7 -1.78251 -2.62609 53 -0.626833 -0.192241 
-7 -0.29883 -1.326 55 -0.348282 0.158392 
-7 -0.441068 2.32778 56 0.568543 0.121868 
-7 -1.05185 -1.49538 60 -0.375591 -0.0263486 
-7 -0.184126 -2.39523 62 -0.623928 0.188155 
-7 -1.45394 1.58819 66 0.363661 -0.118252 
-7 -1.07602 2.04225 70 0.480416 -0.0316216 
-7 -1.87164 2.51938 75 0.570614 -0.209693 
-7 0.577231 -1.47952 76 -0.406994 0.394051 
-7 -1.86155 -2.22478 77 -0.530428 -0.209273 
-7 -1.9255 2.82609 83 0.63948 -0.221111 
-7 -0.166603 0.216342 87 0.0423045 0.192088 
-7 0.312724 -0.335245 92 -0.100663 0.31986 
-7 -1.0576 1.73598 99 0.407117 -0.0273465 
