-1.97014 0.361326 7 3 375.091 290.857 
-2.93389 0.906698 7 9 255.727 355.24 
-2.14837 -1.21575 7 10 356.798 84.6369 
-0.578608 0.00250695 7 11 593.652 241.359 
-0.39693 -1.00404 7 12 623.627 81.5149 
-4.80195 0.41523 7 21 86.1811 285.389 
-3.28746 -0.347612 7 22 225.445 200.896 
-5.92999 -1.73451 7 23 23.9067 83.044 
-5.37012 0.037908 7 24 47.1518 245.897 
-5.21106 1.44812 7 29 46.8806 391.143 
-5.40598 0.152698 7 30 43.6925 257.244 
-2.84657 -0.836733 7 31 274.158 140.148 
-3.76175 1.7333 7 32 165.693 445.877 
-2.21352 -0.0799941 7 33 344.947 230.961 
-5.875 -0.508694 7 36 17.4994 194.327 
-4.02466 -0.174699 7 39 154.867 222.649 
-3.22548 0.288125 7 40 228.099 276.315 
-5.59816 -0.619665 7 42 36.7421 182.707 
-3.26615 1.27581 7 43 218.012 397.673 
-2.70348 -0.732172 7 47 289.461 151.32 
