1.69792 -0.977731 -7 104 0.295458 -0.38337 
5.64257 -0.481715 -7 109 -0.571417 -0.287306 
2.26927 0.767181 -7 111 0.0445582 0.112242 
2.74139 -0.240151 -7 113 -0.0308274 -0.185188 
6.30632 -1.54879 -7 115 -0.631389 -0.50563 
4.50714 -1.04124 -7 119 -0.369397 -0.404001 
2.98659 0.138239 -7 123 -0.10579 -0.0908465 
4.46367 -0.542201 -7 125 -0.379506 -0.288681 
3.77354 -0.887468 -7 133 -0.235229 -0.365855 
6.08103 -0.977971 -7 134 -0.618037 -0.391616 
3.34213 1.4046 -7 137 -0.236465 0.218321 
0.97797 0.750031 -7 138 0.445635 0.192198 
4.29646 -0.0380129 -7 139 -0.367634 -0.169147 
6.59087 -1.1778 -7 141 -0.679596 -0.431137 
4.8725 1.3091 -7 142 -0.512685 0.116003 
1.9715 1.13953 -7 144 0.108469 0.238165 
1.45576 0.553777 -7 145 0.293315 0.0969083 
