-7 -1.03485 -3.75523 61 0.68697 -0.279462 
-7 0.0943094 -5.21035 64 0.365221 0.0112136 
-7 1.11392 -6.02536 65 0.23345 0.201648 
-7 0.886694 -5.35798 67 0.344116 0.166284 
-7 1.34911 -4.82912 74 0.453338 0.270302 
-7 0.694743 -5.33965 78 0.346003 0.128827 
-7 1.12101 -6.65735 79 0.143292 0.195295 
-7 -1.84392 -6.0007 85 0.2224 -0.309717 
-7 -0.295975 -5.19552 90 0.364852 -0.0645488 
-7 1.40697 -4.3308 91 0.570332 0.29761 
-7 0.592834 -6.66606 94 0.140355 0.107602 
-7 -1.20087 -3.87679 97 0.650583 -0.309324 
-7 -0.609874 -5.90804 100 0.242464 -0.104498 
-3.17768 1.79522 -7 101 -0.587281 0.461667 
-5.46333 -1.29075 -7 102 -0.0897363 -0.235509 
-4.55559 -0.250499 -7 105 -0.239344 -0.0640154 
-5.09885 0.316864 -7 107 -0.146111 0.0582577 
-6.22725 1.4028 -7 110 0.0135375 0.251371 
-5.05591 -0.451909 -7 117 -0.152106 -0.0929683 
-3.56835 0.827876 -7 121 -0.464359 0.18084 
-6.20015 -0.954561 -7 122 0.00681969 -0.152685 
-3.11373 -0.303232 -7 130 -0.580287 -0.118081 
-3.58737 1.4874 -7 135 -0.465271 0.352001 
-6.2831 -0.370457 -7 140 0.0175534 -0.0538624 
-5.05277 -1.83336 -7 148 -0.150879 -0.354289 
-6.46998 0.52855 -7 150 0.0408932 0.0979047 
