-6.33365 0.109205 7 44 0.584312 -0.218611 
-6.25916 0.145289 7 48 0.596081 -0.211483 
-7 0.21307 2.3409 51 -0.329743 -0.298707 
-7 -0.503339 4.01391 52 0.0551413 -0.415586 
-7 -0.64261 4.44771 54 0.137954 -0.430649 
-7 -0.441068 2.32778 56 -0.329495 -0.475176 
-7 1.81819 2.50338 57 -0.299108 0.0870164 
-7 1.50288 1.91462 59 -0.446964 0.0187507 
-7 0.78654 5.75191 68 0.30454 -0.11709 
-7 -0.100249 4.19611 69 0.08054 -0.318789 
-7 -0.527577 4.46053 71 0.137488 -0.404571 
-7 -0.14175 5.47309 72 0.289671 -0.294966 
-7 1.61955 6.53315 73 0.382703 0.025216 
-7 1.51818 2.67054 81 -0.257828 0.0193803 
-7 0.883221 6.2108 82 0.362482 -0.0969981 
-7 -0.72299 3.2493 84 -0.0989865 -0.502817 
-7 1.48523 2.57162 86 -0.280684 0.0123353 
-7 1.20864 2.59145 88 -0.273893 -0.0507287 
-7 1.46933 5.82185 93 0.29664 0.00215472 
-7 -0.576654 5.65743 96 0.328234 -0.375838 
