-7 0.46862 -2.98529 58 498.777 227.715 
-7 -1.03485 -3.75523 61 408.669 75.7639 
-7 -0.184126 -2.39523 62 569.593 150.345 
-7 0.0943094 -5.21035 64 298.149 199.045 
-7 1.11392 -6.02536 65 255.727 279.573 
-7 0.886694 -5.35798 67 295.567 264.121 
-7 1.34911 -4.82912 74 336.838 303.489 
-7 0.694743 -5.33965 78 294.995 248.796 
-7 1.12101 -6.65735 79 220.386 277.975 
-7 0.821262 -3.48263 80 447.954 263.006 
-7 -1.84392 -6.0007 85 225.439 40.9467 
-7 1.69039 -1.92004 89 635.735 366.609 
-7 -0.295975 -5.19552 90 295.385 165.512 
-7 1.40697 -4.3308 91 375.83 311.673 
-7 0.592834 -6.66606 94 214.416 240.492 
-7 -1.20087 -3.87679 97 395.584 60.4106 
-7 1.52805 -2.92335 98 509.918 335.711 
-7 -0.609874 -5.90804 100 245.04 144.79 
-5.46333 -1.29075 -7 102 62.111 94.5261 
-5.09885 0.316864 -7 107 58.4957 250.904 
-6.22725 1.4028 -7 110 162.145 313.903 
-5.05591 -0.451909 -7 117 38.988 177.649 
-6.20015 -0.954561 -7 122 128.249 127.407 
-6.2831 -0.370457 -7 140 142.363 175.697 
-5.05277 -1.83336 -7 148 8.67351 33.4061 
-6.46998 0.52855 -7 150 166.189 243.765 
