-7 0.0943094 -5.21035 64 0.542345 0.154832 
-7 1.11392 -6.02536 65 0.381418 0.341322 
-7 0.886694 -5.35798 67 0.510929 0.319504 
-7 1.34911 -4.82912 74 0.636318 0.451641 
-7 0.694743 -5.33965 78 0.514809 0.279056 
-7 1.12101 -6.65735 79 0.279996 0.321181 
-7 -1.84392 -6.0007 85 0.395097 -0.19492 
-7 -0.295975 -5.19552 90 0.545141 0.0739358 
-7 0.592834 -6.66606 94 0.28177 0.227773 
-7 -0.609874 -5.90804 100 0.407253 0.0179397 
-5.46333 -1.29075 -7 102 0.0729497 -0.134505 
-4.55559 -0.250499 -7 105 -0.0804158 0.0328668 
-5.09885 0.316864 -7 107 -0.000873923 0.159988 
-6.22725 1.4028 -7 110 0.141973 0.369348 
-5.05591 -0.451909 -7 117 0.0040025 0.00645768 
-3.07632 -1.96878 -7 120 -0.341872 -0.433122 
-3.56835 0.827876 -7 121 -0.308617 0.269928 
-6.20015 -0.954561 -7 122 0.160606 -0.0494526 
-2.10211 -0.684594 -7 129 -0.683086 -0.19661 
-3.11373 -0.303232 -7 130 -0.386747 -0.0299055 
-3.58737 1.4874 -7 135 -0.324457 0.444468 
-6.2831 -0.370457 -7 140 0.165022 0.0514071 
-5.05277 -1.83336 -7 148 0.0230702 -0.2522 
-6.46998 0.52855 -7 150 0.178709 0.209272 
