-7 0.46862 -2.98529 58 0.363462 -0.0225158 
-7 -1.03485 -3.75523 61 0.170405 -0.352479 
-7 -0.184126 -2.39523 62 0.514674 -0.187944 
-7 0.0943094 -5.21035 64 -0.0677016 -0.0873647 
-7 1.11392 -6.02536 65 -0.159108 0.086568 
-7 0.886694 -5.35798 67 -0.0730004 0.0535462 
-7 1.34911 -4.82912 74 0.0161899 0.13904 
-7 0.694743 -5.33965 78 -0.0743031 0.0203712 
-7 1.12101 -6.65735 79 -0.23574 0.0827425 
-7 0.821262 -3.48263 80 0.254755 0.0528477 
-7 -1.84392 -6.0007 85 -0.226353 -0.43281 
-7 1.69039 -1.92004 89 0.653812 0.276464 
-7 -0.295975 -5.19552 90 -0.0738257 -0.160144 
-7 1.40697 -4.3308 91 0.100099 0.157016 
-7 0.592834 -6.66606 94 -0.248963 0.00135692 
-7 -1.56958 -3.12031 95 0.309098 -0.518593 
-7 -1.20087 -3.87679 97 0.142217 -0.386102 
-7 1.52805 -2.92335 98 0.386984 0.209669 
-7 -0.609874 -5.90804 100 -0.18307 -0.206098 
-5.46333 -1.29075 -7 102 -0.58558 -0.315868 
-5.09885 0.316864 -7 107 -0.592212 0.0263507 
-6.22725 1.4028 -7 110 -0.363145 0.161488 
-5.05591 -0.451909 -7 117 -0.636081 -0.133433 
-6.20015 -0.954561 -7 122 -0.43894 -0.244608 
-6.2831 -0.370457 -7 140 -0.407481 -0.139241 
-6.46998 0.52855 -7 150 -0.3546 0.00881672 
