-5.46333 -1.29075 -7 102 0.610166 -0.154226 
-4.55559 -0.250499 -7 105 0.434506 0.0492983 
-2.11042 -0.0563179 -7 106 -0.109879 0.0435787 
-5.09885 0.316864 -7 107 0.507163 0.182449 
-6.22725 1.4028 -7 110 0.640247 0.403613 
-0.689565 -1.47331 -7 112 -0.528451 -0.493776 
-5.05591 -0.451909 -7 117 0.523265 0.0149065 
-3.07632 -1.96878 -7 120 0.199245 -0.43901 
-3.56835 0.827876 -7 121 0.213006 0.294873 
-1.05355 -1.5594 -7 126 -0.388688 -0.486829 
-2.10211 -0.684594 -7 129 -0.0898696 -0.1394 
-3.11373 -0.303232 -7 130 0.151286 0.00268068 
-1.59533 0.795126 -7 132 -0.293921 0.289312 
-3.58737 1.4874 -7 135 0.195868 0.456254 
-0.615215 -0.161545 -7 146 -0.608961 -0.0396325 
-5.05277 -1.83336 -7 148 0.564422 -0.28904 
