-7 1.12101 -6.65735 79 625.132 454.651 
-7 0.592834 -6.66606 94 630.749 407.374 
-5.46333 -1.29075 -7 102 537.248 218.463 
-4.55559 -0.250499 -7 105 458.313 306.618 
-2.11042 -0.0563179 -7 106 204.415 299.199 
-5.09885 0.316864 -7 107 490.067 367.306 
-6.22725 1.4028 -7 110 548.712 468.76 
-0.689565 -1.47331 -7 112 14.4479 45.5605 
-5.05591 -0.451909 -7 117 498.248 291.998 
-3.07632 -1.96878 -7 120 357.328 87.3201 
-3.56835 0.827876 -7 121 353.779 418.342 
-6.20015 -0.954561 -7 122 577.05 259.678 
-1.05355 -1.5594 -7 126 82.796 52.2748 
-2.10211 -0.684594 -7 129 218.007 215.119 
-3.11373 -0.303232 -7 130 329.118 282.878 
-1.30535 -1.94469 -7 131 134.568 9.81973 
-1.59533 0.795126 -7 132 107.459 414.975 
-6.2831 -0.370457 -7 140 574.453 311.522 
-5.05277 -1.83336 -7 148 517.879 159.356 
-6.46998 0.52855 -7 150 573.823 390.922 
