-7 0.0943094 -5.21035 64 566.493 308.552 
-7 1.11392 -6.02536 65 493.026 394.455 
-7 0.886694 -5.35798 67 552.24 384.112 
-7 1.34911 -4.82912 74 609.606 444.304 
-7 0.694743 -5.33965 78 553.987 365.564 
-7 1.12101 -6.65735 79 446.585 385.486 
-7 -1.84392 -6.0007 85 498.89 148.378 
-7 -0.295975 -5.19552 90 567.719 271.455 
-7 0.592834 -6.66606 94 447.322 342.628 
-7 -0.609874 -5.90804 100 504.61 246.062 
-5.46333 -1.29075 -7 102 351.013 176.368 
-4.55559 -0.250499 -7 105 280.571 253.306 
-5.09885 0.316864 -7 107 317.332 311.701 
-6.22725 1.4028 -7 110 383.26 407.767 
-5.05591 -0.451909 -7 117 319.417 241.157 
-3.07632 -1.96878 -7 120 159.473 38.869 
-3.56835 0.827876 -7 121 175.688 362.338 
-6.20015 -0.954561 -7 122 391.432 215.454 
-2.10211 -0.684594 -7 129 2.17922 147.711 
-3.11373 -0.303232 -7 130 139.275 224.473 
-3.58737 1.4874 -7 135 168.602 442.555 
-6.2831 -0.370457 -7 140 393.559 261.785 
-5.05277 -1.83336 -7 148 327.929 122.251 
-6.46998 0.52855 -7 150 400.001 334.272 
