1.69792 -0.977731 -7 104 0.366575 -0.430592 
5.64257 -0.481715 -7 109 -0.511781 -0.328038 
2.26927 0.767181 -7 111 0.101499 0.0700947 
2.74139 -0.240151 -7 113 0.028658 -0.227705 
4.50714 -1.04124 -7 119 -0.310892 -0.446184 
2.98659 0.138239 -7 123 -0.0481397 -0.133008 
4.46367 -0.542201 -7 125 -0.321385 -0.330352 
6.6867 0.183154 -7 127 -0.667874 -0.210176 
3.77354 -0.887468 -7 133 -0.176391 -0.40878 
6.08103 -0.977971 -7 134 -0.557932 -0.431781 
3.34213 1.4046 -7 137 -0.181404 0.172847 
0.97797 0.750031 -7 138 0.510304 0.15295 
4.29646 -0.0380129 -7 139 -0.309964 -0.211019 
6.59087 -1.1778 -7 141 -0.618687 -0.470755 
4.8725 1.3091 -7 142 -0.453868 0.0703511 
6.26277 1.2623 -7 143 -0.645923 0.00618718 
1.9715 1.13953 -7 144 0.164518 0.195674 
1.45576 0.553777 -7 145 0.355337 0.0562897 
