1.69792 -0.977731 -7 104 -0.483625 -0.0999553 
2.26927 0.767181 -7 111 -0.578411 0.497179 
-0.689565 -1.47331 -7 112 0.250578 -0.404141 
-0.235026 1.16667 -7 114 0.268001 0.499402 
0.474792 -0.485198 -7 124 -0.0696708 -0.0148546 
-1.05355 -1.5594 -7 126 0.364899 -0.455136 
1.03314 -1.58354 -7 136 -0.306952 -0.329722 
0.97797 0.750031 -7 138 -0.163505 0.422674 
1.45576 0.553777 -7 145 -0.329454 0.382744 
-0.615215 -0.161545 -7 146 0.309877 0.0263423 
0.206379 -1.0164 -7 147 -0.0133965 -0.202167 
