-1.97014 0.361326 7 3 425.53 274.773 
-3.49077 1.97493 7 8 252.819 479.53 
-2.93389 0.906698 7 9 309.202 348.721 
-2.14837 -1.21575 7 10 390.438 74.211 
-4.80195 0.41523 7 21 136.866 294.155 
-3.28746 -0.347612 7 22 267.821 199.954 
-5.92999 -1.73451 7 23 65.1925 106.841 
-5.37012 0.037908 7 24 96.7902 259.392 
-5.21106 1.44812 7 29 105.203 400.107 
-5.40598 0.152698 7 30 94.1377 270.591 
-2.84657 -0.836733 7 31 311.846 136.406 
-3.76175 1.7333 7 32 225.49 445.492 
-2.21352 -0.0799941 7 33 389.949 218.229 
-5.875 -0.508694 7 36 65.4335 212.707 
-4.02466 -0.174699 7 39 199.797 227.492 
-3.22548 0.288125 7 40 275.801 273.243 
-5.59816 -0.619665 7 42 83.113 199.896 
-3.26615 1.27581 7 43 274.391 393.766 
-6.33365 0.109205 7 44 36.3104 271.001 
-2.70348 -0.732172 7 47 327.938 145.713 
-6.25916 0.145289 7 48 40.5314 273.883 
