-7 -1.78251 -2.62609 53 128.533 97.7217 
-7 -0.29883 -1.326 55 251.819 246.78 
-7 0.46862 -2.98529 58 67.0007 330.28 
-7 -1.05185 -1.49538 60 237.545 167.16 
-7 -1.03485 -3.75523 61 10.3009 171.763 
-7 -0.184126 -2.39523 62 136.461 258.835 
-7 1.26508 -0.184774 63 380.824 436.065 
-7 -1.45394 1.58819 66 579.514 119.65 
-7 -1.07602 2.04225 70 638.06 159.317 
-7 0.577231 -1.47952 76 229.959 346.232 
-7 -1.86155 -2.22478 77 168.625 89.1757 
-7 0.821262 -3.48263 80 9.79813 369.331 
-7 -0.166603 0.216342 87 426.422 262.297 
-7 0.312724 -0.335245 92 362.363 317.449 
-7 -1.56958 -3.12031 95 78.3424 119.069 
-7 -1.20087 -3.87679 97 1.09074 155.783 
-7 1.52805 -2.92335 98 59.3242 456.24 
-7 -1.0576 1.73598 99 601.142 161.827 
