-1.69835 7.10236 -1.49702 1 -0.0892056 -0.510408 
-2.36095 6.71981 0.0648834 6 0.110689 -0.0200007 
-0.0798114 8.03682 -1.36918 7 -0.587429 -0.470597 
-3.05032 6.3218 1.27862 8 0.328066 0.386278 
-1.18389 7.39938 -0.935763 10 -0.267912 -0.336639 
-0.178643 7.97976 0.508014 11 -0.57606 0.0504388 
-0.882633 7.57332 -1.15265 15 -0.356668 -0.406359 
-2.78176 6.47686 1.65747 19 0.222076 0.478963 
-0.834292 7.60122 -0.745649 20 -0.37458 -0.284765 
-2.65363 6.55083 1.42287 22 0.177419 0.403488 
-2.57331 6.5972 -0.0115366 25 0.186853 -0.0336944 
-1.29918 7.33282 1.56526 29 -0.265617 0.376767 
-2.71663 6.51445 0.575812 32 0.225034 0.151017 
-3.74583 5.92025 -0.779907 36 0.684681 -0.265878 
-3.03012 6.33346 -0.976834 38 0.390943 -0.338707 
-1.4565 7.24199 0.969849 43 -0.207556 0.215614 
-2.14768 6.84294 -0.101629 51 0.0361526 -0.0760753 
-3.33545 6.15718 -0.435976 52 0.497981 -0.153722 
-0.421209 7.83972 -1.17149 54 -0.494397 -0.409496 
-1.24468 7.36429 0.57792 55 -0.270692 0.0965202 
-0.449959 7.82312 -0.349133 56 -0.492718 -0.179233 
-3.74961 5.91807 1.32639 66 0.606822 0.438849 
-1.42581 7.25971 0.982136 67 -0.220429 0.216594 
-2.18179 6.82325 0.0567123 84 0.0498786 -0.026117 
-1.81168 7.03693 1.23812 85 -0.0993085 0.308849 
-2.31638 6.74554 0.814643 87 0.0756414 0.206742 
-3.16889 6.25334 -1.4501 90 0.464899 -0.504183 
-3.51194 6.05528 0.00121058 101 0.55271 -0.00112749 
0.17216 8.1823 0.981234 106 -0.668761 0.159466 
-1.22592 7.37512 0.548265 107 -0.277652 0.0897586 
-0.30588 7.9063 0.0837691 108 -0.534917 -0.0632599 
-2.27819 6.76759 -0.186085 109 0.0874872 -0.0950444 
-0.383025 7.86176 0.22409 112 -0.514495 -0.0244004 
-1.79023 7.04931 1.8524 116 -0.121485 0.47739 
-0.803108 7.61923 -0.814071 117 -0.383728 -0.307158 
-0.964105 7.52628 0.885878 120 -0.357183 0.173967 
0.0926466 8.13639 -1.10015 128 -0.63379 -0.388905 
-1.20685 7.38613 1.22507 129 -0.291988 0.277276 
-2.44383 6.67196 -0.385326 131 0.146783 -0.158682 
-1.33285 7.31338 0.696058 135 -0.247421 0.131306 
-0.621084 7.72432 1.104 141 -0.460188 0.220484 
-0.582336 7.74669 0.181318 147 -0.460121 -0.0283952 
-0.447254 7.82468 0.726916 148 -0.503472 0.115247 
-1.07075 7.46471 -0.23607 149 -0.311005 -0.137212 
-0.106953 8.02115 -0.188349 150 -0.590163 -0.138808 
-2.79823 6.46735 0.492322 157 0.259855 0.126966 
-2.15233 6.84026 -0.0957294 160 0.0404715 -0.0751621 
-2.43306 6.67818 0.0756168 161 0.133294 -0.0130471 
-0.717429 7.6687 0.357392 164 -0.425468 0.0258644 
-2.12399 6.85662 0.667081 166 0.0138242 0.153475 
0.0695622 8.12307 1.38063 169 -0.644089 0.267407 
-1.10514 7.44485 1.99159 172 -0.329074 0.482372 
-1.43641 7.25359 -1.07042 183 -0.180936 -0.381062 
-1.12203 7.4351 -0.763709 191 -0.290485 -0.289961 
-0.560641 7.75922 -0.484044 192 -0.460171 -0.216404 
-1.58921 7.16537 -1.2695 193 -0.131919 -0.440271 
-1.18082 7.40116 -1.11678 196 -0.265399 -0.394857 
-1.21876 7.37925 1.56713 198 -0.294764 0.367938 
-3.48498 6.07085 0.402763 199 0.526411 0.126821 
-2.46086 6.66212 1.43715 200 0.10919 0.398794 
-2.50658 6.63573 -0.864936 203 0.18265 -0.308871 
-1.65507 7.12735 -1.39271 204 -0.106379 -0.478438 
-2.60244 6.58039 -0.419929 205 0.210424 -0.160559 
-1.89242 6.99031 1.67854 209 -0.0834097 0.437458 
-2.75916 6.4899 1.6333 210 0.211635 0.469928 
-2.88473 6.41741 -0.980824 212 0.332912 -0.341356 
-0.0829147 8.03503 0.967789 213 -0.602522 0.16859 
-1.32904 7.31558 0.826885 214 -0.252597 0.174139 
-2.20564 6.80948 0.351964 217 0.0486652 0.0685156 
-3.28265 6.18767 0.466932 221 0.448105 0.136767 
-1.18272 7.40006 -0.335728 222 -0.276916 -0.160642 
-1.831 7.02577 -0.964452 224 -0.0574073 -0.346318 
-1.58155 7.1698 -0.998108 227 -0.141285 -0.355378 
-2.92339 6.39508 1.13342 229 0.285574 0.333026 
-0.477256 7.80736 0.692004 238 -0.494592 0.106573 
-2.63039 6.56425 -0.0067306 240 0.207746 -0.0317182 
-2.65581 6.54957 -0.244999 247 0.22017 -0.10694 
