5.98522 3.63329 1.2144 752 0.441171 0.379198 
8.51992 -0.756939 0.408137 759 -0.652761 0.0829911 
8.29274 -0.363451 -1.35134 761 -0.577584 -0.275387 
6.15778 3.33441 -0.551726 764 0.361495 -0.105721 
6.72499 2.35198 -0.698686 765 0.0639265 -0.139041 
6.84891 2.13734 -1.72634 766 0.0118299 -0.397048 
7.18459 1.55593 0.710517 768 -0.156337 0.18781 
7.75054 0.575679 1.75169 773 -0.390499 0.394248 
8.11102 -0.0486967 -1.08378 774 -0.510759 -0.226458 
5.86576 3.8402 -1.56683 775 0.547465 -0.38484 
7.65875 0.734657 0.495993 779 -0.346166 0.119562 
6.87834 2.08637 1.48366 780 -0.0269757 0.381967 
5.7277 4.07932 -1.90892 781 0.640192 -0.489317 
6.61901 2.53554 -1.90015 786 0.125938 -0.444012 
5.84347 3.87882 -1.54309 787 0.561652 -0.380532 
5.70086 4.12582 1.37764 788 0.611792 0.444009 
6.3358 3.02608 -0.89504 793 0.264627 -0.19442 
7.07393 1.74759 -1.06522 794 -0.0953572 -0.22812 
7.7677 0.545948 0.346374 797 -0.389489 0.0879007 
6.99287 1.88799 0.446143 798 -0.0666567 0.131983 
5.95878 3.67909 -1.91848 799 0.495418 -0.484232 
8.5833 -0.866718 0.816146 801 -0.673393 0.162373 
8.13241 -0.0857393 -1.69052 803 -0.518628 -0.355871 
7.79816 0.49319 1.85753 808 -0.405186 0.414374 
6.6228 2.52897 -1.96054 809 0.12381 -0.460772 
5.66896 4.18107 1.48268 810 0.631668 0.47333 
7.13747 1.63753 -1.91994 811 -0.122243 -0.432162 
7.48096 1.04259 -1.87628 812 -0.264291 -0.414644 
7.81192 0.469365 1.38832 814 -0.410056 0.310982 
8.27608 -0.334586 -0.00492856 815 -0.572352 -0.000490133 
7.72815 0.61446 -0.217688 816 -0.369762 -0.033903 
7.65524 0.740743 -1.67984 818 -0.337843 -0.364761 
6.32015 3.05317 1.6683 821 0.252697 0.475096 
5.84215 3.8811 1.25316 824 0.528367 0.398727 
8.44778 -0.631981 -1.44841 825 -0.621827 -0.293765 
7.71438 0.638309 -0.336083 827 -0.366342 -0.0614265 
7.15574 1.60589 0.615543 828 -0.14417 0.165598 
8.37839 -0.511796 0.804967 830 -0.609119 0.170885 
7.85255 0.39899 0.707979 831 -0.424217 0.159103 
6.41513 2.88866 1.89263 832 0.196089 0.515839 
7.0505 1.78818 -1.26688 833 -0.0883976 -0.280205 
6.68672 2.41826 0.33091 836 0.0753358 0.113195 
8.05704 0.0447927 0.347131 837 -0.498427 0.0790787 
8.22434 -0.244979 -0.782358 838 -0.547827 -0.157963 
7.41493 1.15696 -1.61534 839 -0.241061 -0.354062 
6.64876 2.484 -1.60616 850 0.108813 -0.371825 
5.62913 4.25005 -0.845981 855 0.685414 -0.18735 
8.421 -0.585604 -0.76008 856 -0.61629 -0.157604 
7.47605 1.05111 -1.34417 857 -0.268831 -0.287256 
6.53997 2.67244 -0.861665 866 0.160435 -0.186333 
7.07604 1.74394 0.502742 871 -0.103823 0.143271 
6.4243 2.87279 -0.337461 872 0.217205 -0.0482385 
5.87176 3.82982 -1.86513 873 0.544726 -0.473324 
6.81272 2.20003 1.31801 874 0.00978207 0.348283 
8.05963 0.040311 0.283874 878 -0.495688 0.0666108 
6.67343 2.44128 -1.01357 882 0.0945143 -0.222658 
6.14997 3.34793 -0.772956 886 0.368341 -0.163736 
8.55161 -0.811824 0.960383 887 -0.66374 0.193033 
6.38369 2.94312 -0.846468 889 0.239926 -0.17914 
6.41 2.89756 1.35706 890 0.205331 0.381735 
5.96932 3.66083 1.41731 895 0.448 0.430948 
5.88934 3.79937 -0.91473 896 0.522411 -0.202769 
7.68639 0.686781 -1.10309 898 -0.353976 -0.230791 
7.3611 1.2502 0.0561545 900 -0.228331 0.0344872 
7.13224 1.6466 -0.977877 901 -0.123234 -0.207835 
8.49526 -0.714226 0.0445874 902 -0.648103 0.0116504 
6.93416 1.98968 -1.06451 904 -0.03245 -0.23484 
6.87866 2.08582 -0.0270921 907 -0.0145928 0.0225274 
6.77251 2.26967 -0.747548 908 0.0423479 -0.154537 
6.05282 3.51621 -1.75001 911 0.431691 -0.430393 
7.05959 1.77242 -1.7808 914 -0.0853218 -0.402748 
5.93483 3.72057 -1.99581 926 0.512941 -0.504198 
7.703 0.65802 -0.183774 927 -0.36076 -0.0294829 
7.30009 1.35587 1.86648 930 -0.211234 0.44408 
6.12516 3.3909 1.11897 932 0.361223 0.340835 
8.21418 -0.227369 1.2496 933 -0.555337 0.262151 
6.67513 2.43834 -0.321965 935 0.0880325 -0.0461623 
7.22829 1.48023 1.7576 937 -0.182369 0.423957 
6.75528 2.29951 -0.729401 938 0.047334 -0.151508 
8.51325 -0.745376 -0.600431 941 -0.646277 -0.127204 
6.43723 2.85038 1.42602 945 0.193304 0.398312 
5.85587 3.85734 -1.13495 948 0.544782 -0.269283 
7.78699 0.51253 1.89064 949 -0.401822 0.418359 
7.05329 1.78334 -1.18945 950 -0.0819953 -0.257766 
7.15835 1.60138 1.8444 951 -0.154125 0.445959 
6.22795 3.21288 -0.545567 952 0.322363 -0.102665 
5.80798 3.94029 0.203205 953 0.560153 0.110493 
8.23755 -0.267852 -0.0508432 959 -0.555808 -0.00713365 
6.10007 3.43436 0.816237 960 0.37965 0.260339 
5.615 4.27453 -0.380425 961 0.693935 -0.0529342 
6.0817 3.46619 -1.62949 965 0.417715 -0.396679 
6.53207 2.68613 -0.981663 967 0.163002 -0.217199 
6.68153 2.42724 -0.314303 968 0.0819484 -0.0471553 
7.36792 1.23839 -0.614933 971 -0.229529 -0.124699 
8.33271 -0.432673 -0.868744 976 -0.585804 -0.175758 
7.61247 0.814808 -0.677047 978 -0.324052 -0.136963 
6.66636 2.45352 1.76174 980 0.0776802 0.468654 
6.2372 3.19685 0.871776 983 0.302789 0.270084 
8.49831 -0.719498 -1.83038 985 -0.637067 -0.374438 
8.14802 -0.112783 1.12075 986 -0.534181 0.237237 
8.42012 -0.584075 0.413676 987 -0.619966 0.0848187 
8.18073 -0.169436 -0.844467 988 -0.536971 -0.176488 
5.75493 4.03217 1.14041 991 0.580887 0.369561 
5.97808 3.64567 0.0489525 995 0.45718 0.0648005 
6.58202 2.59961 -0.970701 999 0.135512 -0.211842 
