-7 0.21307 2.3409 51 509.271 398.975 
-7 -0.29883 -1.326 55 72.6455 343.616 
-7 -0.441068 2.32778 56 501.329 322.192 
-7 -1.05185 -1.49538 60 60.1035 252.568 
-7 -1.45394 1.58819 66 414.644 211.125 
-7 -1.07602 2.04225 70 465.31 251.854 
-7 -1.87164 2.51938 75 507.771 170.022 
-7 0.577231 -1.47952 76 41.454 459.366 
-7 -1.9255 2.82609 83 537.835 165.359 
-7 -0.72299 3.2493 84 594.857 290.289 
-7 -0.166603 0.216342 87 262.582 357.453 
-7 0.312724 -0.335245 92 193.158 419.455 
-7 -1.0576 1.73598 99 432.744 253.688 
