-2.93389 0.906698 7 9 587.776 409.407 
-4.80195 0.41523 7 21 377.541 346.685 
-3.28746 -0.347612 7 22 512.819 254.061 
-5.92999 -1.73451 7 23 276.55 172.571 
-5.37012 0.037908 7 24 330.99 313.359 
-5.21106 1.44812 7 29 360.495 443.163 
-5.40598 0.152698 7 30 330.006 323.687 
-2.84657 -0.836733 7 31 559.08 184.759 
-5.875 -0.508694 7 36 292.918 270.37 
-4.02466 -0.174699 7 39 436.377 283.042 
-3.22548 0.288125 7 40 533.867 329.763 
-5.59816 -0.619665 7 42 308.327 258.252 
-3.26615 1.27581 7 43 550.125 452.498 
-6.33365 0.109205 7 44 273.827 323.13 
-2.70348 -0.732172 7 47 581.803 193.721 
-6.25916 0.145289 7 48 278.242 325.78 
-7 -0.64261 4.44771 54 19.8106 291.331 
-7 0.78654 5.75191 68 161.9 403.253 
-7 -0.527577 4.46053 71 22.3937 303.237 
-7 -0.14175 5.47309 72 129.691 325.759 
-7 1.61955 6.53315 73 226.242 452.224 
-7 0.883221 6.2108 82 197.362 400.082 
-7 1.46933 5.82185 93 174.141 462.342 
-7 -0.576654 5.65743 96 141.25 285.042 
