-1.69835 7.10236 -1.49702 1 -0.225566 -0.367616 
-4.28285 5.6102 -0.35009 4 0.668152 0.111272 
-2.36095 6.71981 0.0648834 6 -0.0650328 0.130393 
-1.18389 7.39938 -0.935763 10 -0.415503 -0.215634 
-0.882633 7.57332 -1.15265 15 -0.501317 -0.290816 
-0.834292 7.60122 -0.745649 20 -0.532422 -0.179403 
-3.41844 6.10927 -1.82689 21 0.404163 -0.404685 
-3.01817 6.34036 -1.63356 23 0.245997 -0.36371 
-2.57331 6.5972 -0.0115366 25 0.0104701 0.125002 
-1.29918 7.33282 1.56526 29 -0.477815 0.513967 
-2.71663 6.51445 0.575812 32 0.0342131 0.311088 
-3.74583 5.92025 -0.779907 36 0.480366 -0.055329 
-3.03012 6.33346 -0.976834 38 0.220716 -0.154966 
-4.01906 5.7625 0.688089 42 0.518942 0.433178 
-1.4565 7.24199 0.969849 43 -0.404389 0.353166 
-2.14768 6.84294 -0.101629 51 -0.134826 0.0700883 
-3.33545 6.15718 -0.435976 52 0.305647 0.0281332 
-0.421209 7.83972 -1.17149 54 -0.6387 -0.318543 
-1.24468 7.36429 0.57792 55 -0.45245 0.224744 
-0.449959 7.82312 -0.349133 56 -0.667778 -0.0832054 
-1.42581 7.25971 0.982136 67 -0.411097 0.352296 
-3.617 5.99463 -1.57595 71 0.46799 -0.321049 
-4.04408 5.74805 -1.06717 77 0.614135 -0.136843 
-4.14277 5.69108 0.84443 78 0.562017 0.495797 
-3.86191 5.85323 -1.48589 82 0.554633 -0.281691 
-2.18179 6.82325 0.0567123 84 -0.126756 0.11946 
-1.81168 7.03693 1.23812 85 -0.300275 0.453977 
-2.31638 6.74554 0.814643 87 -0.111691 0.358732 
-4.13014 5.69837 -1.41351 88 0.661421 -0.246726 
-3.16889 6.25334 -1.4501 90 0.288841 -0.29544 
-3.51194 6.05528 0.00121058 101 0.355393 0.179264 
-1.22592 7.37512 0.548265 107 -0.459084 0.211987 
-2.27819 6.76759 -0.186085 109 -0.0867274 0.0544558 
-0.803108 7.61923 -0.814071 117 -0.536167 -0.20026 
-0.964105 7.52628 0.885878 120 -0.558504 0.295196 
-4.37657 5.55609 0.727218 125 0.662105 0.466653 
-1.20685 7.38613 1.22507 129 -0.494902 0.411671 
-2.44383 6.67196 -0.385326 131 -0.0141986 0.000963034 
-1.33285 7.31338 0.696058 135 -0.431904 0.261099 
-2.20806 6.80808 -1.59639 140 -0.0478065 -0.379198 
-0.621084 7.72432 1.104 141 -0.672515 0.338973 
-0.582336 7.74669 0.181318 147 -0.647705 0.0728093 
-1.07075 7.46471 -0.23607 149 -0.477169 -0.0198557 
-1.34908 7.30401 -1.57982 156 -0.331796 -0.407061 
-2.79823 6.46735 0.492322 157 0.0699799 0.290005 
-3.75274 5.91626 -1.57757 159 0.517998 -0.311758 
-2.15233 6.84026 -0.0957294 160 -0.125776 0.075791 
-2.43306 6.67818 0.0756168 161 -0.0431479 0.141053 
-0.717429 7.6687 0.357392 164 -0.610885 0.135516 
-2.12399 6.85662 0.667081 166 -0.176908 0.302011 
-1.43641 7.25359 -1.07042 183 -0.327701 -0.25261 
-0.509556 7.78871 -1.73933 187 -0.591118 -0.473496 
-1.12203 7.4351 -0.763709 191 -0.439923 -0.166287 
-0.560641 7.75922 -0.484044 192 -0.630674 -0.110467 
-1.58921 7.16537 -1.2695 193 -0.267415 -0.303606 
-2.76342 6.48744 -1.86079 195 0.160045 -0.439691 
-1.18082 7.40116 -1.11678 196 -0.407838 -0.273128 
-3.97857 5.78587 -1.48671 197 0.597007 -0.27437 
-1.21876 7.37925 1.56713 198 -0.504823 0.509538 
-3.48498 6.07085 0.402763 199 0.322694 0.302535 
-2.50658 6.63573 -0.864936 203 0.0257568 -0.145625 
-1.65507 7.12735 -1.39271 204 -0.242906 -0.333738 
-2.60244 6.58039 -0.419929 205 0.0426171 -0.00538704 
-2.88473 6.41741 -0.980824 212 0.165396 -0.164526 
-1.32904 7.31558 0.826885 214 -0.442331 0.298428 
-2.20564 6.80948 0.351964 217 -0.136559 0.208721 
-3.28265 6.18767 0.466932 221 0.244662 0.311444 
-1.18272 7.40006 -0.335728 222 -0.440749 -0.0500453 
-1.831 7.02577 -0.964452 224 -0.203452 -0.199169 
-1.58155 7.1698 -0.998108 227 -0.283813 -0.224763 
-2.92339 6.39508 1.13342 229 0.0853911 0.496661 
-0.177513 7.98042 -1.74127 236 -0.686846 -0.486739 
-2.63039 6.56425 -0.0067306 240 0.031315 0.124954 
-2.65581 6.54957 -0.244999 247 0.0470112 0.0527771 
-3.8183 5.87841 -0.432496 250 0.497676 0.057213 
