-4.80195 0.41523 7 21 602.187 193.168 
-5.37012 0.037908 7 24 552.761 152.702 
-5.21106 1.44812 7 29 547.087 283.634 
-5.40598 0.152698 7 30 547.975 163.388 
-5.875 -0.508694 7 36 517.658 102.832 
-5.59816 -0.619665 7 42 541.875 90.6796 
-6.33365 0.109205 7 44 477.831 156.45 
-6.25916 0.145289 7 48 482.445 159.618 
-7 0.21307 2.3409 51 38.0392 135.695 
-7 -0.503339 4.01391 52 233.141 74.8842 
-7 -0.64261 4.44771 54 273.001 67.1225 
-7 -0.441068 2.32778 56 32.3037 50.9531 
-7 1.81819 2.50338 57 67.4161 319.845 
-7 0.78654 5.75191 68 361.594 204.491 
-7 -0.100249 4.19611 69 248.71 118.703 
-7 -0.527577 4.46053 71 273.609 78.9247 
-7 -0.14175 5.47309 72 349.093 125.825 
-7 1.61955 6.53315 73 401.837 265.005 
-7 1.51818 2.67054 81 87.2364 285.781 
-7 0.883221 6.2108 82 388.813 211.798 
-7 -0.72299 3.2493 84 152.952 36.0606 
-7 1.48523 2.57162 86 74.8128 283.317 
-7 1.20864 2.59145 88 76.3505 252.928 
-7 1.46933 5.82185 93 361.706 257.704 
-7 -0.576654 5.65743 96 364.369 89.3984 
