-5.21737 5.07065 -0.784054 2 0.183927 -0.236493 
-6.30704 4.44153 1.88748 3 0.498444 0.44887 
-4.28285 5.6102 -0.35009 4 -0.0963944 -0.144001 
-3.05032 6.3218 1.27862 8 -0.556927 0.35933 
-4.55705 5.45189 0.173982 17 -0.00612641 0.00793654 
-2.78176 6.47686 1.65747 19 -0.684071 0.497302 
-7.27042 3.88532 -0.762006 28 0.675887 -0.193579 
-2.71663 6.51445 0.575812 32 -0.687748 0.123471 
-5.58769 4.85685 -0.0889875 33 0.290594 -0.0551618 
-4.90516 5.25091 0.957061 35 0.102238 0.221837 
-3.74583 5.92025 -0.779907 36 -0.272964 -0.273864 
-3.03012 6.33346 -0.976834 38 -0.533573 -0.356552 
-4.01906 5.7625 0.688089 42 -0.187718 0.154669 
-6.52013 4.31851 -0.668232 44 0.516472 -0.183118 
-5.48126 4.9183 1.10702 45 0.270913 0.258374 
-5.01404 5.18805 -1.36312 47 0.130002 -0.389808 
-5.40315 4.96339 -0.284863 49 0.237931 -0.109447 
-3.33545 6.15718 -0.435976 52 -0.419696 -0.185739 
-6.99514 4.04426 0.162238 53 0.633672 0.0111117 
-7.12929 3.9668 -0.413303 57 0.657267 -0.113206 
-4.59121 5.43217 1.87801 62 0.0100791 0.501172 
-6.35552 4.41354 0.367926 65 0.493054 0.0615595 
-3.74961 5.91807 1.32639 66 -0.281862 0.359222 
-3.617 5.99463 -1.57595 71 -0.306289 -0.497926 
-6.73615 4.19379 -0.772225 73 0.565374 -0.20465 
-4.04408 5.74805 -1.06717 77 -0.172554 -0.343914 
-4.14277 5.69108 0.84443 78 -0.138568 0.198294 
-7.01524 4.03265 0.767731 80 0.650221 0.157391 
-6.84889 4.1287 -1.69131 81 0.579397 -0.400933 
-3.86191 5.85323 -1.48589 82 -0.230967 -0.46573 
-4.32489 5.58593 1.53801 86 -0.0814894 0.401677 
-4.13014 5.69837 -1.41351 88 -0.13955 -0.436961 
-3.16889 6.25334 -1.4501 90 -0.47431 -0.483691 
-4.96883 5.21415 -1.7676 92 0.112594 -0.492953 
-6.07518 4.57539 0.411442 94 0.4223 0.0710831 
-6.7471 4.18746 0.728183 95 0.58748 0.14967 
-6.83682 4.13566 0.932129 96 0.605654 0.20154 
-5.96131 4.64114 0.2828 99 0.391684 0.0402176 
-5.72779 4.77596 -0.0479517 100 0.327101 -0.0436167 
-3.51194 6.05528 0.00121058 101 -0.365157 -0.055755 
-4.97487 5.21066 0.882942 102 0.122615 0.201461 
-6.83515 4.13663 0.928504 104 0.613066 0.193783 
-5.91646 4.66703 -1.82728 105 0.359544 -0.469954 
-6.45698 4.35497 0.0373591 113 0.507127 -0.0194934 
-5.86459 4.69698 1.11578 115 0.37556 0.254331 
-3.7582 5.9131 1.64694 119 -0.284349 0.456682 
-4.62783 5.41102 -0.263344 122 0.0110968 -0.112866 
-5.82616 4.71917 1.05356 123 0.363461 0.239917 
-4.37657 5.55609 0.727218 125 -0.0626797 0.164731 
-4.73475 5.34929 -1.6572 126 0.047197 -0.475294 
-6.48824 4.33692 0.602459 130 0.524814 0.118416 
-6.25679 4.47054 0.905937 144 0.470679 0.195852 
-5.45173 4.93535 -0.474326 153 0.251832 -0.154098 
-2.79823 6.46735 0.492322 157 -0.649276 0.0973751 
-3.75274 5.91626 -1.57757 159 -0.264804 -0.493999 
-5.18032 5.09204 -1.54133 165 0.173434 -0.424739 
-5.69185 4.79671 -0.755463 167 0.309239 -0.223202 
-6.08649 4.56887 1.43535 170 0.437369 0.333285 
-6.68884 4.2211 0.597207 171 0.572781 0.119863 
-5.13805 5.11645 1.50194 175 0.176026 0.370999 
-6.73975 4.1917 -1.74479 178 0.549959 -0.419642 
-5.92197 4.66385 1.33939 179 0.391867 0.313617 
-5.55644 4.87489 1.22347 180 0.291186 0.290769 
-5.92731 4.66077 1.73781 182 0.397903 0.418462 
-5.70558 4.78878 -0.80519 184 0.315995 -0.233127 
-4.00147 5.77265 1.17768 189 -0.189774 0.301131 
-6.79289 4.16102 0.492295 190 0.593847 0.0923718 
-3.97857 5.78587 -1.48671 197 -0.191532 -0.460496 
-3.48498 6.07085 0.402763 199 -0.373299 0.0738459 
-4.54546 5.45858 1.2223 207 -0.010148 0.3062 
-2.75916 6.4899 1.6333 210 -0.688605 0.487777 
-6.12407 4.54717 1.70161 211 0.446944 0.404991 
-2.88473 6.41741 -0.980824 212 -0.58531 -0.360481 
-4.20889 5.6529 1.89089 215 -0.121155 0.51935 
-6.59885 4.27306 -1.66716 216 0.523064 -0.407804 
-5.75689 4.75916 -1.40167 219 0.318442 -0.372177 
-4.56488 5.44737 -0.00874334 220 -0.00535635 -0.0445245 
-3.28265 6.18767 0.466932 221 -0.449847 0.0873039 
-2.92339 6.39508 1.13342 229 -0.612622 0.314401 
-6.86074 4.12186 0.00652214 233 0.603588 -0.0231642 
-5.83224 4.71566 -1.67191 237 0.34143 -0.431949 
-7.02658 4.02611 -1.06432 239 0.620824 -0.26118 
-4.83444 5.29174 -0.69456 244 0.0726672 -0.22246 
-2.65581 6.54957 -0.244999 247 -0.694267 -0.139829 
-6.54441 4.30449 1.25315 248 0.54785 0.282362 
-3.8183 5.87841 -0.432496 250 -0.248425 -0.172402 
