-7 -1.78251 -2.62609 53 -0.285769 -0.404018 
-7 -0.29883 -1.326 55 -0.0115714 -0.08259 
-7 0.46862 -2.98529 58 -0.393816 0.0933744 
-7 -1.05185 -1.49538 60 -0.0458631 -0.256052 
-7 -1.03485 -3.75523 61 -0.525541 -0.237127 
-7 -0.184126 -2.39523 62 -0.256633 -0.0553416 
-7 1.26508 -0.184774 63 0.272575 0.320287 
-7 0.577231 -1.47952 76 -0.0544572 0.128578 
-7 -1.86155 -2.22478 77 -0.200135 -0.425681 
-7 0.821262 -3.48263 80 -0.504746 0.171688 
-7 -0.166603 0.216342 87 0.37695 -0.0509637 
-7 1.69039 -1.92004 89 -0.170251 0.403572 
-7 1.40697 -4.3308 91 -0.689093 0.298459 
-7 0.312724 -0.335245 92 0.232238 0.0692103 
-7 -1.56958 -3.12031 95 -0.3902 -0.354014 
-7 -1.20087 -3.87679 97 -0.546181 -0.270865 
-7 1.52805 -2.92335 98 -0.397677 0.346452 
