1.69792 -0.977731 -7 104 538.267 16.5666 
5.64257 -0.481715 -7 109 123.188 70.5094 
2.26927 0.767181 -7 111 406.597 252.553 
2.74139 -0.240151 -7 113 373.72 114.596 
4.50714 -1.04124 -7 119 215.098 14.493 
2.98659 0.138239 -7 123 337.117 158.817 
4.46367 -0.542201 -7 125 210.297 68.4202 
6.6867 0.183154 -7 127 53.4554 124.909 
3.77354 -0.887468 -7 133 277.725 30.9836 
6.08103 -0.977971 -7 134 101.877 23.0414 
3.34213 1.4046 -7 137 274.473 298.387 
0.97797 0.750031 -7 138 602.039 292.227 
4.29646 -0.0380129 -7 139 215.608 123.443 
6.59087 -1.1778 -7 141 74.2059 5.52646 
4.8725 1.3091 -7 142 150.494 251.344 
6.26277 1.2623 -7 143 64.3594 222.262 
1.9715 1.13953 -7 144 435.585 310.355 
1.45576 0.553777 -7 145 527.899 246.761 
7 0.781169 -6.98961 200 30.0431 172.063 
