1.69792 -0.977731 -7 104 0.54042 -0.505913 
5.64257 -0.481715 -7 109 -0.378887 -0.377981 
2.26927 0.767181 -7 111 0.242307 0.0159372 
2.74139 -0.240151 -7 113 0.169964 -0.285595 
4.50714 -1.04124 -7 119 -0.179916 -0.502181 
2.98659 0.138239 -7 123 0.088898 -0.188387 
4.46367 -0.542201 -7 125 -0.189841 -0.38412 
6.6867 0.183154 -7 127 -0.527625 -0.259327 
3.77354 -0.887468 -7 133 -0.0423522 -0.467519 
6.08103 -0.977971 -7 134 -0.42577 -0.480715 
3.34213 1.4046 -7 137 -0.0480877 0.114188 
0.97797 0.750031 -7 138 0.679641 0.104123 
4.29646 -0.0380129 -7 139 -0.177693 -0.264336 
6.59087 -1.1778 -7 141 -0.485766 -0.518132 
4.8725 1.3091 -7 142 -0.31706 0.0121507 
6.26277 1.2623 -7 143 -0.502152 -0.0503909 
1.9715 1.13953 -7 144 0.306209 0.141875 
1.45576 0.553777 -7 145 0.513198 0.00381076 
7 0.781169 -6.98961 200 -0.576398 -0.157807 
