5.64257 -0.481715 -7 109 628.875 219.708 
6.30632 -1.54879 -7 115 560.954 149.425 
6.6867 0.183154 -7 127 553.571 288.794 
6.46481 -1.88245 -7 128 546.507 129.675 
6.08103 -0.977971 -7 134 584.495 187.639 
6.59087 -1.1778 -7 141 545.511 184.017 
6.26277 1.2623 -7 143 599.19 379.439 
6.4687 -1.97232 -7 149 545.317 123.385 
7 -0.0623122 -3.31422 152 271.007 270.496 
7 0.36994 -1.65205 155 80.8468 321.342 
7 -1.59791 -6.35011 157 481.624 158.498 
7 1.75895 -5.06184 159 427.627 438.1 
7 0.343459 -2.54532 160 192.003 314.384 
7 1.08732 -1.94397 162 116.887 408.676 
7 0.863395 -4.44339 163 373.747 357.724 
7 -0.724268 -3.10497 165 249.351 204.573 
7 -0.863938 -6.09367 166 473.119 210.329 
7 1.33843 -4.95324 172 416.255 398.871 
7 0.759759 -5.08223 173 421.097 344.05 
7 -0.518283 -3.0968 179 248.969 224.624 
7 0.741437 -4.00824 180 337.039 348.699 
7 -0.563655 -4.89557 181 398.26 228.715 
7 0.831841 -5.58946 182 456.33 347.652 
7 1.69172 -5.79597 183 477.549 422.404 
7 0.0865561 -4.29161 189 356.887 284.877 
7 -1.97934 -4.46413 190 358.627 109.563 
7 0.781169 -6.98961 200 538.303 336.694 
