-2.75039 -9.23619 0.329719 263 62.4689 197.658 
-3.07463 -8.67459 -1.54793 266 5.80439 2.78409 
-2.57499 -9.53998 1.60069 268 87.8765 305.081 
-2.72709 -9.27655 -1.48729 269 74.3463 32.0118 
-3.04378 -8.72802 1.54345 294 3.3494 312.818 
-3.06428 -8.69251 -0.666718 324 5.48399 96.4473 
-2.64072 -9.42615 1.95256 355 76.0319 335.673 
-2.75281 -9.23199 0.225616 395 62.1809 188.933 
-2.74941 -9.23788 0.292754 416 63.1601 197.16 
-2.88356 -9.00553 1.61269 428 36.0695 315.597 
-2.84073 -9.07972 -1.27039 435 52.987 44.6959 
-2.97704 -8.84361 -0.559065 449 24.1598 108.802 
-2.83311 -9.09292 -0.904736 454 53.1509 82.4378 
-2.82678 -9.10387 0.818773 460 46.9692 243.282 
-2.94605 -8.89729 1.87197 478 23.7198 340.87 
-2.61113 -9.47739 -1.5069 492 93.8297 37.2197 
-0.751588 -8.51683 0.0534651 508 232.63 189.051 
-0.489466 -8.3655 1.99316 509 241.39 387.113 
1.01972 -7.49417 -0.323822 518 445.409 155.363 
1.55304 -7.18626 -0.142317 519 532.107 189.283 
0.57886 -7.7487 0.424617 532 372.379 247.814 
-1.33469 -8.85349 -0.250941 535 184.096 155.221 
1.74656 -7.07452 -0.649775 536 579.199 114.199 
-0.805849 -8.54816 -1.1322 539 235.387 62.8341 
-1.55768 -8.98223 1.00965 540 159.332 270.317 
-2.54087 -9.54988 -1.96382 546 105.004 2.0767 
-0.435565 -8.33438 0.0499532 548 261.786 191.099 
1.31384 -7.32436 1.35338 549 466.878 384.322 
0.488173 -7.80106 0.703509 550 359.769 279.257 
-2.17518 -9.33875 -0.02102 551 118.227 172.853 
-1.37853 -8.8788 -0.140968 554 179.451 164.625 
-0.337383 -8.27769 -1.23289 555 283.437 49.3957 
0.766945 -7.64011 0.115194 558 403.869 211.82 
1.77128 -7.06025 -1.32111 560 598.01 7.89145 
-0.751362 -8.5167 -0.54808 562 234.22 126.641 
-2.39776 -9.46725 -1.50147 566 111.214 40.7272 
-0.453946 -8.34499 1.0501 568 251.381 296.839 
1.27527 -7.34662 -0.861902 571 493.888 82.2591 
-0.48463 -8.36271 0.158388 572 257.441 201.828 
-1.19047 -8.77022 1.45663 578 184.227 318.286 
-0.0029851 -8.08463 -0.961949 580 319.257 78.6594 
1.33215 -7.31379 -0.490916 582 500.621 135.388 
-0.413276 -8.32151 0.783569 583 256.954 268.632 
-1.13416 -8.73771 1.81808 584 185.257 353.257 
-2.13398 -9.31496 -0.61668 585 126.333 119.354 
-1.80668 -9.12599 1.44164 586 138.126 304.639 
0.848258 -7.59316 -0.946016 591 428.505 73.1839 
1.26618 -7.35187 -0.159086 592 482.4 181.193 
-0.665112 -8.46691 -0.0591155 593 241.579 180.759 
-1.05884 -8.69422 -0.500411 598 207.245 131.575 
-1.85453 -9.15362 1.00414 599 136.123 267.909 
-0.29479 -8.2531 -0.936867 601 285.522 82.1876 
-1.02236 -8.67316 1.83715 602 195.609 359.126 
-0.41102 -8.32021 0.556759 610 259.304 246.792 
-2.0658 -9.2756 0.128408 612 125.06 187.434 
-2.28434 -9.40177 0.767727 616 110.139 239.963 
-0.478158 -8.35897 -0.638973 621 263.667 117.195 
-1.39269 -8.88697 -0.919729 622 182.318 90.0577 
-1.85496 -9.15386 1.85126 623 131.727 340.23 
-2.10532 -9.29841 0.971801 625 119.652 258.934 
-0.802806 -8.5464 1.53266 628 216.09 336.594 
-0.197251 -8.19679 0.70261 629 280.97 265.412 
0.695133 -7.68157 0.336635 637 389.485 237.499 
1.97066 -6.94514 1.58752 638 574.917 447.081 
-1.41788 -8.90152 -1.16565 639 182.551 66.387 
-0.795119 -8.54197 -0.566815 642 231.901 124.746 
-1.37552 -8.87706 0.232198 643 174.971 200.651 
-1.56414 -8.98596 -0.787846 645 166.747 102.564 
-0.814491 -8.55315 0.400562 646 223.384 222.521 
-0.0537926 -8.11396 -0.334741 647 306.078 151.259 
0.479792 -7.8059 1.79524 652 346.089 402.868 
1.77898 -7.05581 0.424263 655 563.742 273.713 
0.279953 -7.92127 1.12217 656 327.681 319.316 
-0.574829 -8.41478 0.349602 657 245.151 222.282 
0.172776 -7.98315 1.03516 658 317.021 308.448 
-1.00763 -8.66466 -0.50403 660 211.286 130.14 
1.12851 -7.43136 0.338853 661 452.166 245.836 
-0.613939 -8.43736 -0.547652 664 249.218 126.359 
-0.867771 -8.58391 0.768917 668 217.058 259.34 
-0.769826 -8.52736 1.76192 670 217.626 359.133 
-0.250485 -8.22752 -1.46169 672 294.828 20.6625 
-1.48552 -8.94057 0.517606 676 167.977 227.84 
-1.10245 -8.71941 -0.567007 677 203.724 122.521 
0.0842166 -8.03428 0.452304 685 312.844 242.217 
1.43203 -7.25612 -1.20582 693 530.75 31.0782 
0.676712 -7.6922 0.794688 695 382.513 294.46 
0.242541 -7.94287 -1.30659 700 349.862 34.1343 
0.735422 -7.65831 -0.141939 702 402.834 178.819 
-0.0286901 -8.09947 1.01989 704 295.76 302.326 
-2.31293 -9.41827 1.81431 707 101.729 325.938 
2.02484 -6.91386 0.215523 713 617.536 247.77 
1.12928 -7.43091 0.660268 716 448.662 287.846 
-0.939569 -8.62536 -0.32294 718 216.294 151.146 
-1.908 -9.18449 1.52916 719 131.378 309.456 
1.34298 -7.30754 -1.15975 722 513.163 39.349 
-0.734402 -8.50691 1.2467 730 223.702 310.638 
1.28778 -7.33941 1.94479 733 451.681 457.472 
-0.562661 -8.40776 1.95132 740 236.078 382.185 
-0.329699 -8.27326 1.956 745 256.9 391.56 
-1.49578 -8.94649 0.981389 746 162.842 269.385 
-0.0589625 -8.11695 -0.531896 750 308.78 128.242 
