5.64257 -0.481715 -7 109 -0.033963 -0.122676 
2.74139 -0.240151 -7 113 0.572683 -0.0624901 
6.30632 -1.54879 -7 115 -0.119654 -0.310054 
4.50714 -1.04124 -7 119 0.148012 -0.248506 
2.98659 0.138239 -7 123 0.491833 0.0377675 
4.46367 -0.542201 -7 125 0.15414 -0.138742 
6.6867 0.183154 -7 127 -0.159106 -0.011392 
6.46481 -1.88245 -7 128 -0.138856 -0.365794 
3.77354 -0.887468 -7 133 0.299273 -0.226955 
6.08103 -0.977971 -7 134 -0.0914302 -0.210935 
3.34213 1.4046 -7 137 0.381371 0.337907 
4.29646 -0.0380129 -7 139 0.183623 -0.0275813 
6.59087 -1.1778 -7 141 -0.151664 -0.239345 
4.8725 1.3091 -7 142 0.0781481 0.232409 
6.26277 1.2623 -7 143 -0.110178 0.173428 
6.4687 -1.97232 -7 149 -0.139485 -0.381784 
7 -1.59791 -6.35011 157 -0.28851 -0.320802 
7 1.75895 -5.06184 159 -0.493873 0.322726 
7 0.863395 -4.44339 163 -0.645348 0.174104 
7 -0.863938 -6.09367 166 -0.325314 -0.192268 
7 1.33843 -4.95324 172 -0.520692 0.247286 
7 0.759759 -5.08223 173 -0.499301 0.126912 
7 -0.563655 -4.89557 181 -0.554216 -0.144748 
7 0.831841 -5.58946 182 -0.400635 0.123917 
7 1.69172 -5.79597 183 -0.35932 0.269188 
7 -1.97934 -4.46413 190 -0.682554 -0.488774 
7 0.781169 -6.98961 200 -0.191155 0.079074 
