1.69792 -0.977731 -7 104 495.843 37.6048 
5.64257 -0.481715 -7 109 90.3898 85.6196 
2.26927 0.767181 -7 111 372.468 268.612 
2.74139 -0.240151 -7 113 339.141 131.526 
4.50714 -1.04124 -7 119 182.715 31.0665 
2.98659 0.138239 -7 123 303.625 175.158 
4.46367 -0.542201 -7 125 177.869 84.4289 
6.6867 0.183154 -7 127 18.8977 139.832 
3.77354 -0.887468 -7 133 244.662 48.1827 
6.08103 -0.977971 -7 134 69.1772 37.9397 
3.34213 1.4046 -7 137 242.087 315.616 
0.97797 0.750031 -7 138 561.445 306.977 
4.29646 -0.0380129 -7 139 183.103 139.327 
6.59087 -1.1778 -7 141 41.2877 20.0684 
4.8725 1.3091 -7 142 117.036 268.472 
6.26277 1.2623 -7 143 29.0713 239.009 
1.9715 1.13953 -7 144 401.41 326.365 
1.45576 0.553777 -7 145 489.822 262.373 
