-6.33365 0.109205 7 44 588.783 139.439 
-6.25916 0.145289 7 48 594.197 142.718 
-7 0.21307 2.3409 51 168.318 102.595 
-7 -0.503339 4.01391 52 345.365 48.8304 
-7 -0.64261 4.44771 54 383.459 41.9015 
-7 -0.441068 2.32778 56 168.432 21.4191 
-7 1.81819 2.50338 57 182.41 280.028 
-7 1.50288 1.91462 59 114.396 248.625 
-7 0.78654 5.75191 68 460.088 186.139 
-7 -0.100249 4.19611 69 357.048 93.3571 
-7 -0.527577 4.46053 71 383.244 53.8973 
-7 -0.14175 5.47309 72 453.248 104.316 
-7 1.61955 6.53315 73 496.043 251.599 
-7 1.51818 2.67054 81 201.399 248.915 
-7 0.883221 6.2108 82 486.742 195.381 
-7 -0.72299 3.2493 84 274.466 8.70413 
-7 1.48523 2.57162 86 190.886 245.674 
-7 1.20864 2.59145 88 194.009 216.665 
-7 1.46933 5.82185 93 456.454 240.991 
-7 -0.576654 5.65743 96 470.988 67.1144 
