1.69792 -0.977731 -7 104 558.656 9.69844 
5.64257 -0.481715 -7 109 138.38 66.9071 
2.26927 0.767181 -7 111 423.244 248.408 
2.74139 -0.240151 -7 113 390.174 109.945 
4.50714 -1.04124 -7 119 230.052 10.1319 
2.98659 0.138239 -7 123 353.095 154.5 
4.46367 -0.542201 -7 125 225.388 64.3272 
6.6867 0.183154 -7 127 69.5163 121.437 
3.77354 -0.887468 -7 133 293.108 26.2643 
6.08103 -0.977971 -7 134 116.913 19.5675 
3.34213 1.4046 -7 137 290.153 293.808 
0.97797 0.750031 -7 138 622.432 288.676 
4.29646 -0.0380129 -7 139 230.863 119.412 
6.59087 -1.1778 -7 141 89.2953 2.24998 
4.8725 1.3091 -7 142 166.385 246.836 
6.26277 1.2623 -7 143 80.9404 217.963 
1.9715 1.13953 -7 144 452.467 306.291 
1.45576 0.553777 -7 145 546.727 242.761 
7 0.781169 -6.98961 200 46.7513 168.289 
