-3.11304 -8.60806 -1.9166 254 0.277081 -0.288108 
-3.48222 -7.96863 1.84681 255 0.30847 0.466912 
-2.75039 -9.23619 0.329719 263 0.455409 0.102318 
-3.07463 -8.67459 -1.54793 266 0.301102 -0.228447 
-2.57499 -9.53998 1.60069 268 0.554128 0.324252 
-2.72709 -9.27655 -1.48729 269 0.390964 -0.211892 
-5.23237 -4.93727 0.70564 274 -0.585348 0.409225 
-3.88769 -7.26632 -1.50954 277 0.0349099 -0.230549 
-4.24528 -6.64697 0.694015 279 -0.0278518 0.279041 
-5.01096 -5.32075 -0.777348 280 -0.480086 -0.0474529 
-3.32874 -8.23445 -1.42324 285 0.228295 -0.206699 
-3.49888 -7.93976 0.772929 286 0.256424 0.235024 
-5.29575 -4.82749 -1.96199 288 -0.68415 -0.366778 
-4.95189 -5.42307 -0.262658 289 -0.428602 0.0896793 
-4.9932 -5.35153 -1.23628 292 -0.475198 -0.168522 
-3.44968 -8.02497 0.167007 293 0.249381 0.102915 
-3.04378 -8.72802 1.54345 294 0.433474 0.353996 
-3.22332 -8.41705 1.89644 304 0.390982 0.452154 
-3.93868 -7.178 -1.57121 306 0.0172842 -0.242585 
-5.13363 -5.10828 -1.10309 312 -0.558216 -0.131467 
-3.32508 -8.2408 -1.51403 315 0.226362 -0.22341 
-3.63057 -7.71167 -1.43695 316 0.12843 -0.215021 
-4.92427 -5.47091 0.898447 318 -0.377277 0.420075 
-4.81248 -5.66455 -1.64507 319 -0.381939 -0.269187 
-3.09129 -8.64573 1.79249 320 0.426455 0.411389 
-4.10365 -6.89227 -1.45523 322 -0.0467253 -0.219829 
-3.06428 -8.69251 -0.666718 324 0.336258 -0.0714354 
-4.30377 -6.54565 0.385968 326 -0.0647611 0.208249 
-5.23373 -4.93491 -1.84234 327 -0.640208 -0.331663 
-4.07384 -6.9439 0.0649336 330 0.0212497 0.115715 
-4.85494 -5.591 -1.94807 331 -0.412572 -0.342539 
-3.49997 -7.93787 0.446165 333 0.246504 0.159397 
-3.35488 -8.18918 1.50964 334 0.336637 0.37668 
-4.50583 -6.19567 0.376914 336 -0.1605 0.224973 
-4.09708 -6.90364 0.281542 338 0.0193304 0.167867 
-3.77569 -7.46032 0.825581 340 0.162585 0.266122 
-4.16753 -6.78163 0.981089 341 0.0171816 0.343078 
-5.29142 -4.83499 -0.290764 343 -0.648255 0.10612 
-4.78378 -5.71426 0.966713 344 -0.292118 0.418861 
-4.31667 -6.52331 1.57757 348 -0.0265257 0.514758 
-3.62005 -7.72989 0.845456 350 0.215817 0.256197 
-4.2793 -6.58803 -1.32765 353 -0.114366 -0.189458 
-2.64072 -9.42615 1.95256 355 0.551764 0.39816 
-3.10287 -8.62567 -0.357131 361 0.339387 -0.0151165 
-4.93982 -5.44397 -1.05261 362 -0.439778 -0.124851 
-3.98712 -7.09411 0.170839 364 0.0578703 0.137679 
-4.44212 -6.30602 -1.20213 365 -0.181896 -0.163891 
-3.32955 -8.23305 -1.41411 368 0.232581 -0.201051 
-2.62582 -9.45194 -1.96759 374 0.400822 -0.295374 
-5.20485 -4.98493 0.860305 376 -0.563998 0.455821 
-5.0994 -5.16757 -0.624233 381 -0.524252 -0.000740882 
-3.72571 -7.54688 0.335972 382 0.164338 0.156611 
-3.02092 -8.76762 -1.67324 386 0.313548 -0.247961 
-5.24676 -4.91235 0.215207 389 -0.607264 0.255288 
-3.14704 -8.54917 1.54174 390 0.399986 0.370876 
-4.97755 -5.37862 1.00983 392 -0.406307 0.462316 
-4.85021 -5.5992 -1.40794 394 -0.394534 -0.213035 
-2.75281 -9.23199 0.225616 395 0.44798 0.0813684 
-3.18967 -8.47533 1.85927 400 0.402644 0.434938 
-3.33676 -8.22056 -0.399899 404 0.262297 -0.0118021 
-3.20418 -8.4502 0.757211 405 0.349258 0.207494 
-3.32846 -8.23494 1.89335 407 0.361304 0.462017 
-4.67743 -5.89845 0.0191106 408 -0.260316 0.146443 
-4.7162 -5.8313 -1.22464 411 -0.321276 -0.169024 
-3.05904 -8.70159 0.925619 412 0.40125 0.231982 
-2.74941 -9.23788 0.292754 416 0.454767 0.0944125 
-4.24744 -6.64321 -1.92173 418 -0.119556 -0.317165 
-4.59318 -6.04438 0.332137 419 -0.206881 0.221222 
-3.28794 -8.30512 -0.582867 425 0.273867 -0.0439884 
-4.10084 -6.89714 -0.211774 427 -0.00357142 0.0553176 
-2.88356 -9.00553 1.61269 428 0.474369 0.354697 
-3.57786 -7.80296 1.13653 429 0.248297 0.319204 
-4.2527 -6.63411 -0.951124 431 -0.0895327 -0.108931 
-4.54469 -6.12836 -1.52013 432 -0.237259 -0.234865 
-3.71801 -7.56021 -1.73791 433 0.0889804 -0.270522 
-2.84073 -9.07972 -1.27039 435 0.366719 -0.179474 
-5.16969 -5.04583 -0.141549 437 -0.563311 0.141433 
-4.68557 -5.88436 -1.8811 438 -0.318346 -0.320753 
-4.8407 -5.61566 -0.0396453 440 -0.35362 0.140835 
-4.21563 -6.69831 -0.927394 445 -0.0771782 -0.102162 
-4.75369 -5.76637 0.970583 446 -0.274287 0.415831 
-4.02746 -7.02424 -1.63148 447 -0.0204121 -0.250176 
-2.97704 -8.84361 -0.559065 449 0.36244 -0.0491958 
-4.46089 -6.27351 1.45209 451 -0.102827 0.506506 
-3.13049 -8.57784 0.930095 453 0.37669 0.239622 
-2.83311 -9.09292 -0.904736 454 0.389254 -0.116602 
-3.07985 -8.66554 0.939564 456 0.396856 0.237791 
-2.82678 -9.10387 0.818773 460 0.453416 0.19521 
-5.32858 -4.77062 -1.23715 462 -0.692109 -0.167687 
-4.41902 -6.34603 0.58457 470 -0.113058 0.27169 
-5.14801 -5.08339 0.214391 472 -0.540441 0.245844 
-4.6459 -5.95307 0.77707 474 -0.218788 0.345609 
-2.94605 -8.89729 1.87197 478 0.470985 0.410954 
-3.62908 -7.71426 0.283949 480 0.194073 0.141078 
-4.72984 -5.80768 1.01961 483 -0.2596 0.429514 
-3.75747 -7.49188 -0.114405 484 0.134503 0.0573971 
-4.07094 -6.94893 1.07534 490 0.0613883 0.353599 
-4.92481 -5.46997 -1.54112 491 -0.44352 -0.248794 
-2.61113 -9.47739 -1.5069 492 0.419853 -0.218863 
-3.63585 -7.70252 0.600044 494 0.204443 0.202511 
-5.30136 -4.81777 0.489233 495 -0.640341 0.352574 
-3.6271 -7.71768 0.36592 497 0.197405 0.156643 
-3.46213 -8.00341 0.473249 499 0.254949 0.166811 
-3.9326 -7.18855 1.52347 500 0.132477 0.443585 
-2.54087 -9.54988 -1.96382 546 0.41855 -0.289199 
-2.17518 -9.33875 -0.02102 551 0.561598 0.0194308 
-1.35618 -8.8659 -1.86663 561 0.656777 -0.402462 
-2.39776 -9.46725 -1.50147 566 0.462985 -0.225749 
-2.13398 -9.31496 -0.61668 585 0.544091 -0.0987619 
-1.85453 -9.15362 1.00414 599 0.685133 0.214405 
-2.0658 -9.2756 0.128408 612 0.592587 0.0440875 
-2.28434 -9.40177 0.767727 616 0.570719 0.171777 
-1.43619 -8.91209 -1.99412 619 0.628347 -0.418334 
-2.10532 -9.29841 0.971801 625 0.61982 0.20818 
-1.41788 -8.90152 -1.16565 639 0.67694 -0.261194 
-1.56414 -8.98596 -0.787846 645 0.659554 -0.165071 
-2.31293 -9.41827 1.81431 707 0.615789 0.374241 
