1.50492 8.95177 -1.01173 5 8.15232 71.7244 
-2.36095 6.71981 0.0648834 6 517.699 104.259 
-0.178643 7.97976 0.508014 11 197.393 207.48 
0.882168 8.59222 -0.707979 12 70.4197 90.0146 
0.899845 8.60243 -1.45278 14 54.0852 5.60777 
0.308716 8.26114 -0.602419 18 126.884 87.1296 
-2.78176 6.47686 1.65747 19 617.545 342.076 
-0.834292 7.60122 -0.745649 20 261.397 36.06 
-2.65363 6.55083 1.42287 22 588.849 306.599 
-2.57331 6.5972 -0.0115366 25 559.918 84.6281 
1.53151 8.96712 0.925447 27 42.1808 270.994 
-1.29918 7.33282 1.56526 29 359.223 328.179 
-2.71663 6.51445 0.575812 32 594.931 174.931 
1.20489 8.77855 1.35968 34 76.0907 311.953 
0.643979 8.45471 0.172026 37 108.108 181.424 
1.0009 8.66077 1.01151 39 88.6074 273.904 
1.35417 8.86473 -1.19204 41 18.8612 48.7067 
-1.4565 7.24199 0.969849 43 374.215 252.515 
-2.14768 6.84294 -0.101629 51 475.788 86.1668 
-1.24468 7.36429 0.57792 55 339.064 204.376 
-0.449959 7.82312 -0.349133 56 218.67 100.943 
1.11916 8.72905 0.11871 59 62.7071 181.602 
0.976565 8.64672 0.659001 63 84.6872 236.567 
-1.42581 7.25971 0.982136 67 369.735 254.45 
-2.63329 6.56257 1.86537 75 587.72 370.588 
0.772201 8.52873 0.816256 76 105.603 252.648 
-2.18179 6.82325 0.0567123 84 481.109 105.188 
-1.81168 7.03693 1.23812 85 433.821 284.836 
-2.31638 6.74554 0.814643 87 516.38 217.671 
0.17216 8.1823 0.981234 106 169.421 267 
-1.22592 7.37512 0.548265 107 334.824 197.126 
-0.30588 7.9063 0.0837691 108 208.829 154.995 
-2.27819 6.76759 -0.186085 109 496.691 64.823 
1.53832 8.97105 -0.336704 110 17.349 143.033 
-0.383025 7.86176 0.22409 112 219.477 173.251 
1.39446 8.888 1.03195 114 53.9489 278.007 
-1.79023 7.04931 1.8524 116 437.668 365.073 
-0.803108 7.61923 -0.814071 117 252.85 28.8325 
1.29458 8.83033 1.97538 118 79.4428 370.668 
-0.964105 7.52628 0.885878 120 302.446 245.771 
1.68572 9.05615 0.970133 121 28.6223 274.474 
0.0926466 8.13639 -1.10015 128 140.583 22.2176 
-1.20685 7.38613 1.22507 129 342.633 287.424 
-2.44383 6.67196 -0.385326 131 527.709 30.1295 
1.04442 8.6859 0.452906 133 74.8241 217.521 
-1.33285 7.31338 0.696058 135 354.271 216.669 
-0.621084 7.72432 1.104 141 261.819 273.935 
-0.582336 7.74669 0.181318 147 242.305 162.733 
-0.447254 7.82468 0.726916 148 233.31 231.266 
-1.07075 7.46471 -0.23607 149 299.593 97.5824 
-0.106953 8.02115 -0.188349 150 180.57 126.825 
-2.79823 6.46735 0.492322 157 609.705 160.365 
-2.15233 6.84026 -0.0957294 160 476.244 85.2136 
-2.43306 6.67818 0.0756168 161 531.618 101.782 
1.18573 8.76749 -1.30616 163 28.8792 30.9192 
-0.717429 7.6687 0.357392 164 264.587 181.992 
-2.12399 6.85662 0.667081 166 480.064 200.062 
0.840218 8.568 1.74362 168 116.108 347.686 
0.0695622 8.12307 1.38063 169 187.983 307.704 
-1.10514 7.44485 1.99159 172 337.393 380.073 
0.827608 8.56072 -0.196826 177 84.2476 144.89 
0.817645 8.55497 1.17423 181 108.586 290.859 
1.11154 8.72465 -0.22035 188 57.6546 147.544 
-1.12203 7.4351 -0.763709 191 299.971 21.4645 
-0.560641 7.75922 -0.484044 192 227.953 81.6306 
1.01143 8.66685 -1.03298 194 50.1065 58.0109 
-1.21876 7.37925 1.56713 198 348.044 327.691 
-2.46086 6.66212 1.43715 200 551.888 309.236 
1.63059 9.02433 -0.54542 202 7.58572 123.117 
-2.60244 6.58039 -0.419929 205 560.364 16.2094 
0.530427 8.38915 0.212413 206 119.148 184.657 
-1.89242 6.99031 1.67854 209 452.813 344.127 
-2.75916 6.4899 1.6333 210 611.91 335.918 
-0.0829147 8.03503 0.967789 213 194.843 263.433 
-1.32904 7.31558 0.826885 214 352.344 234.375 
-2.20564 6.80948 0.351964 217 490.78 151.628 
0.498224 8.37055 -0.257251 218 113.041 131.723 
-1.18272 7.40006 -0.335728 222 315.483 80.3949 
1.50761 8.95332 1.78202 225 58.6106 349.909 
0.843826 8.57009 1.93717 228 117.766 367.743 
0.842776 8.56948 1.16326 230 107.577 289.323 
1.20088 8.77623 0.396294 235 61.3853 214.362 
-0.477256 7.80736 0.692004 238 238.262 226.631 
-2.63039 6.56425 -0.0067306 240 570.451 83.7117 
0.34969 8.2848 -0.208161 246 131.357 134.631 
-2.65581 6.54957 -0.244999 247 573.422 41.6566 
