-1.97014 0.361326 7 3 513.801 273.018 
-2.93389 0.906698 7 9 398.452 357.755 
-2.14837 -1.21575 7 10 452.89 76.004 
-4.80195 0.41523 7 21 218.287 317.916 
-3.28746 -0.347612 7 22 339.552 213.99 
-5.92999 -1.73451 7 23 131.48 146.24 
-5.37012 0.037908 7 24 175.947 287.842 
-5.21106 1.44812 7 29 197.683 423.11 
-5.40598 0.152698 7 30 174.458 298.807 
-2.84657 -0.836733 7 31 377.843 146.852 
-3.76175 1.7333 7 32 322.447 460.36 
-2.21352 -0.0799941 7 33 468.905 219.487 
-5.875 -0.508694 7 36 141.508 246.159 
-4.02466 -0.174699 7 39 273.83 247.624 
-3.22548 0.288125 7 40 355.572 285.401 
-5.59816 -0.619665 7 42 157.172 232.31 
-3.26615 1.27581 7 43 367.187 405.478 
-6.33365 0.109205 7 44 119.274 304.092 
-2.70348 -0.732172 7 47 395.503 154.16 
-6.25916 0.145289 7 48 123.533 306.478 
-7 1.61955 6.53315 73 52.738 447.984 
-7 0.883221 6.2108 82 20.0752 386.693 
