-7 0.21307 2.3409 51 -0.134123 -0.136073 
-7 -0.503339 4.01391 52 0.221988 -0.266932 
-7 -0.64261 4.44771 54 0.301454 -0.286638 
-7 -0.441068 2.32778 56 -0.129946 -0.295768 
-7 1.81819 2.50338 57 -0.114963 0.227253 
-7 1.50288 1.91462 59 -0.247257 0.164613 
-7 0.78654 5.75191 68 0.472696 0.00817288 
-7 -0.100249 4.19611 69 0.246791 -0.177372 
-7 -1.07602 2.04225 70 -0.193429 -0.469458 
-7 -0.527577 4.46053 71 0.301253 -0.262078 
-7 -0.14175 5.47309 72 0.453525 -0.166667 
-7 1.61955 6.53315 73 0.557981 0.150277 
-7 1.51818 2.67054 81 -0.0754262 0.160737 
-7 0.883221 6.2108 82 0.533131 0.0260536 
-7 -0.72299 3.2493 84 0.0778784 -0.3366 
-7 1.48523 2.57162 86 -0.0963903 0.154488 
-7 1.20864 2.59145 88 -0.0888729 0.0937415 
-7 1.46933 5.82185 93 0.467354 0.128998 
-7 -0.576654 5.65743 96 0.490592 -0.247388 
-7 -1.0576 1.73598 99 -0.273599 -0.478716 
