-2.93389 0.906698 7 9 0.649385 0.368814 
-4.80195 0.41523 7 21 0.181197 0.215658 
-3.28746 -0.347612 7 22 0.491435 0.0248936 
-5.92999 -1.73451 7 23 -0.0351945 -0.168287 
-5.37012 0.037908 7 24 0.0796469 0.140439 
-5.21106 1.44812 7 29 0.13864 0.41957 
-5.40598 0.152698 7 30 0.0770104 0.162543 
-2.84657 -0.836733 7 31 0.603056 -0.125231 
-5.875 -0.508694 7 36 -0.00267797 0.045104 
-4.02466 -0.174699 7 39 0.31636 0.0827574 
-3.22548 0.288125 7 40 0.533446 0.191779 
-5.59816 -0.619665 7 42 0.0318776 0.019988 
-3.26615 1.27581 7 43 0.560468 0.457684 
-6.33365 0.109205 7 44 -0.0466514 0.157011 
-2.70348 -0.732172 7 47 0.654731 -0.103929 
-6.25916 0.145289 7 48 -0.0370614 0.163018 
-7 -0.503339 4.01391 52 -0.686775 0.125517 
-7 -0.64261 4.44771 54 -0.575014 0.0815247 
-7 0.78654 5.75191 68 -0.283943 0.321789 
-7 -0.100249 4.19611 69 -0.628572 0.213895 
-7 -0.527577 4.46053 71 -0.569603 0.106741 
-7 -0.14175 5.47309 72 -0.349919 0.157073 
-7 1.61955 6.53315 73 -0.151643 0.427385 
-7 0.883221 6.2108 82 -0.210687 0.316486 
-7 1.46933 5.82185 93 -0.259247 0.44608 
-7 -0.576654 5.65743 96 -0.325905 0.0706807 
