-7 -0.29883 -1.326 55 0.285039 -0.177665 
-7 0.46862 -2.98529 58 -0.102738 0.00332914 
-7 -1.05185 -1.49538 60 0.245673 -0.370998 
-7 -1.03485 -3.75523 61 -0.259382 -0.327451 
-7 -0.184126 -2.39523 62 0.0239613 -0.144674 
-7 1.26508 -0.184774 63 0.590211 0.238604 
-7 0.0943094 -5.21035 64 -0.503374 -0.0826674 
-7 1.11392 -6.02536 65 -0.615274 0.103635 
-7 0.886694 -5.35798 67 -0.519601 0.0686614 
-7 1.34911 -4.82912 74 -0.433355 0.163029 
-7 0.577231 -1.47952 76 0.239589 0.0413992 
-7 0.694743 -5.33965 78 -0.518406 0.0324844 
-7 0.821262 -3.48263 80 -0.200324 0.0750207 
-7 -1.84392 -6.0007 85 -0.641397 -0.457825 
-7 1.69039 -1.92004 89 0.128021 0.294237 
-7 -0.295975 -5.19552 90 -0.504269 -0.15953 
-7 1.40697 -4.3308 91 -0.350578 0.182258 
-7 0.312724 -0.335245 92 0.558692 -0.0164964 
-7 -1.56958 -3.12031 95 -0.134221 -0.463102 
-7 -1.20087 -3.87679 97 -0.283179 -0.362524 
-7 1.52805 -2.92335 98 -0.0888228 0.234072 
-7 -0.609874 -5.90804 100 -0.615235 -0.217221 
