7 -0.0623122 -3.31422 152 414.423 250.177 
7 0.36994 -1.65205 155 245.12 295.126 
7 0.947338 -0.351981 158 82.4586 367.548 
7 1.75895 -5.06184 159 553.343 418.635 
7 0.343459 -2.54532 160 340.051 291.509 
7 -0.647617 -0.188366 161 65.1075 169.968 
7 1.08732 -1.94397 162 275.318 373.668 
7 0.863395 -4.44339 163 507.991 339.271 
7 -0.724268 -3.10497 165 396.942 182.299 
7 -0.863938 -6.09367 166 631.699 185.765 
7 1.33843 -4.95324 172 546.234 381.032 
7 0.759759 -5.08223 173 557.224 327.798 
7 -0.518283 -3.0968 179 395.634 203.258 
7 0.741437 -4.00824 180 472.817 329 
7 -0.563655 -4.89557 181 546.446 206.92 
7 0.831841 -5.58946 182 593.542 332.878 
7 1.69172 -5.79597 183 605.872 407.373 
7 -0.443496 -0.586995 184 118.22 197.91 
7 -1.20096 -0.713027 185 136.928 107.947 
7 -0.746732 -0.782938 186 144.448 162.958 
7 0.0865561 -4.29161 189 497.743 266.049 
7 -1.97934 -4.46413 190 516.614 72.032 
7 -1.56385 -0.742436 193 141.823 64.9424 
7 1.83558 -1.14915 198 182.001 465.739 
