4.31342 6.52894 -1.60055 753 0.480169 -0.29297 
5.20903 4.97769 -0.50044 755 0.0913376 0.0115127 
4.31954 6.51834 0.440036 760 0.569346 0.203311 
6.15778 3.33441 -0.551726 764 -0.42334 0.0494418 
4.46197 6.27165 0.273057 769 0.492754 0.16532 
5.03444 5.28009 -1.71136 772 0.137322 -0.295363 
5.86576 3.8402 -1.56683 775 -0.282723 -0.235143 
4.57465 6.07647 -0.980151 777 0.379975 -0.138105 
5.7277 4.07932 -1.90892 781 -0.213239 -0.31844 
5.84347 3.87882 -1.54309 787 -0.264713 -0.22626 
4.09862 6.90098 -0.651429 789 0.611968 -0.0783779 
6.3358 3.02608 -0.89504 793 -0.536859 -0.0343002 
5.18216 5.02423 -0.915456 795 0.0952988 -0.0949185 
5.95878 3.67909 -1.91848 799 -0.337214 -0.314418 
4.59582 6.03981 -1.8766 800 0.338382 -0.344892 
4.05686 6.97332 -1.81735 802 0.583344 -0.344277 
4.51996 6.17121 -1.82406 806 0.372397 -0.337005 
5.10188 5.16328 -1.16456 819 0.123458 -0.16098 
5.52148 4.43652 -0.0547931 822 -0.0540596 0.143906 
5.5405 4.40357 -1.44396 835 -0.102324 -0.211043 
4.15625 6.80116 -0.0422045 847 0.621596 0.0698138 
4.99376 5.35056 -0.727822 848 0.192448 -0.0555247 
5.62913 4.25005 -0.845981 855 -0.133637 -0.0575333 
4.56207 6.09827 -1.67131 861 0.366512 -0.301717 
5.34442 4.7432 -0.804129 863 0.014604 -0.0624669 
4.3546 6.4576 0.374594 864 0.546175 0.186772 
4.06751 6.95487 -1.6458 865 0.58245 -0.308013 
6.53997 2.67244 -0.861665 866 -0.657449 -0.0129975 
4.94977 5.42675 -0.328941 868 0.234742 0.0385651 
6.4243 2.87279 -0.337461 872 -0.579122 0.1286 
5.87176 3.82982 -1.86513 873 -0.292325 -0.30646 
4.41808 6.34766 -1.43643 876 0.437139 -0.252705 
5.30638 4.80908 -0.846641 879 0.0293197 -0.0742353 
4.56699 6.08973 -1.84141 883 0.357773 -0.335485 
4.79043 5.70272 0.841803 884 0.359312 0.347617 
5.48992 4.49117 1.01765 885 -0.00547367 0.448547 
6.14997 3.34793 -0.772956 886 -0.425792 -0.00540397 
6.38369 2.94312 -0.846468 889 -0.561333 -0.0160672 
4.38822 6.39938 -1.26668 892 0.457146 -0.210994 
5.33186 4.76494 0.690372 894 0.0711603 0.342831 
5.88934 3.79937 -0.91473 896 -0.281484 -0.0621234 
5.07479 5.21021 -0.592079 897 0.16067 -0.0173952 
4.24153 6.65346 -1.08896 903 0.530266 -0.170061 
4.97651 5.38043 -1.78963 905 0.163031 -0.314068 
5.14042 5.09654 0.266927 906 0.155486 0.204034 
4.61439 6.00765 -1.15812 909 0.36118 -0.177727 
4.70431 5.85189 0.465414 910 0.381438 0.234822 
6.05282 3.51621 -1.75001 911 -0.3879 -0.273992 
4.24347 6.65009 0.760465 912 0.618028 0.277815 
4.81756 5.65573 0.693441 919 0.338514 0.302203 
4.74735 5.77734 -1.4318 921 0.285249 -0.235507 
3.89561 7.2526 -0.984565 922 0.685005 -0.163845 
5.93483 3.72057 -1.99581 926 -0.322199 -0.334854 
4.92972 5.46147 0.685045 928 0.282294 0.306475 
4.89688 5.51835 -1.08993 939 0.225193 -0.152508 
4.93218 5.45722 -0.369873 940 0.2361 0.0276617 
5.5287 4.42402 0.271974 943 -0.0534155 0.23786 
5.34394 4.74403 -0.45553 947 0.0260237 0.0332991 
5.85587 3.85734 -1.13495 948 -0.264859 -0.12573 
6.22795 3.21288 -0.545567 952 -0.466893 0.05675 
5.80798 3.94029 0.203205 953 -0.206599 0.240808 
4.95506 5.41758 -0.74361 957 0.213015 -0.0650921 
6.10007 3.43436 0.816237 960 -0.367242 0.445057 
5.615 4.27453 -0.380425 961 -0.116996 0.0638806 
5.29086 4.83597 -1.98418 962 0.00764251 -0.353287 
5.54904 4.38878 0.419383 964 -0.0585556 0.280512 
6.0817 3.46619 -1.62949 965 -0.40305 -0.235656 
6.53207 2.68613 -0.981663 967 -0.650687 -0.0453969 
4.28105 6.58501 -0.348295 969 0.544277 -0.00325972 
5.19076 5.00935 -1.7233 970 0.0597057 -0.289742 
4.4012 6.3769 -1.37641 973 0.442618 -0.234946 
4.12313 6.85854 -0.122495 977 0.626846 0.0486763 
6.2372 3.19685 0.871776 983 -0.449158 0.472556 
4.93575 5.45104 -0.7803 984 0.222238 -0.0750516 
5.51818 4.44223 -1.47775 990 -0.0964831 -0.219502 
5.75493 4.03217 1.14041 991 -0.155136 0.511017 
4.40456 6.37107 0.274064 992 0.522786 0.163541 
5.53617 4.41107 -1.97751 993 -0.114399 -0.342044 
5.97808 3.64567 0.0489525 995 -0.309475 0.205134 
4.26624 6.61065 0.689474 996 0.607195 0.265004 
4.40907 6.36327 1.15293 997 0.559041 0.399235 
4.63799 5.96676 0.669191 998 0.425169 0.281637 
6.58202 2.59961 -0.970701 999 -0.68225 -0.0445336 
