-1.97014 0.361326 7 3 473.719 269.387 
-2.93389 0.906698 7 9 359.013 350.494 
-2.14837 -1.21575 7 10 423.434 72.2462 
-4.80195 0.41523 7 21 182.892 306.447 
-3.28746 -0.347612 7 22 307.379 205.527 
-5.92999 -1.73451 7 23 102.358 129.646 
-5.37012 0.037908 7 24 141.593 274.935 
-5.21106 1.44812 7 29 157.958 412.17 
-5.40598 0.152698 7 30 139.646 286 
-2.84657 -0.836733 7 31 347.645 139.774 
-3.76175 1.7333 7 32 280.436 451.426 
-2.21352 -0.0799941 7 33 432.9 215.161 
-5.875 -0.508694 7 36 108.48 231.638 
-4.02466 -0.174699 7 39 241.118 237.189 
-3.22548 0.288125 7 40 320.148 277.38 
-5.59816 -0.619665 7 42 124.898 218.07 
-3.26615 1.27581 7 43 326.565 397.376 
-6.33365 0.109205 7 44 83.5603 289.896 
-2.70348 -0.732172 7 47 364.562 147.727 
-6.25916 0.145289 7 48 87.794 292.435 
-7 1.61955 6.53315 73 8.00041 434.458 
