-1.97014 0.361326 7 3 386.497 286.631 
-2.93389 0.906698 7 9 267.839 353.241 
-2.14837 -1.21575 7 10 364.479 81.7225 
-0.578608 0.00250695 7 11 606.239 232.559 
-0.39693 -1.00404 7 12 633.195 72.0107 
-4.80195 0.41523 7 21 97.768 287.001 
-3.28746 -0.347612 7 22 235.121 200.192 
-5.92999 -1.73451 7 23 33.4692 88.2751 
-5.37012 0.037908 7 24 58.5394 248.642 
-5.21106 1.44812 7 29 60.1632 392.827 
-5.40598 0.152698 7 30 55.2602 259.955 
-2.84657 -0.836733 7 31 282.772 138.788 
-3.76175 1.7333 7 32 179.22 445.341 
-2.21352 -0.0799941 7 33 355.163 227.504 
-5.875 -0.508694 7 36 28.5395 198.248 
-4.02466 -0.174699 7 39 165.143 223.317 
-3.22548 0.288125 7 40 238.953 275.114 
-5.59816 -0.619665 7 42 47.4195 186.337 
-3.26615 1.27581 7 43 230.773 396.295 
-2.70348 -0.732172 7 47 298.246 149.522 
