-5.37012 0.037908 7 24 635.301 128.862 
-5.21106 1.44812 7 29 621.436 266.584 
-5.40598 0.152698 7 30 629.14 140.244 
-5.875 -0.508694 7 36 597.427 76.9592 
-5.59816 -0.619665 7 42 626.116 63.3792 
-6.33365 0.109205 7 44 549.115 134.155 
-6.25916 0.145289 7 48 554.178 137.382 
-7 0.21307 2.3409 51 123.1 96.1099 
-7 -0.503339 4.01391 52 306.585 42.5053 
-7 -0.64261 4.44771 54 345.363 35.8815 
-7 -0.441068 2.32778 56 121.343 12.4788 
-7 1.81819 2.50338 57 142.025 277.443 
-7 1.50288 1.91462 59 69.2047 246.223 
-7 0.78654 5.75191 68 424.825 180.578 
-7 -0.100249 4.19611 69 319.323 87.6042 
-7 -0.527577 4.46053 71 345.346 47.982 
-7 -0.14175 5.47309 72 416.792 99.0461 
-7 1.61955 6.53315 73 461.461 245.159 
-7 1.51818 2.67054 81 161.283 245.578 
-7 0.883221 6.2108 82 451.481 189.631 
-7 -0.72299 3.2493 84 232.601 0.842895 
-7 1.48523 2.57162 86 150.171 242.393 
-7 1.20864 2.59145 88 152.811 212.822 
-7 1.46933 5.82185 93 421.995 235.057 
-7 -0.576654 5.65743 96 433.999 61.984 
