5.64257 -0.481715 -7 109 -0.0390834 -0.127383 
2.74139 -0.240151 -7 113 0.565789 -0.0664025 
6.30632 -1.54879 -7 115 -0.124327 -0.315292 
4.50714 -1.04124 -7 119 0.143024 -0.253122 
2.98659 0.138239 -7 123 0.484906 0.0336906 
4.46367 -0.542201 -7 125 0.148825 -0.143208 
6.6867 0.183154 -7 127 -0.164414 -0.0160983 
6.46481 -1.88245 -7 128 -0.143416 -0.37123 
3.77354 -0.887468 -7 133 0.293922 -0.231285 
6.08103 -0.977971 -7 134 -0.0963205 -0.215885 
3.34213 1.4046 -7 137 0.373837 0.333313 
4.29646 -0.0380129 -7 139 0.177923 -0.031939 
6.59087 -1.1778 -7 141 -0.156497 -0.24446 
4.8725 1.3091 -7 142 0.0719545 0.227925 
6.26277 1.2623 -7 143 -0.115913 0.168888 
6.4687 -1.97232 -7 149 -0.144011 -0.387271 
7 -1.59791 -6.35011 157 -0.293629 -0.326728 
7 1.75895 -5.06184 159 -0.501001 0.317209 
7 0.863395 -4.44339 163 -0.653183 0.167873 
7 -0.863938 -6.09367 166 -0.330843 -0.198 
7 1.33843 -4.95324 172 -0.527866 0.241611 
7 0.759759 -5.08223 173 -0.506212 0.121133 
7 -0.563655 -4.89557 181 -0.561139 -0.151465 
7 0.831841 -5.58946 182 -0.407037 0.118508 
7 1.69172 -5.79597 183 -0.365768 0.264063 
7 -1.97934 -4.46413 190 -0.690124 -0.497759 
7 0.781169 -6.98961 200 -0.196643 0.0744314 
