-7 0.46862 -2.98529 58 0.692884 -0.0392794 
-7 -1.03485 -3.75523 61 0.454916 -0.371524 
-7 0.0943094 -5.21035 64 0.179656 -0.0784547 
-7 1.11392 -6.02536 65 0.070237 0.109732 
-7 0.886694 -5.35798 67 0.167022 0.0705336 
-7 1.34911 -4.82912 74 0.265117 0.160696 
-7 0.694743 -5.33965 78 0.167203 0.0350948 
-7 1.12101 -6.65735 79 -0.011806 0.108746 
-7 0.821262 -3.48263 80 0.555375 0.0531745 
-7 -1.84392 -6.0007 85 0.0324663 -0.400589 
-7 -0.295975 -5.19552 90 0.176365 -0.152539 
-7 1.40697 -4.3308 91 0.364057 0.17837 
-7 0.592834 -6.66606 94 -0.0198141 0.0245488 
-7 -1.20087 -3.87679 97 0.423071 -0.401382 
-7 -0.609874 -5.90804 100 0.0626816 -0.189031 
-5.46333 -1.29075 -7 102 -0.289063 -0.306131 
-4.55559 -0.250499 -7 105 -0.440079 -0.110385 
-5.09885 0.316864 -7 107 -0.323504 0.00501236 
-6.22725 1.4028 -7 110 -0.137094 0.175236 
-5.05591 -0.451909 -7 117 -0.345006 -0.149486 
-3.56835 0.827876 -7 121 -0.666176 0.167204 
-6.20015 -0.954561 -7 122 -0.174954 -0.226924 
-3.58737 1.4874 -7 135 -0.644085 0.336279 
-6.2831 -0.370457 -7 140 -0.155584 -0.126 
-5.05277 -1.83336 -7 148 -0.370671 -0.430985 
-6.46998 0.52855 -7 150 -0.119535 0.023481 
