-7 0.46862 -2.98529 58 0.669761 -0.0429418 
-7 -1.03485 -3.75523 61 0.435461 -0.374791 
-7 0.0943094 -5.21035 64 0.163334 -0.0824654 
-7 1.11392 -6.02536 65 0.0555451 0.105113 
-7 0.886694 -5.35798 67 0.151358 0.0660453 
-7 1.34911 -4.82912 74 0.248703 0.155573 
-7 0.694743 -5.33965 78 0.151404 0.0307596 
-7 1.12101 -6.65735 79 -0.0259581 0.10419 
-7 0.821262 -3.48263 80 0.534613 0.0487137 
-7 -1.84392 -6.0007 85 0.0153703 -0.405889 
-7 -0.295975 -5.19552 90 0.159796 -0.156495 
-7 1.40697 -4.3308 91 0.346372 0.172966 
-7 0.592834 -6.66606 94 -0.0344071 0.0202224 
-7 -1.20087 -3.87679 97 0.403905 -0.404862 
-7 -0.609874 -5.90804 100 0.0465823 -0.193277 
-5.46333 -1.29075 -7 102 -0.307855 -0.309417 
-4.55559 -0.250499 -7 105 -0.459165 -0.110653 
-5.09885 0.316864 -7 107 -0.340144 0.00387675 
-6.22725 1.4028 -7 110 -0.151048 0.171666 
-5.05591 -0.451909 -7 117 -0.363208 -0.151029 
-3.56835 0.827876 -7 121 -0.685427 0.17082 
-6.20015 -0.954561 -7 122 -0.19182 -0.230713 
-3.58737 1.4874 -7 135 -0.661001 0.339559 
-6.2831 -0.370457 -7 140 -0.171595 -0.129482 
-5.05277 -1.83336 -7 148 -0.391723 -0.434897 
-6.46998 0.52855 -7 150 -0.134327 0.0198883 
