-7 -1.03485 -3.75523 61 0.601511 -0.323026 
-7 0.0943094 -5.21035 64 0.299085 -0.0296111 
-7 1.11392 -6.02536 65 0.176136 0.160875 
-7 0.886694 -5.35798 67 0.281209 0.122965 
-7 1.34911 -4.82912 74 0.385833 0.220413 
-7 0.694743 -5.33965 78 0.282455 0.0863281 
-7 1.12101 -6.65735 79 0.0893095 0.157483 
-7 -1.84392 -6.0007 85 0.155784 -0.347577 
-7 -0.295975 -5.19552 90 0.297657 -0.104432 
-7 1.40697 -4.3308 91 0.495525 0.24274 
-7 0.592834 -6.66606 94 0.0845797 0.0712967 
-7 -1.20087 -3.87679 97 0.567071 -0.352281 
-7 -0.609874 -5.90804 100 0.179178 -0.141614 
-3.17768 1.79522 -7 101 -0.647985 0.448658 
-5.46333 -1.29075 -7 102 -0.157437 -0.266875 
-4.55559 -0.250499 -7 105 -0.307045 -0.089153 
-5.09885 0.316864 -7 107 -0.20656 0.031134 
-6.22725 1.4028 -7 110 -0.0383669 0.217012 
-5.05591 -0.451909 -7 117 -0.217552 -0.120744 
-3.56835 0.827876 -7 121 -0.53214 0.164471 
-6.20015 -0.954561 -7 122 -0.0556224 -0.185009 
-3.11373 -0.303232 -7 130 -0.668387 -0.135273 
-3.58737 1.4874 -7 135 -0.52573 0.334981 
-6.2831 -0.370457 -7 140 -0.0420724 -0.0858581 
-5.05277 -1.83336 -7 148 -0.224735 -0.3874 
-6.46998 0.52855 -7 150 -0.0145128 0.0647212 
