5.64257 -0.481715 -7 109 0.0283786 -0.0705234 
2.74139 -0.240151 -7 113 0.660051 -0.0220316 
6.30632 -1.54879 -7 115 -0.0629972 -0.251903 
4.50714 -1.04124 -7 119 0.209494 -0.198549 
2.98659 0.138239 -7 123 0.57941 0.0810566 
4.46367 -0.542201 -7 125 0.219693 -0.0902329 
6.6867 0.183154 -7 127 -0.0950949 0.041664 
6.46481 -1.88245 -7 128 -0.0835746 -0.305364 
3.77354 -0.887468 -7 133 0.365833 -0.180948 
6.08103 -0.977971 -7 134 -0.0320945 -0.156001 
3.34213 1.4046 -7 137 0.476573 0.38997 
4.29646 -0.0380129 -7 139 0.254131 0.0199786 
6.59087 -1.1778 -7 141 -0.0932402 -0.182336 
4.8725 1.3091 -7 142 0.154362 0.283372 
6.26277 1.2623 -7 143 -0.0407617 0.225329 
6.4687 -1.97232 -7 149 -0.0845975 -0.320789 
7 -1.59791 -6.35011 157 -0.227158 -0.255173 
7 1.75895 -5.06184 159 -0.410431 0.385264 
7 0.863395 -4.44339 163 -0.55471 0.2427 
7 -0.863938 -6.09367 166 -0.259387 -0.128836 
7 1.33843 -4.95324 172 -0.436882 0.310905 
7 0.759759 -5.08223 173 -0.418346 0.191063 
7 0.741437 -4.00824 180 -0.667849 0.239926 
7 -0.563655 -4.89557 181 -0.473266 -0.0716485 
7 0.831841 -5.58946 182 -0.325002 0.184466 
7 1.69172 -5.79597 183 -0.282931 0.327687 
7 0.0865561 -4.29161 189 -0.604304 0.0785793 
7 -1.97934 -4.46413 190 -0.59456 -0.392177 
7 0.781169 -6.98961 200 -0.12517 0.131922 
