-3.11304 -8.60806 -1.9166 254 499.646 109.276 
-3.48222 -7.96863 1.84681 255 520.507 467.919 
-2.75039 -9.23619 0.329719 263 589.778 293.35 
-3.07463 -8.67459 -1.54793 266 513.29 139.092 
-2.57499 -9.53998 1.60069 268 635.314 398.915 
-2.72709 -9.27655 -1.48729 269 558.072 144.24 
-5.23237 -4.93727 0.70564 274 126.44 447.105 
-3.88769 -7.26632 -1.50954 277 390.17 148.878 
-4.24528 -6.64697 0.694015 279 365.749 384.805 
-5.01096 -5.32075 -0.777348 280 165.232 238.925 
-3.32874 -8.23445 -1.42324 285 479.754 152.405 
-3.49888 -7.93976 0.772929 286 495.19 358.345 
-5.29575 -4.82749 -1.96199 288 73.0718 98.5994 
-4.95189 -5.42307 -0.262658 289 188.975 300.007 
-4.9932 -5.35153 -1.23628 292 163.416 183.58 
-3.44968 -8.02497 0.167007 293 492.101 298.721 
-3.04378 -8.72802 1.54345 294 575.727 415.976 
-3.22332 -8.41705 1.89644 304 559.365 459.46 
-3.93868 -7.178 -1.57121 306 379.702 138.425 
-5.13363 -5.10828 -1.10309 312 129.731 200.831 
-3.32508 -8.2408 -1.51403 315 478.396 142.929 
-3.63057 -7.71167 -1.43695 316 433.822 150.934 
-4.92427 -5.47091 0.898447 318 215.981 448.964 
-4.81248 -5.66455 -1.64507 319 203.351 135.958 
-3.09129 -8.64573 1.79249 320 575.784 440.432 
-4.10365 -6.89227 -1.45523 322 352.695 152.32 
-3.06428 -8.69251 -0.666718 324 530.549 213.441 
-4.30377 -6.54565 0.385968 326 346.689 349.704 
-5.23373 -4.93491 -1.84234 327 92.2383 113.872 
-4.07384 -6.9439 0.0649336 330 386.795 307.443 
-4.85494 -5.591 -1.94807 331 189.507 101.931 
-3.49997 -7.93787 0.446165 333 490.54 325.63 
-3.35488 -8.18918 1.50964 334 532.892 426.255 
-5.49704 -4.47884 -1.16972 335 20.8452 200.583 
-4.50583 -6.19567 0.376914 336 305.201 359.666 
-4.09708 -6.90364 0.281542 338 387.017 331.124 
-3.77569 -7.46032 0.825581 340 451.909 376.088 
-4.16753 -6.78163 0.981089 341 385.698 414.067 
-5.29142 -4.83499 -0.290764 343 94.4433 310.232 
-4.78378 -5.71426 0.966713 344 251.63 449.074 
-3.62005 -7.72989 0.845456 350 479.967 371.589 
-4.2793 -6.58803 -1.32765 353 321.881 166.019 
-2.64072 -9.42615 1.95256 355 635.014 434.528 
-5.36533 -4.70697 -0.794508 356 66.8788 247.017 
-3.10287 -8.62567 -0.357131 361 529.7 241.033 
-4.93982 -5.44397 -1.05261 362 179.901 203.627 
-3.98712 -7.09411 0.170839 364 405.429 315.16 
-4.44212 -6.30602 -1.20213 365 292.07 180.533 
-3.32955 -8.23305 -1.41411 368 479.531 150.972 
-2.62582 -9.45194 -1.96759 374 559.919 105.789 
-5.20485 -4.98493 0.860305 376 138.59 465.519 
-5.40008 -4.64678 -1.78435 379 43.0158 120.023 
-5.0994 -5.16757 -0.624233 381 146.136 262.028 
-3.72571 -7.54688 0.335972 382 452.704 323.098 
-3.02092 -8.76762 -1.67324 386 517.23 129.994 
-5.24676 -4.91235 0.215207 389 114.294 377.435 
-3.14704 -8.54917 1.54174 390 562.635 419.288 
-4.97755 -5.37862 1.00983 392 203.311 468.438 
-4.85021 -5.5992 -1.40794 394 196.77 163.168 
-2.75281 -9.23199 0.225616 395 586.93 284.36 
-3.18967 -8.47533 1.85927 400 563.259 453.286 
-3.33676 -8.22056 -0.399899 404 496.096 241.875 
-3.20418 -8.4502 0.757211 405 539.086 345.274 
-3.32846 -8.23494 1.89335 407 542.048 464.527 
-4.67743 -5.89845 0.0191106 408 262.5 324.329 
-4.7162 -5.8313 -1.22464 411 230.942 179.889 
-3.05904 -8.70159 0.925619 412 560.808 357.501 
-2.74941 -9.23788 0.292754 416 587.641 291.573 
-4.24744 -6.64321 -1.92173 418 318.367 107.433 
-4.59318 -6.04438 0.332137 419 286.057 358.715 
-3.28794 -8.30512 -0.582867 425 502.859 224.986 
-4.10084 -6.89714 -0.211774 427 377.169 276.927 
-2.88356 -9.00553 1.61269 428 599.151 414.029 
-3.57786 -7.80296 1.13653 429 489.182 397.742 
-4.2527 -6.63411 -0.951124 431 335.152 204.756 
-4.54469 -6.12836 -1.52013 432 266.222 149.571 
-3.71801 -7.56021 -1.73791 433 414.976 123.842 
-2.84073 -9.07972 -1.27039 435 547.984 160.238 
-5.16969 -5.04583 -0.141549 437 132.023 324.665 
-4.68557 -5.88436 -1.8811 438 229.89 109.892 
-4.8407 -5.61566 -0.0396453 440 221.695 323.146 
-4.21563 -6.69831 -0.927394 445 341.643 206.064 
-4.75369 -5.76637 0.970583 446 259.506 446.42 
-4.02746 -7.02424 -1.63148 447 364.169 134.628 
-2.97704 -8.84361 -0.559065 449 543.828 222.664 
-3.13049 -8.57784 0.930095 453 552.917 358.969 
-2.83311 -9.09292 -0.904736 454 555.366 191.366 
-3.07985 -8.66554 0.939564 456 558.855 359.031 
-2.82678 -9.10387 0.818773 460 589.447 340.396 
-5.32858 -4.77062 -1.23715 462 71.1993 187.744 
-4.41902 -6.34603 0.58457 470 326.703 380.554 
-5.14801 -5.08339 0.214391 472 144.314 371.782 
-4.6459 -5.95307 0.77707 474 280.342 417.246 
-2.94605 -8.89729 1.87197 478 595.109 443.112 
-3.62908 -7.71426 0.283949 480 468.336 313.672 
-4.72984 -5.80768 1.01961 483 266.831 451.975 
-3.75747 -7.49188 -0.114405 484 436.579 279.876 
-4.07094 -6.94893 1.07534 490 408.116 418.154 
-4.92481 -5.46997 -1.54112 491 177.224 146.615 
-2.61113 -9.47739 -1.5069 492 572.063 141.561 
-3.63585 -7.70252 0.600044 494 471.194 347.695 
-5.30136 -4.81777 0.489233 495 102.917 420.716 
-3.6271 -7.71768 0.36592 497 469.385 323.121 
-3.46213 -8.00341 0.473249 499 495.879 328.198 
-3.9326 -7.18855 1.52347 500 440.861 459.717 
-2.54087 -9.54988 -1.96382 546 568.51 104.686 
-2.39776 -9.46725 -1.50147 566 591.845 137.187 
-2.13398 -9.31496 -0.61668 585 633.342 201.678 
