-2.93389 0.906698 7 9 0.6669 0.366707 
-4.80195 0.41523 7 21 0.195931 0.20918 
-3.28746 -0.347612 7 22 0.511019 0.0212106 
-5.92999 -1.73451 7 23 -0.0190908 -0.176282 
-5.37012 0.037908 7 24 0.0943791 0.133248 
-5.21106 1.44812 7 29 0.151565 0.411515 
-5.40598 0.152698 7 30 0.0915725 0.155261 
-2.84657 -0.836733 7 31 0.626085 -0.128809 
-5.875 -0.508694 7 36 0.0122883 0.0374153 
-4.02466 -0.174699 7 39 0.333331 0.077712 
-3.22548 0.288125 7 40 0.551667 0.188707 
-5.59816 -0.619665 7 42 0.0471835 0.0126093 
-3.26615 1.27581 7 43 0.575883 0.454239 
-6.33365 0.109205 7 44 -0.0325326 0.14862 
-2.70348 -0.732172 7 47 0.678371 -0.107005 
-6.25916 0.145289 7 48 -0.0229502 0.15469 
-7 -0.503339 4.01391 52 -0.664628 0.113581 
-7 -0.64261 4.44771 54 -0.554957 0.0705146 
-7 0.78654 5.75191 68 -0.26861 0.310569 
-7 -0.100249 4.19611 69 -0.607444 0.201434 
-7 -0.527577 4.46053 71 -0.549627 0.0955706 
-7 -0.14175 5.47309 72 -0.333351 0.146723 
-7 1.61955 6.53315 73 -0.138364 0.416174 
-7 0.883221 6.2108 82 -0.196306 0.305836 
-7 1.46933 5.82185 93 -0.244571 0.433782 
-7 -0.576654 5.65743 96 -0.30949 0.060938 
