-3.17768 1.79522 -7 101 0.633502 0.19352 
0.794442 1.97164 -7 103 -0.54811 0.472044 
-2.11042 -0.0563179 -7 106 0.308563 -0.312206 
-0.235026 1.16667 -7 114 -0.232008 0.151343 
-0.0787955 1.33173 -7 116 -0.276796 0.212643 
-1.66978 1.93068 -7 118 0.237811 0.306983 
0.474792 -0.485198 -7 124 -0.578714 -0.392229 
-2.10211 -0.684594 -7 129 0.288547 -0.516017 
-3.11373 -0.303232 -7 130 0.581824 -0.412882 
-1.59533 0.795126 -7 132 0.182405 -0.028025 
0.97797 0.750031 -7 138 -0.693547 0.0744053 
-0.615215 -0.161545 -7 146 -0.164981 -0.306055 
