-8.26463 0.314754 1.16404 251 -0.669372 0.137673 
-7.46287 -1.07392 -1.59589 252 -0.361542 -0.473869 
-7.4714 -1.05915 0.355818 260 -0.367644 -0.01366 
-6.64917 -2.4833 -0.440182 261 0.0146848 -0.187362 
-7.14741 -1.62032 1.76556 264 -0.236141 0.318723 
-5.66157 -4.19387 -0.652214 270 0.561648 -0.237347 
-6.94006 -1.97946 1.55981 271 -0.149486 0.287384 
-6.17442 -3.3056 1.44019 275 0.23035 0.304024 
-6.35803 -2.98756 0.146678 278 0.152314 -0.0323255 
-6.14897 -3.34967 0.179673 281 0.262067 -0.0094657 
-6.80803 -2.20814 1.05615 282 -0.0813164 0.173809 
-6.90676 -2.03715 -0.996423 283 -0.106128 -0.332502 
-8.12164 0.0670859 0.804812 290 -0.620949 0.0666679 
-6.95343 -1.95631 1.29159 291 -0.14728 0.228526 
-6.93825 -1.9826 -0.53082 295 -0.126812 -0.214789 
-6.74023 -2.32557 -0.914689 296 -0.028751 -0.310666 
-8.26682 0.318554 -1.13985 297 -0.679998 -0.360215 
-7.01036 -1.8577 1.45833 300 -0.175439 0.260927 
-7.95776 -0.216756 -0.267516 301 -0.560729 -0.164097 
-8.24121 0.274194 1.30161 302 -0.661827 0.164876 
-7.19832 -1.53215 -0.65154 305 -0.24633 -0.244925 
-7.50388 -1.00291 -1.74177 307 -0.373828 -0.511149 
-7.75587 -0.566441 -1.28568 308 -0.477436 -0.397685 
-6.04128 -3.53619 -1.20014 309 0.349968 -0.393535 
-6.64642 -2.48807 1.41126 310 -0.0109194 0.269928 
-7.11395 -1.67828 -0.473701 317 -0.20805 -0.199912 
-6.44508 -2.83679 -1.6951 321 0.134092 -0.520536 
-7.51344 -0.986333 -0.814325 323 -0.377959 -0.283133 
-7.53876 -0.942491 0.491179 328 -0.391988 0.0173767 
-5.70343 -4.12137 0.704539 329 0.505093 0.139125 
-7.72464 -0.62053 -0.0248013 332 -0.468984 -0.101754 
-5.49704 -4.47884 -1.16972 335 0.678902 -0.389617 
-7.68847 -0.683171 1.35649 337 -0.459169 0.201311 
-7.95987 -0.213096 0.306596 339 -0.559478 -0.0343064 
-6.83154 -2.16742 0.486301 345 -0.0843029 0.0351439 
-7.96405 -0.205854 1.31542 346 -0.563533 0.182553 
-8.12381 0.0708475 -1.49958 347 -0.621572 -0.442109 
-8.00123 -0.141456 -0.325795 349 -0.575856 -0.170207 
-5.42884 -4.59697 1.28117 351 0.652475 0.30958 
-7.45408 -1.08915 -1.1234 354 -0.355651 -0.358332 
-5.82827 -3.90515 1.73075 357 0.407728 0.40052 
-7.13206 -1.6469 0.386525 358 -0.220809 0.00555401 
-7.24008 -1.45982 0.239176 360 -0.264402 -0.035034 
-8.26227 0.31067 0.618929 366 -0.66748 0.0250116 
-6.57086 -2.61894 0.112404 367 0.0420091 -0.0419193 
-6.73207 -2.33972 -0.455992 369 -0.0278075 -0.194537 
-6.90193 -2.0455 0.150108 371 -0.117722 -0.0462452 
-7.92892 -0.2667 1.10434 372 -0.548303 0.136899 
-6.32726 -3.04087 -1.31425 373 0.191422 -0.41859 
-8.19099 0.187209 -1.2445 378 -0.647131 -0.382867 
-7.6338 -0.777869 -0.0587155 380 -0.431324 -0.106575 
-6.69448 -2.40482 0.483031 384 -0.023211 0.0438498 
-5.96156 -3.67428 1.39164 385 0.34385 0.311637 
-8.12127 0.0664484 1.25361 388 -0.621159 0.160427 
-6.74479 -2.31769 0.740399 393 -0.0460352 0.101886 
-7.37732 -1.22211 -1.65372 397 -0.317166 -0.490232 
-5.6307 -4.24734 -0.845678 398 0.587354 -0.293024 
-6.97577 -1.91761 -0.4901 401 -0.145254 -0.200789 
-7.81782 -0.459131 0.076778 403 -0.505182 -0.0799033 
-7.52277 -0.970174 1.1088 406 -0.393562 0.158431 
-6.46686 -2.79907 -0.256321 409 0.101767 -0.142024 
-7.63883 -0.769162 -0.119058 410 -0.436801 -0.118853 
-6.97717 -1.91519 1.81959 414 -0.159556 0.343609 
-8.21371 0.226557 -0.790225 417 -0.65404 -0.281605 
-7.84199 -0.417283 -1.30465 420 -0.514698 -0.400499 
-5.68549 -4.15243 -1.43883 421 0.568447 -0.463264 
-7.91669 -0.287895 -0.0147918 423 -0.542608 -0.106341 
-6.09064 -3.4507 -1.01841 424 0.316388 -0.343126 
-6.00176 -3.60464 0.426871 430 0.337674 0.0491718 
-5.71018 -4.10968 -1.61545 434 0.556337 -0.517 
-6.84225 -2.14887 1.74644 436 -0.100846 0.338616 
-8.05966 -0.0402563 -0.2345 439 -0.600071 -0.156094 
-6.44049 -2.84475 -0.804824 441 0.121784 -0.279508 
-6.48803 -2.7624 0.108587 442 0.0869906 -0.0486174 
-5.69392 -4.13784 -0.92901 443 0.548183 -0.31251 
-6.23335 -3.20352 -1.64394 444 0.247632 -0.513298 
-7.28007 -1.39054 -0.1606 450 -0.281598 -0.127258 
-6.50928 -2.7256 -0.0902829 452 0.0805379 -0.0962133 
-8.18295 0.173293 -0.148578 455 -0.644962 -0.138456 
-8.15687 0.12812 0.541817 457 -0.631252 0.00987259 
-6.03331 -3.55 -0.591601 458 0.341122 -0.221268 
-7.48055 -1.0433 0.202815 459 -0.36844 -0.0492762 
-8.06618 -0.0289635 1.04644 461 -0.599945 0.122496 
-6.65278 -2.47704 -0.576839 463 0.00838667 -0.222954 
-5.60301 -4.2953 -1.17858 464 0.617906 -0.387039 
-5.68074 -4.16068 0.111245 466 0.53068 -0.0211159 
-7.42117 -1.14615 0.204588 467 -0.34565 -0.0464516 
-5.94183 -3.70845 -0.699449 468 0.396945 -0.254042 
-6.23302 -3.2041 1.90527 471 0.186745 0.416136 
-5.88723 -3.80302 -0.421933 473 0.424636 -0.175977 
-7.72533 -0.619337 0.904189 476 -0.471671 0.101688 
-7.83655 -0.426699 0.919261 479 -0.515373 0.100188 
-7.18002 -1.56384 -1.73226 481 -0.229132 -0.512631 
-6.7498 -2.309 -0.746357 485 -0.0336057 -0.263685 
-8.11594 0.0572182 0.887934 486 -0.614532 0.0856837 
-5.72951 -4.0762 -0.498216 489 0.517351 -0.198408 
