-4.80195 0.41523 7 21 500.078 265.402 
-5.92999 -1.73451 7 23 415.399 76.6962 
-5.37012 0.037908 7 24 453.733 227.164 
-5.21106 1.44812 7 29 464.102 352.383 
-5.40598 0.152698 7 30 450.888 237.119 
-3.76175 1.7333 7 32 605.949 423.773 
-5.875 -0.508694 7 36 418.349 180.245 
-4.02466 -0.174699 7 39 582.385 209.24 
-5.59816 -0.619665 7 42 437.573 169.595 
-6.33365 0.109205 7 44 389.629 229.852 
-6.25916 0.145289 7 48 393.995 232.911 
-7 -0.503339 4.01391 52 133.037 179.705 
-7 -0.64261 4.44771 54 175.378 167.026 
-7 0.78654 5.75191 68 281.473 286.811 
-7 -0.100249 4.19611 69 153.343 220.07 
-7 -0.527577 4.46053 71 176.992 178.206 
-7 -0.14175 5.47309 72 260.694 212.741 
-7 1.61955 6.53315 73 329.725 339.659 
-7 0.883221 6.2108 82 310.521 289.635 
-7 -0.72299 3.2493 84 41.7545 152.641 
-7 1.46933 5.82185 93 287.016 339.299 
-7 -0.576654 5.65743 96 272.938 176.263 
