6.30632 -1.54879 -7 115 605.892 141.748 
6.6867 0.183154 -7 127 592.734 284.954 
6.46481 -1.88245 -7 128 590.871 120.859 
6.08103 -0.977971 -7 134 630.125 182.037 
6.59087 -1.1778 -7 141 587.813 177.235 
6.26277 1.2623 -7 143 638.492 378.698 
6.4687 -1.97232 -7 149 589.804 114.275 
7 -0.0623122 -3.31422 152 308.915 262.409 
7 0.36994 -1.65205 155 127.167 309.777 
7 -1.59791 -6.35011 157 521.349 150.071 
7 1.75895 -5.06184 159 460.706 431.573 
7 0.343459 -2.54532 160 232.369 304.729 
7 1.08732 -1.94397 162 161.271 394.842 
7 0.863395 -4.44339 163 408.742 350.757 
7 -0.724268 -3.10497 165 288.276 196.342 
7 -0.863938 -6.09367 166 511.396 203.401 
7 1.33843 -4.95324 172 450.161 392.507 
7 0.759759 -5.08223 173 456.025 338.072 
7 -0.518283 -3.0968 179 287.773 216.427 
7 0.741437 -4.00824 180 372.706 341.083 
7 -0.563655 -4.89557 181 435.304 221.642 
7 0.831841 -5.58946 182 491.258 342.358 
7 1.69172 -5.79597 183 510.881 417.421 
7 -1.20096 -0.713027 185 9.65392 117.074 
7 -0.746732 -0.782938 186 15.5873 171.865 
7 0.0865561 -4.29161 189 393.156 277.831 
7 -1.97934 -4.46413 190 397.478 99.8463 
7 -1.56385 -0.742436 193 17.2449 75.9943 
7 0.781169 -6.98961 200 574.667 332.9 
