1.69792 -0.977731 -7 104 356.298 143.016 
2.77254 -1.94854 -7 108 236.869 23.8645 
2.26927 0.767181 -7 111 260.17 374.666 
2.74139 -0.240151 -7 113 218.003 234.785 
4.50714 -1.04124 -7 119 55.5635 134.188 
2.98659 0.138239 -7 123 185.685 280.112 
0.474792 -0.485198 -7 124 537.003 220.305 
4.46367 -0.542201 -7 125 52.3379 188.618 
3.77354 -0.887468 -7 133 119.68 151.807 
1.03314 -1.58354 -7 136 458.384 56.9853 
3.34213 1.4046 -7 137 130.126 433.888 
0.97797 0.750031 -7 138 440.564 403.433 
4.29646 -0.0380129 -7 139 59.807 245.78 
1.9715 1.13953 -7 144 292.985 434.063 
1.45576 0.553777 -7 145 371.14 362.075 
0.206379 -1.0164 -7 147 589.463 138.456 
