6.30632 -1.54879 -7 115 599.156 142.808 
6.6867 0.183154 -7 127 586.968 285.397 
6.46481 -1.88245 -7 128 584.219 122.116 
6.08103 -0.977971 -7 134 623.298 182.742 
6.59087 -1.1778 -7 141 581.51 178.156 
6.26277 1.2623 -7 143 632.752 378.642 
6.4687 -1.97232 -7 149 583.129 115.582 
7 -0.0623122 -3.31422 152 303.499 263.358 
7 0.36994 -1.65205 155 120.709 311.088 
7 -1.59791 -6.35011 157 515.462 151.261 
7 1.75895 -5.06184 159 455.96 432.354 
7 0.343459 -2.54532 160 226.665 305.837 
7 1.08732 -1.94397 162 155.056 396.467 
7 0.863395 -4.44339 163 403.708 351.571 
7 -0.724268 -3.10497 165 282.718 197.343 
7 -0.863938 -6.09367 166 505.759 204.326 
7 1.33843 -4.95324 172 445.282 393.254 
7 0.759759 -5.08223 173 450.973 338.772 
7 -0.518283 -3.0968 179 282.236 217.408 
7 0.741437 -4.00824 180 367.59 341.971 
7 -0.563655 -4.89557 181 429.909 222.537 
7 0.831841 -5.58946 182 486.193 342.979 
7 1.69172 -5.79597 183 506.078 418.007 
7 -1.20096 -0.713027 185 2.42548 117.995 
7 -0.746732 -0.782938 186 8.29191 172.864 
7 0.0865561 -4.29161 189 387.922 278.67 
7 -1.97934 -4.46413 190 391.804 101.209 
7 -1.56385 -0.742436 193 10.1807 76.9175 
7 0.781169 -6.98961 200 569.354 333.349 
