-3.49077 1.97493 7 8 0.678306 0.502208 
-4.80195 0.41523 7 21 0.370306 0.0744741 
-5.92999 -1.73451 7 23 0.182676 -0.332584 
-5.37012 0.037908 7 24 0.269654 -0.00807718 
-5.21106 1.44812 7 29 0.2962 0.26389 
-5.40598 0.152698 7 30 0.263887 0.0134989 
-3.76175 1.7333 7 32 0.603287 0.417656 
-5.875 -0.508694 7 36 0.192243 -0.109437 
-4.02466 -0.174699 7 39 0.543891 -0.0474038 
-5.59816 -0.619665 7 42 0.233108 -0.132487 
-6.33365 0.109205 7 44 0.132082 -0.00191897 
-6.25916 0.145289 7 48 0.141563 0.00469174 
-7 -0.503339 4.01391 52 -0.430659 -0.102317 
-7 -0.64261 4.44771 54 -0.337564 -0.131447 
-7 0.78654 5.75191 68 -0.101987 0.125225 
-7 -0.100249 4.19611 69 -0.385275 -0.0151223 
-7 -0.527577 4.46053 71 -0.333827 -0.1072 
-7 -0.14175 5.47309 72 -0.149256 -0.0352643 
-7 1.61955 6.53315 73 0.0052133 0.238508 
-7 0.883221 6.2108 82 -0.0381842 0.130137 
-7 -0.72299 3.2493 84 -0.632728 -0.157958 
-7 1.46933 5.82185 93 -0.0885813 0.23968 
-7 -0.576654 5.65743 96 -0.123231 -0.114938 
