-1.97014 0.361326 7 3 324.417 309.961 
-2.93389 0.906698 7 9 202.218 364.96 
-2.14837 -1.21575 7 10 321.149 98.5823 
-0.578608 0.00250695 7 11 537.812 279.063 
-0.39693 -1.00404 7 12 579.71 122.795 
-4.80195 0.41523 7 21 34.0096 279.654 
-3.28746 -0.347612 7 22 181.545 205.275 
-2.84657 -0.836733 7 31 234.658 147.384 
-3.76175 1.7333 7 32 106.428 449.29 
-2.21352 -0.0799941 7 33 299.025 247.024 
-4.02466 -0.174699 7 39 108.302 221.053 
-3.22548 0.288125 7 40 179.498 282.784 
-3.26615 1.27581 7 43 161.884 404.712 
-2.70348 -0.732172 7 47 249.285 160.439 
