7 -1.49784 0.349314 151 -0.503648 -0.431174 
7 -0.0623122 -3.31422 152 0.386101 -0.0221282 
7 0.36994 -1.65205 155 0.0202363 0.0744556 
7 0.947338 -0.351981 158 -0.298909 0.216199 
7 1.75895 -5.06184 159 0.671013 0.341248 
7 0.343459 -2.54532 160 0.219433 0.0674715 
7 -0.647617 -0.188366 161 -0.345178 -0.185393 
7 1.08732 -1.94397 162 0.0796637 0.23537 
7 0.863395 -4.44339 163 0.583269 0.172061 
7 -0.724268 -3.10497 165 0.354979 -0.173651 
7 0.725336 0.960833 171 -0.660739 0.170629 
7 1.33843 -4.95324 172 0.662331 0.262263 
7 1.97211 0.0439567 176 -0.398108 0.460197 
7 1.44234 0.716532 178 -0.582379 0.347152 
7 -0.518283 -3.0968 179 0.349608 -0.126141 
7 0.741437 -4.00824 180 0.505725 0.149185 
7 -0.443496 -0.586995 184 -0.238098 -0.128024 
7 -1.20096 -0.713027 185 -0.203767 -0.325336 
7 -0.746732 -0.782938 186 -0.186459 -0.204356 
7 0.0865561 -4.29161 189 0.572786 0.0121785 
7 -1.97934 -4.46413 190 0.655378 -0.44586 
7 -1.56385 -0.742436 193 -0.19514 -0.423211 
7 -1.07027 0.309808 197 -0.488555 -0.308314 
7 1.83558 -1.14915 198 -0.106043 0.408889 
