-7 -0.29883 -1.326 55 0.507086 -0.183832 
-7 0.46862 -2.98529 58 0.0895532 0.00250692 
-7 -1.05185 -1.49538 60 0.46566 -0.390441 
-7 -1.03485 -3.75523 61 -0.0805014 -0.326729 
-7 -0.184126 -2.39523 62 0.219899 -0.145888 
-7 0.0943094 -5.21035 64 -0.309911 -0.0803398 
-7 1.11392 -6.02536 65 -0.403446 0.0932674 
-7 0.886694 -5.35798 67 -0.316739 0.0620804 
-7 1.34911 -4.82912 74 -0.230534 0.15043 
-7 0.577231 -1.47952 76 0.452805 0.0422181 
-7 0.694743 -5.33965 78 -0.317652 0.0284104 
-7 1.12101 -6.65735 79 -0.482125 0.0871973 
-7 0.821262 -3.48263 80 -0.00740515 0.0711836 
-7 -1.84392 -6.0007 85 -0.465812 -0.445423 
-7 1.69039 -1.92004 89 0.331339 0.28699 
-7 -0.295975 -5.19552 90 -0.315135 -0.154253 
-7 1.40697 -4.3308 91 -0.150746 0.169714 
-7 0.592834 -6.66606 94 -0.494836 0.00213198 
-7 -1.56958 -3.12031 95 0.0458021 -0.473405 
-7 -1.20087 -3.87679 97 -0.106185 -0.36198 
-7 1.52805 -2.92335 98 0.10824 0.223914 
-7 -0.609874 -5.90804 100 -0.424255 -0.208455 
-6.22725 1.4028 -7 110 -0.634432 0.168425 
-6.2831 -0.370457 -7 140 -0.677875 -0.152566 
-6.46998 0.52855 -7 150 -0.617862 0.00664224 
