-3.17768 1.79522 -7 101 0.475155 0.255826 
-2.11042 -0.0563179 -7 106 0.196045 -0.247061 
-0.235026 1.16667 -7 114 -0.374532 0.179018 
-0.0787955 1.33173 -7 116 -0.425089 0.238828 
-1.66978 1.93068 -7 118 0.0910168 0.351136 
-3.56835 0.827876 -7 121 0.567427 -0.00972983 
-2.10211 -0.684594 -7 129 0.188527 -0.446406 
-3.11373 -0.303232 -7 130 0.461638 -0.323782 
-1.59533 0.795126 -7 132 0.0562172 0.0217474 
-3.58737 1.4874 -7 135 0.569251 0.163341 
-0.615215 -0.161545 -7 146 -0.277476 -0.275837 
