5.64257 -0.481715 -7 109 354.904 222.535 
6.30632 -1.54879 -7 115 310.752 140.985 
4.50714 -1.04124 -7 119 438.306 162.233 
2.98659 0.138239 -7 123 619.022 288.259 
4.46367 -0.542201 -7 125 444.481 211.741 
6.6867 0.183154 -7 127 298.373 274.989 
6.46481 -1.88245 -7 128 300.799 117.118 
3.77354 -0.887468 -7 133 512.359 168.627 
6.08103 -0.977971 -7 134 325.923 184.117 
3.34213 1.4046 -7 137 574.61 434.822 
4.29646 -0.0380129 -7 139 462.213 262.283 
6.59087 -1.1778 -7 141 297.363 172.785 
4.8725 1.3091 -7 142 418.194 385.667 
6.26277 1.2623 -7 143 325.39 359.51 
6.4687 -1.97232 -7 149 300.198 110.192 
7 -1.59791 -6.35011 157 236.483 141.658 
7 1.75895 -5.06184 159 158.785 436.103 
7 0.863395 -4.44339 163 94.2421 371.293 
7 -0.863938 -6.09367 166 223.057 199.09 
7 1.33843 -4.95324 172 146.65 401.837 
7 0.759759 -5.08223 173 154.332 346.539 
7 0.741437 -4.00824 180 44.5753 370.871 
7 -0.563655 -4.89557 181 128.968 227.591 
7 0.831841 -5.58946 182 195.832 342.727 
7 1.69172 -5.79597 183 215.567 408.612 
7 0.0865561 -4.29161 189 72.0539 296.935 
7 -1.97934 -4.46413 190 75.2001 86.3328 
7 0.781169 -6.98961 200 285.127 316.744 
