-7 -1.78251 -2.62609 53 -0.379082 -0.33578 
-7 -0.29883 -1.326 55 -0.110445 -0.0140299 
-7 0.46862 -2.98529 58 -0.505134 0.164959 
-7 -1.05185 -1.49538 60 -0.142361 -0.186365 
-7 -1.03485 -3.75523 61 -0.630197 -0.174257 
-7 -0.184126 -2.39523 62 -0.358604 0.0121972 
-7 1.26508 -0.184774 63 0.17048 0.393788 
-7 -1.45394 1.58819 66 0.609873 -0.294564 
-7 0.577231 -1.47952 76 -0.156331 0.199881 
-7 -1.86155 -2.22478 77 -0.292763 -0.355019 
-7 0.821262 -3.48263 80 -0.625232 0.247621 
-7 -0.166603 0.216342 87 0.26997 0.0192133 
-7 1.69039 -1.92004 89 -0.28032 0.488781 
-7 0.312724 -0.335245 92 0.13003 0.138594 
-7 -1.56958 -3.12031 95 -0.486399 -0.288738 
-7 -1.20087 -3.87679 97 -0.650286 -0.208547 
-7 1.52805 -2.92335 98 -0.518093 0.432063 
-7 -1.0576 1.73598 99 0.657524 -0.201741 
