6.30632 -1.54879 -7 115 0.636378 -0.21587 
6.6867 0.183154 -7 127 0.605554 0.0968341 
6.46481 -1.88245 -7 128 0.603544 -0.261735 
6.08103 -0.977971 -7 134 0.689252 -0.127472 
6.59087 -1.1778 -7 141 0.596091 -0.138413 
6.4687 -1.97232 -7 149 0.601275 -0.276162 
7 -0.0623122 -3.31422 152 -0.0123235 0.0467896 
7 0.36994 -1.65205 155 -0.405269 0.149059 
7 -1.59791 -6.35011 157 0.450669 -0.198076 
7 1.75895 -5.06184 159 0.31621 0.414862 
7 0.343459 -2.54532 160 -0.178146 0.138482 
7 1.08732 -1.94397 162 -0.331637 0.333302 
7 0.863395 -4.44339 163 0.203882 0.239122 
7 -0.724268 -3.10497 165 -0.056882 -0.0969668 
7 -0.863938 -6.09367 166 0.428454 -0.0815314 
7 1.33843 -4.95324 172 0.293583 0.330012 
7 0.759759 -5.08223 173 0.306727 0.211774 
7 -0.518283 -3.0968 179 -0.0580273 -0.0532522 
7 0.741437 -4.00824 180 0.125711 0.217943 
7 -0.563655 -4.89557 181 0.262462 -0.0417763 
7 0.831841 -5.58946 182 0.383358 0.221256 
7 1.69172 -5.79597 183 0.425422 0.384503 
7 -1.20096 -0.713027 185 -0.65916 -0.26907 
7 -0.746732 -0.782938 186 -0.646106 -0.150095 
7 0.0865561 -4.29161 189 0.170447 0.0805292 
7 -1.97934 -4.46413 190 0.180857 -0.307628 
7 -1.56385 -0.742436 193 -0.643011 -0.358411 
7 0.781169 -6.98961 200 0.565256 0.20104 
