-7.4714 -1.05915 0.355818 260 38.967 121.21 
-6.64917 -2.4833 -0.440182 261 225.063 36.5379 
-7.14741 -1.62032 1.76556 264 111.239 285.781 
-5.66157 -4.19387 -0.652214 270 484.786 20.608 
-6.94006 -1.97946 1.55981 271 154.145 270.67 
-5.23237 -4.93727 0.70564 274 568.01 208.426 
-6.17442 -3.3056 1.44019 275 325.912 273.977 
-6.35803 -2.98756 0.146678 278 291.545 117.051 
-6.14897 -3.34967 0.179673 281 345.294 124.337 
-6.80803 -2.20814 1.05615 282 183.69 216.554 
-5.29126 -4.83526 1.87037 284 528.777 346.243 
-6.95343 -1.95631 1.29159 291 149.711 239.69 
-6.93825 -1.9826 -0.53082 295 159.765 19.5811 
-7.01036 -1.8577 1.45833 300 138.826 257.901 
-6.64642 -2.48807 1.41126 310 218.804 260.981 
-7.11395 -1.67828 -0.473701 317 117.245 24.5733 
-7.53876 -0.942491 0.491179 328 23.2149 136.199 
-5.70343 -4.12137 0.704539 329 448.248 199.576 
-5.29142 -4.83499 -0.290764 343 577.925 76.7958 
-6.83154 -2.16742 0.486301 345 178.668 148.971 
-5.42884 -4.59697 1.28117 351 507.358 275.229 
-5.36533 -4.70697 -0.794508 356 569.651 2.62092 
-5.82827 -3.90515 1.73075 357 404.368 315.482 
-7.13206 -1.6469 0.386525 358 112.576 135.367 
-7.24008 -1.45982 0.239176 360 87.948 110.217 
-6.57086 -2.61894 0.112404 367 243.134 107.927 
-6.73207 -2.33972 -0.455992 369 207.074 32.2062 
-6.90193 -2.0455 0.150108 371 165.071 105.322 
-5.20485 -4.98493 0.860305 376 573.355 229.728 
-7.6338 -0.777869 -0.0587155 380 0.251271 69.4787 
-6.69448 -2.40482 0.483031 384 212.841 151.36 
-5.96156 -3.67428 1.39164 385 375.239 272.631 
-5.24676 -4.91235 0.215207 389 578.19 145.661 
-4.97755 -5.37862 1.00983 392 629.827 254.358 
-6.74479 -2.31769 0.740399 393 198.967 181.583 
-6.97577 -1.91761 -0.4901 401 146.63 22.5695 
-7.52277 -0.970174 1.1088 406 31.1311 206.197 
-6.46686 -2.79907 -0.256321 409 270.799 62.9116 
-7.63883 -0.769162 -0.119058 410 1.88451 61.9088 
-6.97717 -1.91519 1.81959 414 144.404 296.579 
-6.00176 -3.60464 0.426871 430 378.688 160.016 
-6.84225 -2.14887 1.74644 436 174.168 292.469 
-5.16969 -5.04583 -0.141549 437 607.027 102.117 
-6.48803 -2.7624 0.108587 442 261.809 108.012 
-7.28007 -1.39054 -0.1606 450 78.5935 63.9513 
-6.50928 -2.7256 -0.0902829 452 257.353 84.0903 
-6.03331 -3.55 -0.591601 458 384.486 23.7381 
-7.48055 -1.0433 0.202815 459 35.4284 103.835 
-6.65278 -2.47704 -0.576839 463 227.409 17.0881 
-5.68074 -4.16068 0.111245 466 463.682 124.73 
-7.42117 -1.14615 0.204588 467 49.1918 103.864 
-5.94183 -3.70845 -0.699449 468 407.293 11.5233 
-6.23302 -3.2041 1.90527 471 305.031 325.293 
-5.14801 -5.08339 0.214391 472 602.785 147.345 
-5.88723 -3.80302 -0.421933 473 418.723 48.9454 
-5.72951 -4.0762 -0.498216 489 463.139 41.4655 
-5.30136 -4.81777 0.489233 495 556.343 181.004 
