1.69792 -0.977731 -7 104 0.248015 -0.348376 
5.64257 -0.481715 -7 109 -0.613782 -0.2547 
2.26927 0.767181 -7 111 0.00647308 0.145712 
2.74139 -0.240151 -7 113 -0.0713228 -0.15212 
6.30632 -1.54879 -7 115 -0.674563 -0.473865 
4.50714 -1.04124 -7 119 -0.410588 -0.371107 
2.98659 0.138239 -7 123 -0.145119 -0.0576209 
0.474792 -0.485198 -7 124 0.66018 -0.170267 
4.46367 -0.542201 -7 125 -0.420276 -0.2558 
3.77354 -0.887468 -7 133 -0.276185 -0.332615 
6.08103 -0.977971 -7 134 -0.661034 -0.35959 
3.34213 1.4046 -7 137 -0.273879 0.254883 
0.97797 0.750031 -7 138 0.40369 0.223203 
4.29646 -0.0380129 -7 139 -0.407864 -0.135831 
4.8725 1.3091 -7 142 -0.553643 0.152971 
1.9715 1.13953 -7 144 0.071376 0.272076 
1.45576 0.553777 -7 145 0.252527 0.128853 
