-7 1.12101 -6.65735 79 628.179 453.177 
-7 0.592834 -6.66606 94 633.828 405.887 
-5.46333 -1.29075 -7 102 540.077 216.809 
-4.55559 -0.250499 -7 105 461.068 305.155 
-2.11042 -0.0563179 -7 106 207.47 297.928 
-5.09885 0.316864 -7 107 492.86 365.844 
-6.22725 1.4028 -7 110 551.556 467.266 
-0.689565 -1.47331 -7 112 17.5472 44.6775 
-5.05591 -0.451909 -7 117 501.028 290.494 
-3.07632 -1.96878 -7 120 359.879 85.6995 
-3.56835 0.827876 -7 121 356.677 416.865 
-6.20015 -0.954561 -7 122 579.961 258.056 
-1.05355 -1.5594 -7 126 85.6701 51.2301 
-2.10211 -0.684594 -7 129 220.872 213.883 
-3.11373 -0.303232 -7 130 331.897 281.514 
-1.30535 -1.94469 -7 131 137.202 8.59039 
-1.59533 0.795126 -7 132 111.134 413.503 
-6.2831 -0.370457 -7 140 577.349 309.982 
-5.05277 -1.83336 -7 148 520.664 157.597 
-6.46998 0.52855 -7 150 576.704 389.444 
