-7 0.0943094 -5.21035 64 536.901 282.776 
-7 1.11392 -6.02536 65 468.7 369.613 
-7 0.886694 -5.35798 67 524.504 356.546 
-7 1.34911 -4.82912 74 578.916 411.321 
-7 0.694743 -5.33965 78 525.895 338.547 
-7 1.12101 -6.65735 79 424.288 363.332 
-7 -1.84392 -6.0007 85 470.388 128.8 
-7 -0.295975 -5.19552 90 537.565 246.711 
-7 1.40697 -4.3308 91 639.266 429.555 
-7 0.592834 -6.66606 94 424.24 321.528 
-7 -0.609874 -5.90804 100 477.39 224.572 
-3.17768 1.79522 -7 101 90.4222 473.351 
-5.46333 -1.29075 -7 102 325.043 158.884 
-4.55559 -0.250499 -7 105 255.489 235.741 
-5.09885 0.316864 -7 107 294.177 293.328 
-6.22725 1.4028 -7 110 362.516 386.866 
-5.05591 -0.451909 -7 117 294.597 223.433 
-3.07632 -1.96878 -7 120 124.868 19.8568 
-3.56835 0.827876 -7 121 151.373 345.126 
-6.20015 -0.954561 -7 122 366.624 197.595 
-3.11373 -0.303232 -7 130 109.652 207.686 
-3.58737 1.4874 -7 135 146.479 424.668 
-6.2831 -0.370457 -7 140 369.734 243.396 
-5.05277 -1.83336 -7 148 300.389 104.833 
-6.46998 0.52855 -7 150 377.689 314.678 
