-4.80195 0.41523 7 21 612.345 188.621 
-5.37012 0.037908 7 24 562.371 147.959 
-5.21106 1.44812 7 29 555.465 279.676 
-5.40598 0.152698 7 30 557.408 158.733 
-5.875 -0.508694 7 36 527.092 97.8236 
-5.59816 -0.619665 7 42 551.829 85.4855 
-6.33365 0.109205 7 44 486.209 151.917 
-6.25916 0.145289 7 48 490.865 155.091 
-7 0.21307 2.3409 51 48.3962 127.745 
-7 -0.503339 4.01391 52 242.016 68.3839 
-7 -0.64261 4.44771 54 281.743 60.8786 
-7 -0.441068 2.32778 56 43.1318 42.976 
-7 1.81819 2.50338 57 76.4799 311.719 
-7 0.78654 5.75191 68 369.044 199.578 
-7 -0.100249 4.19611 69 257.206 112.48 
-7 -0.527577 4.46053 71 282.266 72.7401 
-7 -0.14175 5.47309 72 357.188 120.458 
-7 1.61955 6.53315 73 408.733 260.716 
-7 1.51818 2.67054 81 96.2057 278.006 
-7 0.883221 6.2108 82 396.164 207.182 
-7 -0.72299 3.2493 84 162.611 28.8659 
-7 1.48523 2.57162 86 83.9585 275.411 
-7 1.20864 2.59145 88 85.6299 245.128 
-7 1.46933 5.82185 93 368.733 252.957 
-7 -0.576654 5.65743 96 372.735 83.9532 
