-4.80195 0.41523 7 21 551.55 223.278 
-5.92999 -1.73451 7 23 473.953 26.3249 
-5.37012 0.037908 7 24 504.232 183.837 
-5.21106 1.44812 7 29 505.698 311.2 
-5.40598 0.152698 7 30 500.377 194.099 
-5.875 -0.508694 7 36 469.466 135.382 
-5.59816 -0.619665 7 42 491.125 124.123 
-6.33365 0.109205 7 44 435.092 186.673 
-6.25916 0.145289 7 48 439.541 189.799 
-7 -0.503339 4.01391 52 186.51 118.097 
-7 -0.64261 4.44771 54 227.214 108.474 
-7 1.81819 2.50338 57 18.3633 375.193 
-7 0.78654 5.75191 68 323.296 237.751 
-7 -0.100249 4.19611 69 204.19 160.223 
-7 -0.527577 4.46053 71 228.293 119.938 
-7 -0.14175 5.47309 72 307.109 161.548 
-7 1.61955 6.53315 73 366.893 294.671 
-7 1.51818 2.67054 81 38.9738 338.601 
-7 0.883221 6.2108 82 351.19 243.181 
-7 -0.72299 3.2493 84 101.832 84.0973 
-7 1.48523 2.57162 86 25.4746 337.03 
-7 1.20864 2.59145 88 26.3701 305.819 
-7 1.46933 5.82185 93 325.834 290.248 
-7 -0.576654 5.65743 96 320.911 125.382 
