-7 0.21307 2.3409 51 303.731 237.231 
-7 -0.503339 4.01391 52 462.725 171.772 
-7 -0.64261 4.44771 54 498.811 161.219 
-7 -0.441068 2.32778 56 305.205 166.604 
-7 1.81819 2.50338 57 313.265 403.077 
-7 1.50288 1.91462 59 253.669 375.281 
-7 -1.45394 1.58819 66 227.253 42.2914 
-7 0.78654 5.75191 68 584.318 293.067 
-7 -0.100249 4.19611 69 475.255 211.531 
-7 -1.07602 2.04225 70 277.38 93.0738 
-7 -0.527577 4.46053 71 499.089 172.229 
-7 -0.14175 5.47309 72 571.616 212.332 
-7 1.61955 6.53315 73 628.688 359.393 
-7 -1.87164 2.51938 75 331.652 10.7915 
-7 1.51818 2.67054 81 330.987 371.625 
-7 0.883221 6.2108 82 613.686 300.554 
-7 -1.9255 2.82609 83 362.93 10.4461 
-7 -0.72299 3.2493 84 396.957 144.104 
-7 1.48523 2.57162 86 321.455 368.951 
-7 -0.166603 0.216342 87 46.4947 183.182 
-7 1.20864 2.59145 88 324.638 340.76 
-7 1.46933 5.82185 93 584.333 350.314 
-7 -0.576654 5.65743 96 587.386 174.745 
-7 -1.0576 1.73598 99 243.019 91.1365 
