1.50492 8.95177 -1.01173 5 150.976 172.356 
-0.0798114 8.03682 -1.36918 7 285.29 80.4246 
2.56137 9.56171 -1.26435 9 76.7586 176.188 
-1.18389 7.39938 -0.935763 10 434.975 78.6059 
-0.178643 7.97976 0.508014 11 337.697 287.374 
0.882168 8.59222 -0.707979 12 208.227 183.993 
0.899845 8.60243 -1.45278 14 188.286 111.575 
-0.882633 7.57332 -1.15265 15 387.021 65.5733 
0.308716 8.26114 -0.602419 18 263.157 178.539 
-0.834292 7.60122 -0.745649 20 390.883 121.97 
1.53151 8.96712 0.925447 27 183.26 349.086 
-1.29918 7.33282 1.56526 29 522.633 406.366 
1.89409 9.17646 -0.898766 30 124.805 191.652 
1.20489 8.77855 1.35968 34 219.512 388.255 
0.643979 8.45471 0.172026 37 246.692 264.603 
1.0009 8.66077 1.01151 39 228.578 351.938 
1.35417 8.86473 -1.19204 41 159.388 152.214 
-1.4565 7.24199 0.969849 43 532.885 327.362 
2.2299 9.37034 -1.63427 48 90.7565 135.637 
-2.14768 6.84294 -0.101629 51 636.17 148.645 
-0.421209 7.83972 -1.17149 54 326.614 87.7489 
-1.24468 7.36429 0.57792 55 487.44 276.043 
-0.449959 7.82312 -0.349133 56 351.295 182.927 
1.11916 8.72905 0.11871 59 202.867 268.073 
2.502 9.52743 1.21213 60 122.583 378.763 
0.976565 8.64672 0.659001 63 224.427 318.265 
2.48091 9.51526 -1.52748 64 78.2988 152.336 
-1.42581 7.25971 0.982136 67 527.242 327.939 
1.84359 9.1473 -0.734752 70 131.687 203.205 
2.0992 9.29488 1.12901 72 145.231 368.681 
2.43447 9.48845 -1.27169 74 84.9808 171.313 
0.772201 8.52873 0.816256 76 247.588 331.765 
-1.81168 7.03693 1.23812 85 606.883 360.005 
2.20527 9.35612 0.861552 89 136.138 347.001 
0.17216 8.1823 0.981234 106 308.248 345.771 
-1.22592 7.37512 0.548265 107 481.487 273.065 
-0.30588 7.9063 0.0837691 108 342.358 236.924 
1.53832 8.97105 -0.336704 110 161.242 234.483 
-0.383025 7.86176 0.22409 112 355.694 250.487 
1.39446 8.888 1.03195 114 198.772 359.743 
-1.79023 7.04931 1.8524 116 620.759 451.18 
-0.803108 7.61923 -0.814071 117 384.568 111.114 
1.29458 8.83033 1.97538 118 222.919 444.993 
-0.964105 7.52628 0.885878 120 449.637 319.474 
1.68572 9.05615 0.970133 121 173.025 352.655 
0.0926466 8.13639 -1.10015 128 272.927 117.656 
-1.20685 7.38613 1.22507 129 497.84 362.862 
1.04442 8.6859 0.452906 133 213.092 301.836 
-1.33285 7.31338 0.696058 135 504.486 289.445 
-0.621084 7.72432 1.104 141 407.995 353.351 
2.0713 9.27877 -0.869126 143 113.691 197.106 
2.40916 9.47383 1.43867 146 132.828 396.505 
-0.582336 7.74669 0.181318 147 378.758 241.851 
-0.447254 7.82468 0.726916 148 375.771 309.153 
-1.07075 7.46471 -0.23607 149 436.292 174.821 
-0.106953 8.02115 -0.188349 150 312.937 210.703 
2.34296 9.43561 0.313575 151 117.444 303.285 
1.8128 9.12952 -1.61907 155 118.554 124.523 
-2.15233 6.84026 -0.0957294 160 635.72 148.754 
1.66029 9.04147 -0.791988 162 144.212 195.506 
1.18573 8.76749 -1.30616 163 169.269 135.573 
-0.717429 7.6687 0.357392 164 401.275 260.588 
0.840218 8.568 1.74362 168 258.308 425.339 
0.0695622 8.12307 1.38063 169 328.643 386.726 
-1.10514 7.44485 1.99159 172 501.69 463.877 
0.827608 8.56072 -0.196826 177 220.835 233.115 
0.817645 8.55497 1.17423 181 249.364 370.277 
-1.43641 7.25359 -1.07042 183 472.433 43.3484 
-0.0741699 8.04008 -1.61407 185 277.317 52.0209 
-0.509556 7.78871 -1.73933 187 321.155 17.5137 
1.11154 8.72465 -0.22035 188 196.999 235.304 
-1.12203 7.4351 -0.763709 191 430.339 104.068 
-0.560641 7.75922 -0.484044 192 360.781 162.359 
-1.58921 7.16537 -1.2695 193 492.003 9.00342 
1.01143 8.66685 -1.03298 194 186.844 156.248 
-1.18082 7.40116 -1.11678 196 431.892 53.6391 
-1.21876 7.37925 1.56713 198 507.875 408.607 
1.63059 9.02433 -0.54542 202 149.058 216.311 
0.530427 8.38915 0.212413 206 255.114 267.939 
-1.89242 6.99031 1.67854 209 634.049 425.286 
-0.0829147 8.03503 0.967789 213 337.339 339.759 
-1.32904 7.31558 0.826885 214 507.895 308.693 
0.498224 8.37055 -0.257251 218 247.616 219.472 
-1.18272 7.40006 -0.335728 222 452.132 155.15 
-1.831 7.02577 -0.964452 224 545.504 35.0317 
1.50761 8.95332 1.78202 225 201.418 427.521 
-1.58155 7.1698 -0.998108 227 497.886 47.9828 
0.843826 8.57009 1.93717 228 262.636 444.619 
0.842776 8.56948 1.16326 230 246.761 367.38 
2.3848 9.45977 -0.140995 231 106.239 265.937 
1.20088 8.77623 0.396294 235 201.072 297.683 
-0.177513 7.98042 -1.74127 236 287.321 33.9327 
-0.477256 7.80736 0.692004 238 378.848 305.176 
2.1672 9.33414 0.137181 241 123.302 285.552 
2.5324 9.54499 -0.521146 243 90.3809 234.916 
0.34969 8.2848 -0.208161 246 263.82 222.132 
2.29158 9.40595 0.467399 249 122.282 314.81 
2.79672 9.15593 1.45335 762 85.4548 414.663 
2.96438 8.86554 -0.466828 778 20.795 249.063 
3.01964 8.76982 1.66075 782 50.0383 453.652 
2.91765 8.94648 -1.66232 783 5.62342 136.643 
2.7584 9.22231 -0.310632 792 61.5906 258.045 
2.74211 9.25053 -1.73828 813 40.2977 133.307 
2.75988 9.21974 0.955628 841 85.6204 367.158 
3.12713 8.58365 0.949699 846 14.5704 393.65 
3.11682 8.6015 1.29664 853 23.8879 426.167 
3.21408 8.43306 1.15774 858 0.053487 421.289 
2.83011 9.0981 -0.827008 869 40.8877 213.463 
2.74336 9.24836 0.533191 877 78.2813 331.431 
2.665 9.38408 0.586617 924 91.2791 332.414 
2.78152 9.18227 -1.96749 936 29.7956 113.859 
3.02515 8.76029 0.646829 955 29.2635 358.069 
2.99518 8.81219 -1.02389 956 2.28409 196.819 
2.88729 8.99907 -0.922446 958 27.0659 202.429 
2.80084 9.14881 -0.0563065 974 58.2811 280.779 
2.74799 9.24035 0.800252 981 80.5787 353.351 
