4.31342 6.52894 -1.60055 753 0.168766 -0.366432 
3.95041 7.15768 -0.115486 754 0.319178 -0.0101469 
5.20903 4.97769 -0.50044 755 -0.275367 -0.0903622 
4.55568 6.10933 1.89736 756 0.0692525 0.48104 
4.31954 6.51834 0.440036 760 0.170013 0.12481 
2.79672 9.15593 1.45335 762 0.695513 0.267817 
3.65369 7.67162 -0.409443 763 0.431179 -0.0828055 
3.63308 7.70731 -0.253667 767 0.439296 -0.046133 
4.46197 6.27165 0.273057 769 0.110329 0.0903863 
4.61126 6.01306 1.59096 770 0.0413153 0.410707 
3.94821 7.16151 -0.305332 771 0.317837 -0.0530449 
5.03444 5.28009 -1.71136 772 -0.190134 -0.425763 
3.17581 8.49933 -0.450529 776 0.59167 -0.0985629 
4.57465 6.07647 -0.980151 777 0.046213 -0.21787 
2.96438 8.86554 -0.466828 778 0.660439 -0.0962202 
3.01964 8.76982 1.66075 782 0.627332 0.319778 
2.91765 8.94648 -1.66232 783 0.679879 -0.344836 
5.15479 5.07165 1.79947 785 -0.219898 0.512398 
5.70086 4.12582 1.37764 788 -0.541426 0.460904 
4.09862 6.90098 -0.651429 789 0.257749 -0.135255 
3.94393 7.16891 1.20445 790 0.319514 0.278275 
5.12308 5.12656 1.56711 791 -0.202821 0.449858 
5.18216 5.02423 -0.915456 795 -0.264728 -0.203546 
4.59582 6.03981 -1.8766 800 0.0366952 -0.453119 
4.05686 6.97332 -1.81735 802 0.277544 -0.41251 
3.73411 7.53233 -1.49404 804 0.402062 -0.324978 
4.51996 6.17121 -1.82406 806 0.0703035 -0.436618 
3.68413 7.6189 -0.207288 807 0.41791 -0.0378803 
5.66896 4.18107 1.48268 810 -0.52352 0.483067 
5.10188 5.16328 -1.16456 819 -0.227464 -0.273983 
5.52148 4.43652 -0.0547931 822 -0.458138 0.0431719 
3.75485 7.49641 -1.09591 823 0.397607 -0.233048 
5.84215 3.8811 1.25316 824 -0.639645 0.43324 
5.5405 4.40357 -1.44396 835 -0.491779 -0.369064 
3.57856 7.80176 -0.875216 840 0.46071 -0.18474 
4.78716 5.7084 1.97587 843 -0.0309454 0.515854 
3.12713 8.58365 0.949699 846 0.600033 0.185659 
4.15625 6.80116 -0.0422045 847 0.234038 0.00582034 
4.99376 5.35056 -0.727822 848 -0.158808 -0.148431 
3.4808 7.97107 -1.62753 851 0.496189 -0.346036 
3.61746 7.73437 -1.94874 852 0.449183 -0.428064 
3.11682 8.6015 1.29664 853 0.601876 0.256607 
3.59494 7.77338 0.739111 854 0.449791 0.164716 
5.62913 4.25005 -0.845981 855 -0.540208 -0.190661 
3.21408 8.43306 1.15774 858 0.572159 0.232049 
3.63106 7.71081 -1.67758 859 0.441732 -0.366482 
3.27878 8.32099 -1.03834 860 0.559112 -0.215693 
4.56207 6.09827 -1.67131 861 0.0521887 -0.393767 
5.34442 4.7432 -0.804129 863 -0.355093 -0.175227 
4.3546 6.4576 0.374594 864 0.156782 0.114219 
4.06751 6.95487 -1.6458 865 0.270688 -0.366553 
3.50474 7.92962 1.97827 867 0.476606 0.409764 
4.94977 5.42675 -0.328941 868 -0.133394 -0.0437958 
3.62176 7.72692 0.659348 870 0.437178 0.149187 
4.25903 6.62315 1.93355 875 0.197732 0.461118 
4.41808 6.34766 -1.43643 876 0.121265 -0.330577 
5.30638 4.80908 -0.846641 879 -0.334447 -0.188063 
4.56699 6.08973 -1.84141 883 0.0502506 -0.443339 
4.79043 5.70272 0.841803 884 -0.0415552 0.246357 
5.48992 4.49117 1.01765 885 -0.423526 0.3414 
3.47475 7.98155 1.30736 888 0.486803 0.272309 
3.96207 7.13749 -0.131759 891 0.312119 -0.0138643 
4.38822 6.39938 -1.26668 892 0.133939 -0.286679 
5.33186 4.76494 0.690372 894 -0.328785 0.239331 
5.07479 5.21021 -0.592079 897 -0.202227 -0.113338 
3.79506 7.42677 -1.15471 899 0.377936 -0.245904 
4.24153 6.65346 -1.08896 903 0.196455 -0.237261 
4.97651 5.38043 -1.78963 905 -0.157976 -0.440961 
5.14042 5.09654 0.266927 906 -0.23156 0.120559 
4.61439 6.00765 -1.15812 909 0.0250115 -0.264382 
4.70431 5.85189 0.465414 910 -0.00890257 0.150136 
4.24347 6.65009 0.760465 912 0.20153 0.195987 
3.15471 8.53588 -0.806247 915 0.59903 -0.167514 
3.62319 7.72445 -0.430218 916 0.437814 -0.0823476 
3.37491 8.15449 -1.18787 917 0.536462 -0.249334 
3.88292 7.27458 0.732852 918 0.345551 0.177633 
4.81756 5.65573 0.693441 919 -0.0589797 0.207172 
3.5513 7.84897 1.93783 920 0.456891 0.408319 
4.74735 5.77734 -1.4318 921 -0.0366934 -0.338975 
3.89561 7.2526 -0.984565 922 0.338529 -0.210718 
3.15548 8.53455 -1.95746 923 0.611211 -0.41682 
3.45706 8.01219 0.602811 925 0.493411 0.12859 
4.92972 5.46147 0.685045 928 -0.117422 0.212875 
3.20202 8.45395 0.188458 931 0.583492 0.0364429 
4.89688 5.51835 -1.08993 939 -0.112167 -0.2537 
4.93218 5.45722 -0.369873 940 -0.121489 -0.0596343 
3.59191 7.77864 1.36064 942 0.441992 0.289766 
5.5287 4.42402 0.271974 943 -0.459917 0.136279 
5.34394 4.74403 -0.45553 947 -0.354586 -0.075371 
5.80798 3.94029 0.203205 953 -0.638509 0.127344 
3.89811 7.24827 1.30532 954 0.33774 0.299677 
3.02515 8.76029 0.646829 955 0.630416 0.124781 
2.99518 8.81219 -1.02389 956 0.654715 -0.209687 
4.95506 5.41758 -0.74361 957 -0.13815 -0.159028 
2.88729 8.99907 -0.922446 958 0.684877 -0.189037 
5.615 4.27453 -0.380425 961 -0.523804 -0.0503687 
5.29086 4.83597 -1.98418 962 -0.343158 -0.515874 
5.54904 4.38878 0.419383 964 -0.464011 0.177394 
4.28105 6.58501 -0.348295 969 0.180397 -0.0594275 
5.19076 5.00935 -1.7233 970 -0.282387 -0.43954 
5.51039 4.45573 1.34352 972 -0.425573 0.42941 
4.4012 6.3769 -1.37641 973 0.132112 -0.311441 
4.30329 6.54648 1.81023 975 0.176019 0.434033 
4.12313 6.85854 -0.122495 977 0.248118 -0.013392 
4.93575 5.45104 -0.7803 984 -0.128096 -0.166485 
5.51818 4.44223 -1.47775 990 -0.475533 -0.377473 
5.75493 4.03217 1.14041 991 -0.585254 0.39228 
4.40456 6.37107 0.274064 992 0.13266 0.088005 
4.26624 6.61065 0.689474 996 0.193591 0.182072 
4.40907 6.36327 1.15293 997 0.131236 0.292802 
4.63799 5.96676 0.669191 998 0.0297531 0.193666 
