-3.11304 -8.60806 -1.9166 254 423.738 102.427 
-3.48222 -7.96863 1.84681 255 430.687 448.913 
-2.75039 -9.23619 0.329719 263 503.578 283.153 
-3.07463 -8.67459 -1.54793 266 433.934 131.772 
-2.57499 -9.53998 1.60069 268 543.085 385.79 
-2.72709 -9.27655 -1.48729 269 476.901 137.992 
-5.23237 -4.93727 0.70564 274 9.9167 412.153 
-3.88769 -7.26632 -1.50954 277 313.546 126.574 
-4.24528 -6.64697 0.694015 279 275.434 358.917 
-5.01096 -5.32075 -0.777348 280 68.1303 201.633 
-3.32874 -8.23445 -1.42324 285 400.506 140.291 
-3.49888 -7.93976 0.772929 286 410.329 341.273 
-4.95189 -5.42307 -0.262658 289 90.818 265.853 
-4.9932 -5.35153 -1.23628 292 69.6504 146.451 
-3.44968 -8.02497 0.167007 293 409.546 281.449 
-3.04378 -8.72802 1.54345 294 487.178 397.905 
-3.22332 -8.41705 1.89644 304 468.855 439.376 
-3.93868 -7.178 -1.57121 306 303.618 121.006 
-5.13363 -5.10828 -1.10309 312 27.6596 161.464 
-3.32508 -8.2408 -1.51403 315 400.096 133.104 
-3.63057 -7.71167 -1.43695 316 356.329 137.301 
-4.92427 -5.47091 0.898447 318 110.859 421.311 
-4.81248 -5.66455 -1.64507 319 115.319 103.027 
-3.09129 -8.64573 1.79249 320 486.563 423.381 
-4.10365 -6.89227 -1.45523 322 273.359 131.735 
-3.06428 -8.69251 -0.666718 324 448.915 205.13 
-4.30377 -6.54565 0.385968 326 259.684 326.951 
-4.07384 -6.9439 0.0649336 330 300.925 286.879 
-4.85494 -5.591 -1.94807 331 100.839 66.2864 
-3.49997 -7.93787 0.446165 333 404.269 310.489 
-3.35488 -8.18918 1.50964 334 443.927 406.488 
-4.50583 -6.19567 0.376914 336 215.947 331.829 
-4.09708 -6.90364 0.281542 338 300.886 309.723 
-3.77569 -7.46032 0.825581 340 369.023 354.777 
-4.16753 -6.78163 0.981089 341 296.02 389 
-4.78378 -5.71426 0.966713 344 151.235 422.928 
-4.31667 -6.52331 1.57757 348 274.082 468.192 
-3.62005 -7.72989 0.845456 350 392.622 351.959 
-4.2793 -6.58803 -1.32765 353 242.738 142.739 
-2.64072 -9.42615 1.95256 355 545.376 417.535 
-3.10287 -8.62567 -0.357131 361 447.982 229.482 
-4.93982 -5.44397 -1.05261 362 85.9747 166.876 
-4.34584 -6.47278 1.58859 363 267.602 472.465 
-3.98712 -7.09411 0.170839 364 320.412 293.325 
-4.44212 -6.30602 -1.20213 365 209.604 154.434 
-3.32955 -8.23305 -1.41411 368 400.775 139.836 
-2.62582 -9.45194 -1.96759 374 480.726 104.25 
-5.20485 -4.98493 0.860305 376 19.582 436.019 
-5.0994 -5.16757 -0.624233 381 41.3365 221.602 
-3.72571 -7.54688 0.335972 382 368.838 305.005 
-3.02092 -8.76762 -1.67324 386 438.842 122.804 
-4.55591 -6.10892 1.47438 387 217.261 473.22 
-5.24676 -4.91235 0.215207 389 1.12437 342.39 
-3.14704 -8.54917 1.54174 390 473.944 402.792 
-4.97755 -5.37862 1.00983 392 96.4184 440.85 
-4.85021 -5.5992 -1.40794 394 108.204 127.186 
-2.75281 -9.23199 0.225616 395 500.761 272.46 
-3.18967 -8.47533 1.85927 400 473.356 436.146 
-3.33676 -8.22056 -0.399899 404 415.65 229.719 
-3.20418 -8.4502 0.757211 405 453.603 331.804 
-3.32846 -8.23494 1.89335 407 455.616 444.21 
-4.67743 -5.89845 0.0191106 408 167.22 294.296 
-4.7162 -5.8313 -1.22464 411 144.632 149.681 
-3.05904 -8.70159 0.925619 412 476.645 342.163 
-2.74941 -9.23788 0.292754 416 502.94 279.361 
-4.24744 -6.64321 -1.92173 418 242.261 84.7461 
-4.59318 -6.04438 0.332137 419 191.955 329.573 
-3.28794 -8.30512 -0.582867 425 418.349 211.441 
-4.10084 -6.89714 -0.211774 427 292.222 256.098 
-2.88356 -9.00553 1.61269 428 510.245 396.895 
-3.57786 -7.80296 1.13653 429 405.468 379.933 
-4.2527 -6.63411 -0.951124 431 252.359 180.441 
-4.54469 -6.12836 -1.52013 432 181.897 119.198 
-3.71801 -7.56021 -1.73791 433 338.945 110.659 
-2.84073 -9.07972 -1.27039 435 465.984 156.019 
-5.16969 -5.04583 -0.141549 437 23.5525 286.597 
-4.68557 -5.88436 -1.8811 438 145.276 79.186 
-4.8407 -5.61566 -0.0396453 440 125.288 292.758 
-4.21563 -6.69831 -0.927394 445 259.64 183.614 
-4.75369 -5.76637 0.970583 446 160.394 418.775 
-4.02746 -7.02424 -1.63148 447 285.639 114.798 
-2.97704 -8.84361 -0.559065 449 458.803 211.99 
-4.46089 -6.27351 1.45209 451 238.24 463.381 
-3.13049 -8.57784 0.930095 453 466.242 343.084 
-2.83311 -9.09292 -0.904736 454 472.917 185.603 
-3.07985 -8.66554 0.939564 456 470.88 342.148 
-2.82678 -9.10387 0.818773 460 501.514 325.291 
-4.41902 -6.34603 0.58457 470 236.559 353.29 
-5.14801 -5.08339 0.214391 472 33.5898 337.465 
-4.6459 -5.95307 0.77707 474 183.77 386.954 
-2.94605 -8.89729 1.87197 478 504.998 423.661 
-3.62908 -7.71426 0.283949 480 383.79 294.464 
-4.72984 -5.80768 1.01961 483 165.225 423.512 
-3.75747 -7.49188 -0.114405 484 356.28 260.752 
-4.07094 -6.94893 1.07534 490 317.986 394.452 
-4.92481 -5.46997 -1.54112 491 85.9716 110.179 
-2.61113 -9.47739 -1.5069 492 488.196 138.235 
-3.63585 -7.70252 0.600044 494 386.986 328.189 
-3.6271 -7.71768 0.36592 497 385.28 304.585 
-3.46213 -8.00341 0.473249 499 412.602 308.846 
-3.9326 -7.18855 1.52347 500 350.966 436.977 
-1.33469 -8.85349 -0.250941 535 633.597 205.042 
-1.55768 -8.98223 1.00965 540 634.23 334.784 
-2.54087 -9.54988 -1.96382 546 487.731 103.976 
-2.17518 -9.33875 -0.02102 551 549.06 244.634 
-1.37853 -8.8788 -0.140968 554 630.152 215.727 
-1.35618 -8.8659 -1.86663 561 590.787 54.8898 
-2.39776 -9.46725 -1.50147 566 505.461 134.439 
-2.13398 -9.31496 -0.61668 585 542.338 194.736 
-1.80668 -9.12599 1.44164 586 617.056 374.074 
-1.85453 -9.15362 1.00414 599 600.687 333.364 
-2.0658 -9.2756 0.128408 612 561.483 257.316 
-2.28434 -9.40177 0.767727 616 552.654 314.653 
-1.43619 -8.91209 -1.99412 619 579.386 49.7735 
-1.39269 -8.88697 -0.919729 622 609.175 142.466 
-1.85496 -9.15386 1.85126 623 620.587 418.3 
-2.10532 -9.29841 0.971801 625 574.522 332.666 
-1.41788 -8.90152 -1.16565 639 600.55 121.527 
-1.37552 -8.87706 0.232198 643 638.91 252.735 
-1.56414 -8.98596 -0.787846 645 591.131 163.154 
-1.48552 -8.94057 0.517606 676 631.617 283.499 
-2.31293 -9.41827 1.81431 707 571.148 406.079 
-1.908 -9.18449 1.52916 719 606.51 383.709 
