-1.97014 0.361326 7 3 0.284062 0.0663448 
-2.93389 0.906698 7 9 0.0336028 0.235991 
-2.14837 -1.21575 7 10 0.189971 -0.364912 
-4.80195 0.41523 7 21 -0.345021 0.13084 
-3.28746 -0.347612 7 22 -0.0683238 -0.0824651 
-5.92999 -1.73451 7 23 -0.511164 -0.263153 
-5.37012 0.037908 7 24 -0.433505 0.059398 
-5.21106 1.44812 7 29 -0.405868 0.361035 
-5.40598 0.152698 7 30 -0.438433 0.0835879 
-2.84657 -0.836733 7 31 0.0227761 -0.223273 
-3.76175 1.7333 7 32 -0.14207 0.451691 
-2.21352 -0.0799941 7 33 0.200704 -0.053555 
-5.875 -0.508694 7 36 -0.503686 -0.0378188 
-4.02466 -0.174699 7 39 -0.213919 -0.0174196 
-3.22548 0.288125 7 40 -0.0453383 0.074983 
-5.59816 -0.619665 7 42 -0.466775 -0.0666529 
-3.26615 1.27581 7 43 -0.0391699 0.336233 
-6.33365 0.109205 7 44 -0.561988 0.0889726 
-2.70348 -0.732172 7 47 0.0586752 -0.204739 
-6.25916 0.145289 7 48 -0.552804 0.0948023 
