-1.97014 0.361326 7 3 0.615587 0.121522 
-2.93389 0.906698 7 9 0.346325 0.308419 
-2.14837 -1.21575 7 10 0.447404 -0.323039 
-4.80195 0.41523 7 21 -0.0699623 0.216312 
-3.28746 -0.347612 7 22 0.19353 -0.00942071 
-5.92999 -1.73451 7 23 -0.27987 -0.150544 
-5.37012 0.037908 7 24 -0.166666 0.151252 
-5.21106 1.44812 7 29 -0.103589 0.440147 
-5.40598 0.152698 7 30 -0.168664 0.174632 
-2.84657 -0.836733 7 31 0.275768 -0.159397 
-2.21352 -0.0799941 7 33 0.500678 0.000762292 
-5.875 -0.508694 7 36 -0.246452 0.0623005 
-4.02466 -0.174699 7 39 0.0466623 0.0649215 
-3.22548 0.288125 7 40 0.238341 0.147861 
-5.59816 -0.619665 7 42 -0.214057 0.0326782 
-3.26615 1.27581 7 43 0.278023 0.411872 
-6.33365 0.109205 7 44 -0.287607 0.185 
-2.70348 -0.732172 7 47 0.318198 -0.143824 
-6.25916 0.145289 7 48 -0.278177 0.190114 
-7 0.78654 5.75191 68 -0.566732 0.372213 
-7 -0.14175 5.47309 72 -0.643013 0.18819 
-7 1.61955 6.53315 73 -0.404327 0.490104 
-7 0.883221 6.2108 82 -0.474351 0.366373 
-7 1.46933 5.82185 93 -0.540396 0.513599 
-7 -0.576654 5.65743 96 -0.608397 0.0954678 
