7.15996 -3.9491 0.231069 501 -0.227751 -0.136078 
7.75999 -3.60267 0.808332 502 -0.102013 -0.0470619 
9.29836 -2.71449 1.94602 503 0.120434 0.0787767 
9.54954 -2.56948 1.62614 504 0.144165 0.0280951 
9.1254 -2.81435 -0.972402 505 0.0847844 -0.372362 
8.36902 -3.25105 -1.59632 512 -0.0315575 -0.504724 
7.62157 -3.68259 0.309022 516 -0.137192 -0.13215 
5.54127 -4.88365 0.584966 517 -0.658465 0.0012456 
7.24861 -3.89792 -1.1423 520 -0.238124 -0.436216 
9.51565 -2.58904 1.12107 521 0.14226 -0.0435464 
5.3746 -4.97988 1.7937 525 -0.654936 0.305205 
8.29682 -3.29273 -0.961132 526 -0.0359297 -0.384481 
7.67594 -3.6512 1.18816 529 -0.112984 0.023902 
9.28962 -2.71954 -1.63781 531 0.103685 -0.483159 
5.78814 -4.74112 0.731293 533 -0.561828 0.0196893 
7.01301 -4.03394 -0.97463 534 -0.287557 -0.402822 
7.77252 -3.59544 -0.54676 544 -0.120743 -0.30527 
8.80092 -3.00169 1.19755 545 0.0563989 -0.0124211 
5.8167 -4.72463 -0.692834 547 -0.628471 -0.349571 
5.94865 -4.64845 -0.108768 552 -0.55236 -0.193009 
8.06725 -3.42528 1.6113 573 -0.039045 0.0818617 
7.62174 -3.68249 1.0201 577 -0.125611 -0.00208056 
5.79079 -4.73959 0.326224 579 -0.581883 -0.0762852 
6.08574 -4.5693 -0.422393 587 -0.522009 -0.27576 
5.95338 -4.64572 1.4698 588 -0.486255 0.180504 
6.59806 -4.27351 1.37278 589 -0.325189 0.112774 
8.43181 -3.2148 -0.531218 590 -0.0157354 -0.300214 
7.71485 -3.62873 -1.31027 594 -0.142661 -0.461687 
5.81744 -4.72421 1.86454 597 -0.511517 0.277987 
8.52047 -3.16361 0.124086 605 0.00873711 -0.183658 
8.21821 -3.33812 0.87683 609 -0.025256 -0.0476342 
8.95105 -2.91501 -0.0284258 613 0.0663196 -0.215359 
8.58134 -3.12847 1.5153 614 0.0303102 0.0429558 
5.91431 -4.66828 0.963849 617 -0.519757 0.069202 
7.88394 -3.53111 -1.51631 618 -0.115154 -0.500028 
8.24406 -3.3232 1.57934 624 -0.0203054 0.0679054 
8.74387 -3.03463 -1.74637 631 0.0249729 -0.518885 
8.37201 -3.24932 -1.42691 633 -0.0343955 -0.470759 
7.92744 -3.50599 0.853241 634 -0.0740752 -0.0423465 
7.04767 -4.01393 1.30024 635 -0.227636 0.0754804 
5.60109 -4.84911 1.5746 636 -0.589446 0.236899 
6.13888 -4.53862 1.31542 644 -0.434168 0.130927 
6.14497 -4.53511 -1.1835 648 -0.535477 -0.477747 
7.74644 -3.6105 0.0375105 649 -0.109722 -0.189129 
7.0982 -3.98476 0.68195 653 -0.229186 -0.0458036 
7.02559 -4.02668 0.448994 659 -0.249419 -0.0910007 
8.5643 -3.13831 0.571234 665 0.022331 -0.10566 
8.78782 -3.00925 1.27741 666 0.05648 -0.00132999 
6.55913 -4.29599 -1.18896 667 -0.409948 -0.468706 
8.98332 -2.89638 -0.0875092 671 0.0765814 -0.225465 
6.39838 -4.3888 1.60708 675 -0.36607 0.178312 
9.50215 -2.59683 -1.80067 679 0.125441 -0.507546 
8.96859 -2.90489 1.45636 680 0.079133 0.0226734 
9.51544 -2.58916 0.00507541 681 0.14104 -0.211335 
8.52145 -3.16304 1.28747 684 0.0192093 0.0129955 
5.70419 -4.78959 -0.684915 686 -0.664498 -0.350686 
7.92479 -3.50752 1.32245 688 -0.0684173 0.0382477 
8.15199 -3.37635 -0.280505 689 -0.0497214 -0.250894 
8.26763 -3.30959 0.733282 692 -0.0203169 -0.0704882 
5.39876 -4.96593 1.88504 697 -0.639458 0.329206 
8.01947 -3.45286 0.702216 699 -0.0604666 -0.0706638 
7.30395 -3.86597 1.05537 703 -0.180894 0.0189784 
6.39348 -4.39163 0.914159 705 -0.386374 0.0321652 
7.22497 -3.91156 0.961317 706 -0.197912 0.0014661 
6.01108 -4.6124 1.08959 711 -0.483667 0.0935721 
8.16644 -3.36801 1.19775 712 -0.0342638 0.013169 
8.51548 -3.16649 1.61138 714 0.0221133 0.0563312 
5.45807 -4.93168 0.702726 724 -0.682823 0.0355272 
6.58729 -4.27973 1.46929 725 -0.323366 0.142246 
9.11375 -2.82108 -0.331225 726 0.0864336 -0.262749 
7.50171 -3.75179 -1.28329 731 -0.188758 -0.464362 
7.13639 -3.96271 -0.718485 732 -0.252823 -0.344049 
6.09889 -4.56171 1.10908 735 -0.458696 0.0924679 
9.21579 -2.76217 -1.66979 736 0.0935986 -0.491563 
9.10626 -2.8254 1.29642 737 0.0950219 -0.00678706 
6.72719 -4.19896 0.433244 741 -0.31878 -0.0836871 
8.61615 -3.10837 -1.12108 742 0.014791 -0.404743 
8.54451 -3.14973 -0.0560757 747 0.0117287 -0.21085 
7.49302 -3.75681 0.49302 748 -0.155366 -0.0953747 
9.02166 -1.62597 0.310692 751 0.287738 -0.163843 
8.84921 -1.32728 1.80752 757 0.33557 0.0891467 
9.23701 -1.99898 0.725578 758 0.224426 -0.0970483 
8.51992 -0.756939 0.408137 759 0.452997 -0.146289 
8.11102 -0.0486967 -1.08378 774 0.659998 -0.495529 
9.27207 -2.0597 -0.388348 784 0.215248 -0.278106 
8.5833 -0.866718 0.816146 801 0.423007 -0.0720899 
8.79364 -1.23104 1.71911 805 0.35044 0.0772802 
8.27608 -0.334586 -0.00492856 815 0.560883 -0.234929 
8.79838 -1.23924 -0.076131 817 0.35701 -0.237559 
8.9917 -1.57408 -0.263508 820 0.293977 -0.267755 
8.37839 -0.511796 0.804967 830 0.507993 -0.0666955 
9.00086 -1.58994 1.58986 834 0.292315 0.0463551 
8.05704 0.0447927 0.347131 837 0.6598 -0.157158 
8.22434 -0.244979 -0.782358 838 0.600991 -0.410158 
8.81824 -1.27364 -0.967993 842 0.356847 -0.408467 
9.4474 -2.36338 -1.09642 844 0.167624 -0.398508 
8.71228 -1.09011 -0.848161 845 0.391341 -0.389178 
8.83929 -1.31011 1.12568 849 0.342341 -0.0250617 
8.421 -0.585604 -0.76008 856 0.507067 -0.394557 
8.71634 -1.09715 -1.05762 862 0.390681 -0.431646 
8.05963 0.040311 0.283874 878 0.658178 -0.171926 
8.79205 -1.22828 1.24024 880 0.355267 -0.00278858 
9.26617 -2.04948 1.18971 881 0.220833 -0.0314753 
8.55161 -0.811824 0.960383 887 0.439913 -0.0452843 
8.75985 -1.1725 0.775444 893 0.367981 -0.081522 
8.49526 -0.714226 0.0445874 902 0.46893 -0.218736 
9.19568 -1.92739 0.768329 913 0.238519 -0.0923928 
8.84897 -1.32687 1.20156 929 0.334087 -0.0111888 
8.21418 -0.227369 1.2496 933 0.569259 0.0284299 
8.99498 -1.57975 1.82216 934 0.291584 0.08072 
8.51325 -0.745376 -0.600431 941 0.464069 -0.350117 
8.81557 -1.26902 -1.19832 944 0.357505 -0.454567 
8.73736 -1.13355 1.94259 946 0.367097 0.115215 
8.23755 -0.267852 -0.0508432 959 0.579162 -0.245421 
9.40671 -2.2929 1.01021 963 0.185084 -0.0568808 
8.33271 -0.432673 -0.868744 976 0.547662 -0.426107 
9.36968 -2.22876 1.49865 979 0.191796 0.017993 
9.47971 -2.41934 0.180696 982 0.162435 -0.185845 
8.14802 -0.112783 1.12075 986 0.603459 0.00700396 
8.42012 -0.584075 0.413676 987 0.49309 -0.143994 
8.18073 -0.169436 -0.844467 988 0.619698 -0.428747 
9.45187 -2.37112 -1.5872 989 0.162977 -0.482793 
8.99905 -1.58682 1.73484 994 0.291807 0.0692496 
8.82589 -1.28688 1.75285 1000 0.345155 0.0800004 
