-7 -0.29883 -1.326 55 0.449399 -0.18182 
-7 0.46862 -2.98529 58 0.0414804 0.00229075 
-7 -1.05185 -1.49538 60 0.408663 -0.385309 
-7 -1.03485 -3.75523 61 -0.12544 -0.327652 
-7 -0.184126 -2.39523 62 0.170107 -0.145629 
-7 0.0943094 -5.21035 64 -0.35681 -0.0818461 
-7 1.11392 -6.02536 65 -0.453397 0.0942925 
-7 0.886694 -5.35798 67 -0.365181 0.0624509 
-7 1.34911 -4.82912 74 -0.279018 0.152083 
-7 0.577231 -1.47952 76 0.397644 0.0420607 
-7 0.694743 -5.33965 78 -0.365751 0.0282658 
-7 1.12101 -6.65735 79 -0.533407 0.0882213 
-7 0.821262 -3.48263 80 -0.0549909 0.0713809 
-7 -1.84392 -6.0007 85 -0.509785 -0.450275 
-7 1.69039 -1.92004 89 0.279505 0.287605 
-7 -0.295975 -5.19552 90 -0.36131 -0.156465 
-7 1.40697 -4.3308 91 -0.198899 0.171414 
-7 0.592834 -6.66606 94 -0.545202 0.00148045 
-7 -1.56958 -3.12031 95 -1.04912e-05 -0.471753 
-7 -1.20087 -3.87679 97 -0.150699 -0.362992 
-7 1.52805 -2.92335 98 0.059338 0.225227 
-7 -0.609874 -5.90804 100 -0.470805 -0.211721 
-6.22725 1.4028 -7 110 -0.694166 0.169028 
-6.46998 0.52855 -7 150 -0.673379 0.00406686 
