-7 0.21307 2.3409 51 317.092 255.346 
-7 -0.503339 4.01391 52 475.178 188.206 
-7 -0.64261 4.44771 54 511.224 177.21 
-7 -0.441068 2.32778 56 318.262 185.137 
-7 1.81819 2.50338 57 327.325 421.908 
-7 1.50288 1.91462 59 267.694 394.157 
-7 1.26508 -0.184774 63 5.45341 384.033 
-7 -1.45394 1.58819 66 241.182 64.0168 
-7 0.78654 5.75191 68 599.531 308.644 
-7 -0.100249 4.19611 69 488.206 227.747 
-7 -1.07602 2.04225 70 290.518 112.969 
-7 -0.527577 4.46053 71 511.645 188.185 
-7 -0.14175 5.47309 72 585.301 227.413 
-7 -1.87164 2.51938 75 343.653 31.3832 
-7 1.51818 2.67054 81 344.919 389.996 
-7 0.883221 6.2108 82 629.526 315.963 
-7 -1.9255 2.82609 83 374.499 30.473 
-7 -0.72299 3.2493 84 409.235 161.593 
-7 1.48523 2.57162 86 335.362 387.355 
-7 -0.166603 0.216342 87 64.1536 204.798 
-7 1.20864 2.59145 88 338.404 358.903 
-7 1.46933 5.82185 93 600.533 366.718 
-7 -0.576654 5.65743 96 600.606 189.541 
-7 -1.0576 1.73598 99 256.701 111.6 
