5.64257 -0.481715 -7 109 0.248857 0.0218019 
6.30632 -1.54879 -7 115 0.135132 -0.141294 
4.50714 -1.04124 -7 119 0.435317 -0.129217 
4.46367 -0.542201 -7 125 0.46099 -0.0229306 
6.6867 0.183154 -7 127 0.124391 0.149489 
6.46481 -1.88245 -7 128 0.109733 -0.18801 
3.77354 -0.887468 -7 133 0.617042 -0.134844 
6.08103 -0.977971 -7 134 0.175601 -0.0542737 
4.29646 -0.0380129 -7 139 0.51632 0.0862213 
6.59087 -1.1778 -7 141 0.108924 -0.0714035 
4.8725 1.3091 -7 142 0.434666 0.383639 
6.26277 1.2623 -7 143 0.200577 0.336886 
6.4687 -1.97232 -7 149 0.107539 -0.202033 
7 -0.0623122 -3.31422 152 -0.566585 0.204513 
7 -1.59791 -6.35011 157 -0.0212319 -0.127607 
7 1.75895 -5.06184 159 -0.150319 0.51415 
7 0.863395 -4.44339 163 -0.282905 0.364209 
7 -0.724268 -3.10497 165 -0.63608 0.0459052 
7 -0.863938 -6.09367 166 -0.0418837 -0.00801025 
7 1.33843 -4.95324 172 -0.177423 0.43472 
7 0.759759 -5.08223 173 -0.165875 0.310857 
7 -0.518283 -3.0968 179 -0.635619 0.0975929 
7 0.741437 -4.00824 180 -0.37855 0.361817 
7 -0.563655 -4.89557 181 -0.222752 0.0561112 
7 0.831841 -5.58946 182 -0.0826973 0.303062 
7 1.69172 -5.79597 183 -0.0355154 0.453772 
7 0.0865561 -4.29161 189 -0.328082 0.203027 
7 -1.97934 -4.46413 190 -0.328167 -0.221849 
7 0.781169 -6.98961 200 0.0990055 0.24556 
