-1.97014 0.361326 7 3 321.321 311.034 
-2.93389 0.906698 7 9 198.969 365.512 
-2.14837 -1.21575 7 10 318.869 99.3886 
-0.578608 0.00250695 7 11 534.399 281.142 
-0.39693 -1.00404 7 12 576.929 125.118 
-4.80195 0.41523 7 21 30.7754 279.329 
-3.28746 -0.347612 7 22 178.804 205.531 
-2.84657 -0.836733 7 31 232.163 147.804 
-3.76175 1.7333 7 32 102.858 449.486 
-2.21352 -0.0799941 7 33 296.186 247.939 
-4.02466 -0.174699 7 39 105.397 220.965 
-3.22548 0.288125 7 40 176.505 283.16 
-3.26615 1.27581 7 43 158.491 405.112 
-2.70348 -0.732172 7 47 246.756 160.967 
