-4.80195 0.41523 7 21 0.229619 0.190755 
-3.28746 -0.347612 7 22 0.556783 0.00889138 
-5.92999 -1.73451 7 23 0.0185458 -0.198316 
-5.37012 0.037908 7 24 0.12819 0.113258 
-5.21106 1.44812 7 29 0.18058 0.389556 
-5.40598 0.152698 7 30 0.124935 0.135078 
-2.84657 -0.836733 7 31 0.680614 -0.141076 
-5.875 -0.508694 7 36 0.0468049 0.0163009 
-4.02466 -0.174699 7 39 0.372662 0.0624081 
-3.22548 0.288125 7 40 0.593718 0.177819 
-5.59816 -0.619665 7 42 0.0825773 -0.00785001 
-3.26615 1.27581 7 43 0.610586 0.442388 
-6.33365 0.109205 7 44 -0.000264552 0.126027 
-6.25916 0.145289 7 48 0.00929374 0.132233 
-7 -0.503339 4.01391 52 -0.61504 0.0811989 
-7 -0.64261 4.44771 54 -0.509776 0.0405338 
-7 0.78654 5.75191 68 -0.234187 0.281112 
-7 -0.100249 4.19611 69 -0.560225 0.168099 
-7 -0.527577 4.46053 71 -0.504673 0.0652619 
-7 -0.14175 5.47309 72 -0.295861 0.118992 
-7 1.61955 6.53315 73 -0.108684 0.387136 
-7 0.883221 6.2108 82 -0.163946 0.277899 
-7 1.46933 5.82185 93 -0.211865 0.401955 
-7 -0.576654 5.65743 96 -0.272126 0.0346261 
