5.64257 -0.481715 -7 109 0.482512 -0.012139 
6.30632 -1.54879 -7 115 0.348852 -0.159308 
4.50714 -1.04124 -7 119 0.691652 -0.192324 
6.6867 0.183154 -7 127 0.345227 0.134521 
6.46481 -1.88245 -7 128 0.319764 -0.20101 
6.08103 -0.977971 -7 134 0.396508 -0.0790357 
6.59087 -1.1778 -7 141 0.321887 -0.08685 
6.26277 1.2623 -7 143 0.43935 0.324579 
6.4687 -1.97232 -7 149 0.317018 -0.214226 
7 -0.0623122 -3.31422 152 -0.283704 0.127928 
7 -1.59791 -6.35011 157 0.189724 -0.138887 
7 1.75895 -5.06184 159 0.0832856 0.47838 
7 0.343459 -2.54532 160 -0.4751 0.240176 
7 1.08732 -1.94397 162 -0.664612 0.476873 
7 0.863395 -4.44339 163 -0.0414533 0.309161 
7 -0.724268 -3.10497 165 -0.336971 -0.0192441 
7 -0.863938 -6.09367 166 0.173668 -0.0270002 
7 1.33843 -4.95324 172 0.0562499 0.393344 
7 0.759759 -5.08223 173 0.0649068 0.271033 
7 -0.518283 -3.0968 179 -0.337478 0.0263081 
7 0.741437 -4.00824 180 -0.126238 0.295063 
7 -0.563655 -4.89557 181 0.00937205 0.0200439 
7 0.831841 -5.58946 182 0.143071 0.273396 
7 1.69172 -5.79597 183 0.192868 0.43369 
7 0.0865561 -4.29161 189 -0.0824908 0.149066 
7 -1.97934 -4.46413 190 -0.08425 -0.238309 
7 0.781169 -6.98961 200 0.319289 0.237169 
