-1.97014 0.361326 7 3 0.0818136 0.125138 
-2.93389 0.906698 7 9 -0.17994 0.25778 
-2.14837 -1.21575 7 10 0.0539917 -0.327357 
-0.578608 0.00250695 7 11 0.553083 0.0323131 
-0.39693 -1.00404 7 12 0.62785 -0.312695 
-4.80195 0.41523 7 21 -0.547078 0.0939698 
-3.28746 -0.347612 7 22 -0.238031 -0.0819625 
-5.92999 -1.73451 7 23 -0.676173 -0.358226 
-5.37012 0.037908 7 24 -0.63139 0.00430301 
-5.21106 1.44812 7 29 -0.637959 0.323607 
-5.40598 0.152698 7 30 -0.639491 0.0290862 
-2.84657 -0.836733 7 31 -0.128686 -0.211833 
-3.76175 1.7333 7 32 -0.380215 0.449943 
-2.21352 -0.0799941 7 33 0.0200784 -0.00753121 
-5.875 -0.508694 7 36 -0.694839 -0.1118 
-4.02466 -0.174699 7 39 -0.39346 -0.0392486 
-3.22548 0.288125 7 40 -0.236024 0.0836193 
-5.59816 -0.619665 7 42 -0.651792 -0.136077 
-3.26615 1.27581 7 43 -0.26401 0.347959 
-2.70348 -0.732172 7 47 -0.0959623 -0.186097 
