1.50492 8.95177 -1.01173 5 178.297 192.414 
-0.0798114 8.03682 -1.36918 7 312.898 107.344 
2.56137 9.56171 -1.26435 9 107.816 196.736 
-1.18389 7.39938 -0.935763 10 470.319 105.779 
-0.178643 7.97976 0.508014 11 366.233 312.645 
0.882168 8.59222 -0.707979 12 233.386 205.798 
0.899845 8.60243 -1.45278 14 216.967 133.16 
-0.882633 7.57332 -1.15265 15 417.082 93.7551 
0.308716 8.26114 -0.602419 18 287.818 200.366 
-0.834292 7.60122 -0.745649 20 421.128 144.265 
1.53151 8.96712 0.925447 27 209.272 369.54 
-1.29918 7.33282 1.56526 29 557.624 442.142 
1.89409 9.17646 -0.898766 30 153.258 212.126 
1.20489 8.77855 1.35968 34 245.236 408.72 
0.643979 8.45471 0.172026 37 272.438 289.149 
1.0009 8.66077 1.01151 39 254.957 375.246 
1.35417 8.86473 -1.19204 41 187.749 173.938 
-1.4565 7.24199 0.969849 43 567.636 358.16 
2.2299 9.37034 -1.63427 48 122.077 156.528 
-0.421209 7.83972 -1.17149 54 355.973 112.43 
-1.24468 7.36429 0.57792 55 520.892 306.597 
-0.449959 7.82312 -0.349133 56 379.597 208.181 
1.11916 8.72905 0.11871 59 228.776 288.914 
2.502 9.52743 1.21213 60 148.064 396.053 
0.976565 8.64672 0.659001 63 250.869 340.648 
2.48091 9.51526 -1.52748 64 107.937 173.984 
-1.42581 7.25971 0.982136 67 562.262 360.873 
1.84359 9.1473 -0.734752 70 159.438 224.5 
2.0992 9.29488 1.12901 72 171.198 390.696 
2.43447 9.48845 -1.27169 74 114.665 193.291 
0.772201 8.52873 0.816256 76 272.788 356.401 
2.20527 9.35612 0.861552 89 162.37 366.121 
0.17216 8.1823 0.981234 106 338.075 369.173 
-1.22592 7.37512 0.548265 107 516.14 300.342 
-0.30588 7.9063 0.0837691 108 371.626 263.446 
1.53832 8.97105 -0.336704 110 188.276 252.657 
-0.383025 7.86176 0.22409 112 383.353 276.969 
1.39446 8.888 1.03195 114 220.705 379.163 
-0.803108 7.61923 -0.814071 117 415.772 139.695 
1.29458 8.83033 1.97538 118 247.128 467.645 
-0.964105 7.52628 0.885878 120 482.582 349.838 
1.68572 9.05615 0.970133 121 198.295 373.014 
0.0926466 8.13639 -1.10015 128 297.963 142.564 
-1.20685 7.38613 1.22507 129 530.109 394.47 
1.04442 8.6859 0.452906 133 241.26 320.135 
-1.33285 7.31338 0.696058 135 537.685 320.767 
-0.621084 7.72432 1.104 141 437.299 381.134 
2.0713 9.27877 -0.869126 143 144.105 217.913 
2.40916 9.47383 1.43867 146 154.987 415.854 
-0.582336 7.74669 0.181318 147 410.829 268.661 
-0.447254 7.82468 0.726916 148 404.042 334.351 
-1.07075 7.46471 -0.23607 149 468.961 202.504 
-0.106953 8.02115 -0.188349 150 340.623 235.563 
2.34296 9.43561 0.313575 151 141.355 322.619 
1.8128 9.12952 -1.61907 155 146.701 148.15 
-1.34908 7.30401 -1.57982 156 476.369 9.31125 
1.66029 9.04147 -0.791988 162 172.536 214.404 
1.18573 8.76749 -1.30616 163 199.135 157.227 
-0.717429 7.6687 0.357392 164 434.085 287.39 
0.840218 8.568 1.74362 168 283.99 448.408 
0.0695622 8.12307 1.38063 169 356.568 413.625 
0.827608 8.56072 -0.196826 177 248.393 256.724 
0.817645 8.55497 1.17423 181 274.656 392.416 
-1.43641 7.25359 -1.07042 183 504.848 74.6066 
-0.0741699 8.04008 -1.61407 185 306.889 78.0392 
-0.509556 7.78871 -1.73933 187 352.831 42.7538 
1.11154 8.72465 -0.22035 188 222.79 256.936 
-1.12203 7.4351 -0.763709 191 463.718 132.536 
-0.560641 7.75922 -0.484044 192 390.324 188.715 
-1.58921 7.16537 -1.2695 193 527.305 38.649 
1.01143 8.66685 -1.03298 194 216.975 177.673 
-1.18082 7.40116 -1.11678 196 461.431 82.8925 
-1.21876 7.37925 1.56713 198 542.251 443.457 
1.63059 9.02433 -0.54542 202 176.368 236.957 
-1.65507 7.12735 -1.39271 204 534.615 15.8183 
0.530427 8.38915 0.212413 206 281.71 291.878 
-0.0829147 8.03503 0.967789 213 365.268 367.501 
-1.32904 7.31558 0.826885 214 539.606 339.415 
0.498224 8.37055 -0.257251 218 277.094 242.808 
-1.18272 7.40006 -0.335728 222 482.613 184.46 
-1.831 7.02577 -0.964452 224 581.209 65.7432 
1.50761 8.95332 1.78202 225 226.361 448.257 
-1.58155 7.1698 -0.998108 227 533.73 75.0565 
0.843826 8.57009 1.93717 228 285.422 469.535 
0.842776 8.56948 1.16326 230 272.804 389.572 
2.3848 9.45977 -0.140995 231 134.013 284.969 
1.20088 8.77623 0.396294 235 230.121 320.346 
-0.177513 7.98042 -1.74127 236 315.573 59.952 
-0.477256 7.80736 0.692004 238 406.59 333.927 
2.1672 9.33414 0.137181 241 153.944 306.968 
2.5324 9.54499 -0.521146 243 118.725 255.018 
0.34969 8.2848 -0.208161 246 291.002 244.314 
2.29158 9.40595 0.467399 249 150.647 333.212 
2.79672 9.15593 1.45335 762 111.884 433.232 
3.17581 8.49933 -0.450529 776 11.1086 277.119 
2.96438 8.86554 -0.466828 778 52.2413 267.832 
3.01964 8.76982 1.66075 782 77.903 470.785 
2.91765 8.94648 -1.66232 783 41.6787 160.711 
2.7584 9.22231 -0.310632 792 91.0771 277.349 
2.74211 9.25053 -1.73828 813 72.5631 155.263 
2.75988 9.21974 0.955628 841 111.822 388.262 
3.12713 8.58365 0.949699 846 46.9068 413.205 
3.11682 8.6015 1.29664 853 51.9096 445.58 
3.21408 8.43306 1.15774 858 30.7893 442.194 
2.83011 9.0981 -0.827008 869 70.5224 232.899 
2.74336 9.24836 0.533191 877 106.042 350.403 
3.15471 8.53588 -0.806247 915 7.36348 239.961 
2.665 9.38408 0.586617 924 118.379 351.531 
3.20202 8.45395 0.188458 931 15.5791 339.258 
2.78152 9.18227 -1.96749 936 61.2082 135.827 
3.02515 8.76029 0.646829 955 59.4979 376.067 
2.99518 8.81219 -1.02389 956 36.8119 216.663 
2.88729 8.99907 -0.922446 958 59.788 224.82 
2.80084 9.14881 -0.0563065 974 86.7802 299.373 
2.74799 9.24035 0.800252 981 108.433 371.493 
