-4.57399 -6.07762 1.59563 258 0.600294 0.155405 
-6.64917 -2.4833 -0.440182 261 -0.460389 -0.485674 
-5.66157 -4.19387 -0.652214 270 0.116802 -0.500049 
-6.94006 -1.97946 1.55981 271 -0.600685 0.0588501 
-4.57341 -6.07862 1.60241 272 0.601452 0.162183 
-5.23237 -4.93727 0.70564 274 0.302339 -0.0931903 
-6.17442 -3.3056 1.44019 275 -0.207117 0.0591246 
-6.35803 -2.98756 0.146678 278 -0.296305 -0.29497 
-5.01096 -5.32075 -0.777348 280 0.486863 -0.51079 
-6.14897 -3.34967 0.179673 281 -0.178935 -0.282071 
-6.80803 -2.20814 1.05615 282 -0.538446 -0.0669721 
-5.29126 -4.83526 1.87037 284 0.231654 0.19116 
-4.95189 -5.42307 -0.262658 289 0.497676 -0.34892 
-6.95343 -1.95631 1.29159 291 -0.616067 -0.0051109 
-7.01036 -1.8577 1.45833 300 -0.637763 0.0322049 
-6.64642 -2.48807 1.41126 310 -0.457027 0.0277041 
-4.92427 -5.47091 0.898447 318 0.459061 -0.0336206 
-5.70343 -4.12137 0.704539 329 0.0575493 -0.116411 
-5.29142 -4.83499 -0.290764 343 0.307363 -0.372845 
-4.78378 -5.71426 0.966713 344 0.527388 -0.00492645 
-6.83154 -2.16742 0.486301 345 -0.555814 -0.222908 
-5.42884 -4.59697 1.28117 351 0.183254 0.0505592 
-5.82827 -3.90515 1.73075 357 -0.0359507 0.142525 
-6.57086 -2.61894 0.112404 367 -0.418125 -0.316752 
-6.73207 -2.33972 -0.455992 369 -0.509044 -0.494132 
-6.90193 -2.0455 0.150108 371 -0.600485 -0.323713 
-5.20485 -4.98493 0.860305 376 0.314272 -0.0528307 
-5.0994 -5.16757 -0.624233 381 0.430003 -0.462466 
-6.69448 -2.40482 0.483031 384 -0.479139 -0.214827 
-5.96156 -3.67428 1.39164 385 -0.0943143 0.0553081 
-4.55591 -6.10892 1.47438 387 0.617315 0.13 
-5.24676 -4.91235 0.215207 389 0.315608 -0.227609 
-4.97755 -5.37862 1.00983 392 0.427562 -0.000716163 
-6.74479 -2.31769 0.740399 393 -0.506619 -0.146633 
-6.97577 -1.91761 -0.4901 401 -0.649147 -0.512506 
-4.67743 -5.89845 0.0191106 408 0.628865 -0.261376 
-6.46686 -2.79907 -0.256321 409 -0.353686 -0.417255 
-6.97717 -1.91519 1.81959 414 -0.619499 0.121234 
-4.59318 -6.04438 0.332137 419 0.660295 -0.164487 
-6.00176 -3.60464 0.426871 430 -0.102802 -0.201426 
-6.84225 -2.14887 1.74644 436 -0.549124 0.109033 
-5.16969 -5.04583 -0.141549 437 0.371057 -0.322549 
-4.8407 -5.61566 -0.0396453 440 0.546634 -0.28179 
-6.48803 -2.7624 0.108587 442 -0.369518 -0.314372 
-4.75369 -5.76637 0.970583 446 0.541387 -0.00349359 
-4.46089 -6.27351 1.45209 451 0.662207 0.12346 
-6.50928 -2.7256 -0.0902829 452 -0.377423 -0.374217 
-6.03331 -3.55 -0.591601 458 -0.105725 -0.502334 
-5.68074 -4.16068 0.111245 466 0.0796282 -0.274627 
-6.23302 -3.2041 1.90527 471 -0.243661 0.167216 
-5.14801 -5.08339 0.214391 472 0.369796 -0.224255 
-5.88723 -3.80302 -0.421933 473 -0.0243091 -0.440744 
-4.6459 -5.95307 0.77707 474 0.6061 -0.0464135 
-4.72984 -5.80768 1.01961 483 0.547294 0.00926268 
-5.72951 -4.0762 -0.498216 489 0.0680271 -0.460428 
-5.30136 -4.81777 0.489233 495 0.274574 -0.155421 
