5.64257 -0.481715 -7 109 514.501 240.845 
6.30632 -1.54879 -7 115 455.082 172.093 
4.50714 -1.04124 -7 119 606.577 160.696 
4.46367 -0.542201 -7 125 622.907 208.791 
6.6867 0.183154 -7 127 453.71 306.755 
6.46481 -1.88245 -7 128 442.06 152.582 
6.08103 -0.977971 -7 134 476.355 209.436 
6.59087 -1.1778 -7 141 443.117 205.12 
4.8725 1.3091 -7 142 620.703 408.245 
6.26277 1.2623 -7 143 495.529 393.881 
6.4687 -1.97232 -7 149 440.82 146.462 
7 -0.0623122 -3.31422 152 159.115 311.133 
7 -1.59791 -6.35011 157 382.813 181.153 
7 1.75895 -5.06184 159 333.076 468.637 
7 0.343459 -2.54532 160 66.5418 367.006 
7 0.863395 -4.44339 163 274.623 392.418 
7 -0.724268 -3.10497 165 133.187 242.209 
7 -0.863938 -6.09367 166 375.293 233.28 
7 1.33843 -4.95324 172 320.474 429.819 
7 0.759759 -5.08223 173 324.527 372.989 
7 -0.518283 -3.0968 179 133.016 263.789 
7 0.741437 -4.00824 180 234.529 387.236 
7 -0.563655 -4.89557 181 298.48 256.923 
7 0.831841 -5.58946 182 360.941 372.861 
7 1.69172 -5.79597 183 383.926 445.958 
7 0.0865561 -4.29161 189 255.172 318.344 
7 -1.97934 -4.46413 190 254.131 136.601 
7 0.781169 -6.98961 200 442.252 353.487 
