-5.46333 -1.29075 -7 102 0.575667 -0.122762 
-4.55559 -0.250499 -7 105 0.401163 0.0771938 
-2.11042 -0.0563179 -7 106 -0.143667 0.0685343 
-5.09885 0.316864 -7 107 0.472569 0.209781 
-6.22725 1.4028 -7 110 0.603627 0.43032 
-0.689565 -1.47331 -7 112 -0.559456 -0.471437 
-5.05591 -0.451909 -7 117 0.48927 0.0436021 
-3.07632 -1.96878 -7 120 0.170952 -0.407438 
-3.56835 0.827876 -7 121 0.178538 0.321309 
-6.20015 -0.954561 -7 122 0.66611 -0.0316417 
-1.05355 -1.5594 -7 126 -0.417884 -0.462579 
-2.10211 -0.684594 -7 129 -0.121242 -0.113986 
-3.11373 -0.303232 -7 130 0.119271 0.029234 
-1.59533 0.795126 -7 132 -0.333683 0.314923 
-3.58737 1.4874 -7 135 0.159965 0.483364 
-6.2831 -0.370457 -7 140 0.660364 0.0846848 
-0.615215 -0.161545 -7 146 -0.649959 -0.0180941 
-5.05277 -1.83336 -7 148 0.531125 -0.255749 
-6.46998 0.52855 -7 150 0.659177 0.26057 
