4.32541 -5.58563 0.848861 506 0.54809 0.396946 
3.31453 -6.16926 -0.82277 507 0.129478 -0.0866288 
2.55081 -6.61019 -1.05696 510 -0.150177 -0.129733 
1.01972 -7.49417 -0.323822 518 -0.659618 0.144754 
1.55304 -7.18626 -0.142317 519 -0.46968 0.184951 
4.45282 -5.51207 0.330289 528 0.578643 0.229973 
3.62183 -5.99184 -0.708902 530 0.240144 -0.0626292 
1.74656 -7.07452 -0.649775 536 -0.418789 0.0204074 
3.84209 -5.86467 0.762035 537 0.372509 0.383358 
4.08321 -5.72546 -0.0501395 541 0.431113 0.123464 
4.14699 -5.68864 -0.0739802 553 0.452198 0.116697 
2.76135 -6.48864 -0.835611 556 -0.0716003 -0.0732554 
2.50813 -6.63483 -1.62398 557 -0.181767 -0.300903 
1.77128 -7.06025 -1.32111 560 -0.426648 -0.179046 
4.17332 -5.67344 0.684667 567 0.492529 0.354904 
4.08949 -5.72184 0.309736 570 0.448669 0.235268 
1.27527 -7.34662 -0.861902 571 -0.583208 -0.0253606 
4.78434 -5.32066 -1.81187 575 0.626683 -0.451413 
2.35211 -6.72491 -1.73362 576 -0.238174 -0.325786 
2.61049 -6.57574 0.28437 581 -0.0866659 0.282208 
1.33215 -7.31379 -0.490916 582 -0.55553 0.0857826 
1.26618 -7.35187 -0.159086 592 -0.568502 0.190078 
3.5218 -6.04959 -1.73721 596 0.172343 -0.373872 
2.00616 -6.92464 -1.64027 600 -0.356112 -0.284516 
2.48133 -6.65031 0.492331 604 -0.124771 0.345199 
2.61487 -6.57321 0.0112596 607 -0.0961443 0.194073 
2.89706 -6.41029 -1.2274 611 -0.0348103 -0.196374 
2.4848 -6.64831 0.119285 615 -0.138048 0.233132 
2.90013 -6.40851 0.80747 626 0.03333 0.435875 
2.77919 -6.47834 -1.67587 627 -0.0898686 -0.324685 
3.2896 -6.18365 -0.831285 632 0.121814 -0.0930088 
3.83992 -5.86592 -0.579006 640 0.321202 -0.0329191 
2.18105 -6.82367 0.572736 650 -0.234758 0.382212 
2.35902 -6.72093 0.562621 651 -0.169012 0.377255 
3.74064 -5.92325 -1.9671 654 0.239689 -0.455831 
1.77898 -7.05581 0.424263 655 -0.377441 0.351743 
1.12851 -7.43136 0.338853 661 -0.599649 0.344093 
4.05549 -5.74146 -0.254187 669 0.411998 0.0587407 
2.3244 -6.74091 -0.546464 673 -0.212143 0.03203 
3.62073 -5.99248 0.99023 683 0.298749 0.46783 
1.16029 -7.41301 -1.93088 690 -0.649083 -0.334267 
4.226 -5.64302 0.28797 691 0.495678 0.223576 
1.43203 -7.25612 -1.20582 693 -0.538202 -0.130183 
2.99296 -6.35491 0.665465 696 0.0612537 0.383156 
4.82073 -5.29965 -1.08631 698 0.663548 -0.227088 
4.30182 -5.59925 -1.21577 708 0.468685 -0.245387 
2.02484 -6.91386 0.215523 713 -0.29416 0.2781 
2.26921 -6.77278 -0.294944 715 -0.228506 0.110743 
1.12928 -7.43091 0.660268 716 -0.592642 0.440717 
1.34298 -7.30754 -1.15975 722 -0.571307 -0.116495 
4.48631 -5.49273 -1.46496 723 0.52558 -0.329238 
3.52361 -6.04855 -0.447866 727 0.21489 0.0220529 
4.48121 -5.49568 0.424736 739 0.593053 0.263607 
3.90444 -5.82868 0.777906 744 0.397471 0.389519 
2.78119 -6.47718 -1.18276 749 -0.0713098 -0.176581 
