-7 -1.78251 -2.62609 53 -0.403693 -0.318122 
-7 -0.29883 -1.326 55 -0.135567 0.00502309 
-7 0.46862 -2.98529 58 -0.534831 0.185607 
-7 -1.05185 -1.49538 60 -0.16689 -0.167743 
-7 -1.03485 -3.75523 61 -0.658642 -0.157066 
-7 -0.184126 -2.39523 62 -0.38538 0.0312112 
-7 1.26508 -0.184774 63 0.144994 0.415187 
-7 -1.45394 1.58819 66 0.579114 -0.27255 
-7 0.577231 -1.47952 76 -0.182514 0.220382 
-7 -1.86155 -2.22478 77 -0.316852 -0.336906 
-7 0.821262 -3.48263 80 -0.657714 0.269717 
-7 -0.166603 0.216342 87 0.244157 0.0386035 
-7 1.69039 -1.92004 89 -0.30915 0.513665 
-7 0.312724 -0.335245 92 0.104735 0.158277 
-7 -1.56958 -3.12031 95 -0.51216 -0.271533 
-7 -1.20087 -3.87679 97 -0.678676 -0.191641 
-7 1.52805 -2.92335 98 -0.55026 0.457103 
-7 -1.0576 1.73598 99 0.626344 -0.180531 
