-4.57399 -6.07762 1.59563 258 0.29084 0.400896 
-5.66157 -4.19387 -0.652214 270 -0.277788 -0.140572 
-4.57341 -6.07862 1.60241 272 0.296801 0.398622 
-5.67473 -4.17108 -1.85136 273 -0.299686 -0.492101 
-5.23237 -4.93727 0.70564 274 -0.0302209 0.214432 
-6.17442 -3.3056 1.44019 275 -0.551754 0.456393 
-3.88769 -7.26632 -1.50954 277 0.595423 -0.355848 
-6.35803 -2.98756 0.146678 278 -0.693447 0.103105 
-4.24528 -6.64697 0.694015 279 0.440739 0.174139 
-5.01096 -5.32075 -0.777348 280 0.0777698 -0.179439 
-6.14897 -3.34967 0.179673 281 -0.554833 0.103164 
-5.29126 -4.83526 1.87037 284 -0.0479577 0.509647 
-5.29575 -4.82749 -1.96199 288 -0.083823 -0.513326 
-4.95189 -5.42307 -0.262658 289 0.110498 -0.0468449 
-4.9932 -5.35153 -1.23628 292 0.0777358 -0.302572 
-6.1528 -3.34303 -1.89329 303 -0.598386 -0.511789 
-3.93868 -7.178 -1.57121 306 0.574329 -0.375786 
-6.04128 -3.53619 -1.20014 309 -0.513486 -0.302904 
-5.13363 -5.10828 -1.10309 312 0.00640959 -0.265951 
-4.92427 -5.47091 0.898447 318 0.125354 0.248288 
-4.81248 -5.66455 -1.64507 319 0.167768 -0.409646 
-4.10365 -6.89227 -1.45523 322 0.502534 -0.35009 
-4.30377 -6.54565 0.385968 326 0.410745 0.10327 
-5.23373 -4.93491 -1.84234 327 -0.045645 -0.474488 
-5.70343 -4.12137 0.704539 329 -0.27928 0.230518 
-4.07384 -6.9439 0.0649336 330 0.514801 0.0224548 
-4.85494 -5.591 -1.94807 331 0.152138 -0.496257 
-5.49704 -4.47884 -1.16972 335 -0.192058 -0.288829 
-4.50583 -6.19567 0.376914 336 0.323697 0.102589 
-4.09708 -6.90364 0.281542 338 0.503493 0.0709628 
-3.77569 -7.46032 0.825581 340 0.634417 0.185961 
-4.16753 -6.78163 0.981089 341 0.471385 0.234989 
-5.29142 -4.83499 -0.290764 343 -0.0661972 -0.0499739 
-4.78378 -5.71426 0.966713 344 0.19488 0.260079 
-4.31667 -6.52331 1.57757 348 0.405457 0.38333 
-3.62005 -7.72989 0.845456 350 0.695108 0.190816 
-5.42884 -4.59697 1.28117 351 -0.129089 0.369565 
-4.2793 -6.58803 -1.32765 353 0.425304 -0.319767 
-5.36533 -4.70697 -0.794508 356 -0.111351 -0.181696 
-5.82827 -3.90515 1.73075 357 -0.339371 0.511388 
-4.93982 -5.44397 -1.05261 362 0.112395 -0.252078 
-4.34584 -6.47278 1.58859 363 0.393092 0.386802 
-3.98712 -7.09411 0.170839 364 0.545358 0.0452168 
-4.44212 -6.30602 -1.20213 365 0.349323 -0.290091 
-5.20485 -4.98493 0.860305 376 -0.0108804 0.247537 
-5.40008 -4.64678 -1.78435 379 -0.13693 -0.457149 
-5.0994 -5.16757 -0.624233 381 0.0279618 -0.140112 
-3.72571 -7.54688 0.335972 382 0.656007 0.0732321 
-5.96156 -3.67428 1.39164 385 -0.420995 0.431753 
-4.55591 -6.10892 1.47438 387 0.302621 0.373985 
-5.24676 -4.91235 0.215207 389 -0.0366037 0.0867024 
-4.97755 -5.37862 1.00983 392 0.105888 0.278037 
-4.85021 -5.5992 -1.40794 394 0.156176 -0.347798 
-5.6307 -4.24734 -0.845678 398 -0.258007 -0.199292 
-4.67743 -5.89845 0.0191106 408 0.243011 0.0213653 
-4.7162 -5.8313 -1.22464 411 0.2204 -0.30166 
-4.24744 -6.64321 -1.92173 418 0.438426 -0.466382 
-4.59318 -6.04438 0.332137 419 0.284352 0.0956973 
-5.68549 -4.15243 -1.43883 421 -0.297843 -0.366812 
-6.09064 -3.4507 -1.01841 424 -0.537559 -0.2479 
-4.10084 -6.89714 -0.211774 427 0.501488 -0.0437733 
-6.00176 -3.60464 0.426871 430 -0.462007 0.165363 
-4.2527 -6.63411 -0.951124 431 0.4339 -0.225323 
-4.54469 -6.12836 -1.52013 432 0.302855 -0.374878 
-3.71801 -7.56021 -1.73791 433 0.664404 -0.415385 
-5.71018 -4.10968 -1.61545 434 -0.321181 -0.423318 
-5.16969 -5.04583 -0.141549 437 -0.00212848 -0.00968918 
-4.68557 -5.88436 -1.8811 438 0.236965 -0.474544 
-4.8407 -5.61566 -0.0396453 440 0.163144 0.00874489 
-5.69392 -4.13784 -0.92901 443 -0.296214 -0.221686 
-6.23335 -3.20352 -1.64394 444 -0.646434 -0.442262 
-4.21563 -6.69831 -0.927394 445 0.452507 -0.220122 
-4.75369 -5.76637 0.970583 446 0.208567 0.254812 
-4.02746 -7.02424 -1.63148 447 0.533483 -0.393267 
-4.46089 -6.27351 1.45209 451 0.345608 0.357963 
-6.03331 -3.55 -0.591601 458 -0.495902 -0.125743 
-5.32858 -4.77062 -1.23715 462 -0.0944469 -0.309419 
-5.60301 -4.2953 -1.17858 464 -0.247562 -0.290798 
-5.68074 -4.16068 0.111245 466 -0.279187 0.0672524 
-5.94183 -3.70845 -0.699449 468 -0.44191 -0.157464 
-4.41902 -6.34603 0.58457 470 0.363632 0.151739 
-5.14801 -5.08339 0.214391 472 0.00830543 0.078931 
-5.88723 -3.80302 -0.421933 473 -0.406971 -0.0743337 
-4.6459 -5.95307 0.77707 474 0.25545 0.207597 
-3.62908 -7.71426 0.283949 480 0.691504 0.0621832 
-4.72984 -5.80768 1.01961 483 0.221082 0.269004 
-3.75747 -7.49188 -0.114405 484 0.639922 -0.0255136 
-5.72951 -4.0762 -0.498216 489 -0.313432 -0.098061 
-4.07094 -6.94893 1.07534 490 0.513233 0.256471 
-4.92481 -5.46997 -1.54112 491 0.115873 -0.383948 
-3.63585 -7.70252 0.600044 494 0.693528 0.13618 
-5.30136 -4.81777 0.489233 495 -0.0638783 0.157811 
-3.6271 -7.71768 0.36592 497 0.694991 0.0842034 
-3.9326 -7.18855 1.52347 500 0.569001 0.353136 
