-6.30704 4.44153 1.88748 3 181.167 384.962 
-7.56816 3.71342 -1.91336 13 285.321 11.2284 
-7.32861 3.85173 1.20236 16 277.448 295.426 
-8.8069 2.99824 -0.956076 24 380.52 108.766 
-8.89169 2.94928 -0.604829 26 383.535 137.255 
-7.27042 3.88532 -0.762006 28 262.839 118.951 
-5.58769 4.85685 -0.0889875 33 65.8474 194.539 
-9.15905 2.79493 1.33263 40 401.163 275.849 
-6.52013 4.31851 -0.668232 44 184.851 127.424 
-5.48126 4.9183 1.10702 45 69.7576 336.407 
-8.69401 3.06342 -0.315471 46 372.97 159.164 
-5.40315 4.96339 -0.284863 49 32.5308 171.384 
-9.17118 2.78792 0.352843 50 402.882 206.4 
-6.99514 4.04426 0.162238 53 238.493 208.64 
-7.12929 3.9668 -0.413303 57 251.443 153.843 
-7.76282 3.60104 -1.23079 58 305.105 78.8804 
-9.06868 2.8471 0.616604 61 395.131 226.719 
-6.35552 4.41354 0.367926 65 174.495 236.076 
-8.32689 3.27537 0.102633 68 348.623 193.474 
-9.53193 2.57964 -0.151691 69 420.567 171.272 
-6.73615 4.19379 -0.772225 73 207.328 116.06 
-8.43422 3.2134 0.143156 79 357.126 195.78 
-7.01524 4.03265 0.767731 80 246.018 262.848 
-6.84889 4.1287 -1.69131 81 213.657 18.266 
-8.57211 3.13379 0.696853 83 364.563 236.777 
-9.48597 2.60618 0.402373 91 418.093 209.542 
-7.84704 3.55241 -1.4571 93 310.457 59.4532 
-6.07518 4.57539 0.411442 94 141.482 245.381 
-6.7471 4.18746 0.728183 95 217.686 266.554 
-6.83682 4.13566 0.932129 96 230.326 283.297 
-8.21684 3.33891 0.855065 98 343.246 254.358 
-5.96131 4.64114 0.2828 99 124.503 233.439 
-5.72779 4.77596 -0.0479517 100 90.5564 197.152 
-8.30606 3.2874 -0.374033 103 348.429 154.693 
-6.83515 4.13663 0.928504 104 228.957 280.867 
-9.49264 2.60233 0.71894 111 419.519 230.687 
-6.45698 4.35497 0.0373591 113 184.229 200.237 
-5.86459 4.69698 1.11578 115 122.132 322.38 
-5.82616 4.71917 1.05356 123 116.583 319.796 
-7.76272 3.6011 -1.33649 124 303.358 70.551 
-9.4138 2.64784 -0.749638 127 413.28 125.646 
-6.48824 4.33692 0.602459 130 192.415 258.709 
-9.10665 2.82518 -0.067222 132 398.674 178.661 
-8.31486 3.28232 -0.998132 134 346.632 101.27 
-7.54306 3.72791 -0.636474 136 288.105 133.251 
-8.32648 3.27561 -0.916176 137 346.789 110.132 
-7.75055 3.60812 0.607921 138 309.435 240.522 
-8.89144 2.94943 -0.995818 139 385.01 107.159 
-8.50915 3.17015 -1.43562 142 362.031 66.423 
-6.25679 4.47054 0.905937 144 166.293 292.334 
-8.55092 3.14603 -1.2267 145 364.668 87.0248 
-9.27136 2.73008 -1.79969 152 406.977 45.8766 
-5.45173 4.93535 -0.474326 153 41.0203 148.65 
-7.61388 3.68703 -1.43304 154 291.67 58.6385 
-8.81769 2.99201 -0.933105 158 381.135 110.416 
-5.69185 4.79671 -0.755463 167 73.3885 114.463 
-6.08649 4.56887 1.43535 170 151.537 349.33 
-6.68884 4.2211 0.597207 171 214.038 253.863 
-7.21392 3.91795 1.54448 173 266.796 329.522 
-7.83448 3.55966 -0.735079 174 311.164 124.201 
-5.13805 5.11645 1.50194 175 19.282 393.119 
-9.09008 2.83474 -1.5709 176 396.955 63.0537 
-6.73975 4.1917 -1.74479 178 203.376 9.95367 
-5.92197 4.66385 1.33939 179 129.443 347.515 
-5.55644 4.87489 1.22347 180 81.0938 345.062 
-5.92731 4.66077 1.73781 182 136.516 385.399 
-5.70558 4.78878 -0.80519 184 75.5808 108.339 
-7.69247 3.64165 -1.44056 186 295.876 58.4572 
-6.79289 4.16102 0.492295 190 222.59 243.029 
-8.58962 3.12368 -0.807997 201 364.987 120.09 
-9.31972 2.70216 0.881481 208 408.583 243.066 
-6.12407 4.54717 1.70161 211 159.268 374.342 
-6.59885 4.27306 -1.66716 216 185.954 18.4539 
-5.75689 4.75916 -1.40167 219 73.3476 32.7874 
-7.86451 3.54233 1.45463 223 319.352 305.907 
-7.66224 3.65911 -1.56845 226 292.509 46.8051 
-7.55688 3.71994 1.11487 232 292.852 286.533 
-6.86074 4.12186 0.00652214 233 227.418 193.811 
-8.6765 3.07352 1.96596 234 372.619 328.584 
-7.02658 4.02611 -1.06432 239 236.588 88.0173 
-8.03402 3.44446 -0.562411 242 327.407 141.613 
-8.14068 3.38288 -0.0878003 245 335.294 179.132 
-6.54441 4.30449 1.25315 248 201.389 319.492 
-8.26463 0.314754 1.16404 251 617.419 293.261 
-9.1587 1.86333 -0.988996 253 474.688 104.319 
-8.41737 0.579321 1.27562 256 585.663 300.519 
-9.52122 2.49124 -1.0717 257 428.976 104.265 
-8.93601 1.47762 -0.633868 259 504.311 130.152 
-9.30328 2.11375 1.73712 262 450.286 303.111 
-8.62862 0.94521 0.119044 265 554.239 192.513 
-9.05625 1.68588 -1.53396 267 487.552 53.3533 
-9.13681 1.82542 0.452008 276 473.154 217.381 
-8.62523 0.939344 -1.18054 287 560.119 72.7459 
-8.26682 0.318554 -1.13985 297 633.844 65.413 
-8.648 0.978768 1.29878 299 544.008 292.949 
-8.24121 0.274194 1.30161 302 622.607 309.419 
-8.641 0.966654 -0.16123 311 552.525 169.292 
-9.31057 2.12638 -0.0551822 313 452.564 178.159 
-8.81253 1.26375 -0.857651 325 523.86 109.924 
-8.52917 0.772963 -1.76171 342 583.086 11.5174 
-8.82998 1.29397 -1.283 359 522.651 68.309 
-8.26227 0.31067 0.618929 366 622.615 243.604 
-8.81299 1.26454 1.68087 370 518.065 316.312 
-8.43087 0.60269 -0.733047 375 597.031 114.517 
-9.0577 1.6884 -0.174837 377 486.278 167.758 
-9.37546 2.23878 -1.18001 383 446.838 92.3903 
-9.14202 1.83445 -1.39071 391 476.915 70.3408 
-9.48121 2.42194 -1.26659 396 431.379 87.7267 
-8.52092 0.758672 -1.7528 399 583.173 11.0562 
-9.44529 2.35972 -1.11888 402 438.598 97.7153 
-8.91993 1.44977 0.165011 413 504.427 194.822 
-9.51944 2.48816 0.340095 422 426.882 204.479 
-8.92471 1.45805 -1.88576 426 509.202 19.5701 
-9.40694 2.29329 1.83376 448 438.247 306.624 
-8.66593 1.00983 0.45259 465 545.56 219.751 
-9.45274 2.37263 -1.8729 469 436.348 40.529 
-9.08866 1.74202 1.71988 475 476.851 310.806 
-8.78933 1.22356 1.82285 477 520.218 331.576 
-8.80838 1.25656 1.8581 487 515.121 331.789 
-9.2531 2.02685 -1.52478 488 460.562 62.0823 
-9.11496 1.78758 0.0633076 493 475.947 186.104 
-9.55916 2.55695 -0.634717 496 423.546 136.17 
-9.00888 1.60385 -0.973121 498 494.392 102.356 
