-2.93389 0.906698 7 9 0.529882 0.360498 
-2.14837 -1.21575 7 10 0.661321 -0.290671 
-4.80195 0.41523 7 21 0.0819292 0.236486 
-3.28746 -0.347612 7 22 0.365972 0.0276832 
-5.92999 -1.73451 7 23 -0.137935 -0.138281 
-5.37012 0.037908 7 24 -0.0186364 0.166111 
-5.21106 1.44812 7 29 0.0476348 0.450254 
-5.40598 0.152698 7 30 -0.0205426 0.188816 
-2.84657 -0.836733 7 31 0.460055 -0.123279 
-5.875 -0.508694 7 36 -0.10127 0.0740186 
-4.02466 -0.174699 7 39 0.205557 0.0942673 
-3.22548 0.288125 7 40 0.413166 0.190469 
-5.59816 -0.619665 7 42 -0.0683452 0.0467631 
-3.26615 1.27581 7 43 0.452462 0.457345 
-6.33365 0.109205 7 44 -0.141653 0.190811 
-2.70348 -0.732172 7 47 0.507769 -0.105026 
-6.25916 0.145289 7 48 -0.13207 0.196389 
-7 0.78654 5.75191 68 -0.390996 0.370519 
-7 -0.14175 5.47309 72 -0.463391 0.198865 
-7 1.61955 6.53315 73 -0.245642 0.478492 
-7 0.883221 6.2108 82 -0.310769 0.363023 
-7 1.46933 5.82185 93 -0.363554 0.502091 
-7 -0.576654 5.65743 96 -0.436872 0.108991 
