-6.64917 -2.4833 -0.440182 261 -0.269176 -0.486812 
-7.14741 -1.62032 1.76556 264 -0.524228 0.0744281 
-5.66157 -4.19387 -0.652214 270 0.292548 -0.512051 
-6.94006 -1.97946 1.55981 271 -0.427478 0.0363681 
-5.23237 -4.93727 0.70564 274 0.473454 -0.095825 
-6.17442 -3.3056 1.44019 275 -0.0528966 0.0438914 
-6.35803 -2.98756 0.146678 278 -0.117538 -0.304389 
-6.14897 -3.34967 0.179673 281 -0.00597029 -0.283949 
-6.80803 -2.20814 1.05615 282 -0.362039 -0.0797608 
-5.29126 -4.83526 1.87037 284 0.387713 0.194265 
-4.95189 -5.42307 -0.262658 289 0.687189 -0.36564 
-6.95343 -1.95631 1.29159 291 -0.434184 -0.0321561 
-7.01036 -1.8577 1.45833 300 -0.463043 0.00614525 
-6.64642 -2.48807 1.41126 310 -0.283893 0.0145133 
-7.11395 -1.67828 -0.473701 317 -0.518173 -0.513113 
-4.92427 -5.47091 0.898447 318 0.63541 -0.0246099 
-5.70343 -4.12137 0.704539 329 0.216604 -0.120356 
-5.29142 -4.83499 -0.290764 343 0.49 -0.383754 
-6.83154 -2.16742 0.486301 345 -0.374382 -0.233592 
-5.42884 -4.59697 1.28117 351 0.345487 0.0464014 
-5.82827 -3.90515 1.73075 357 0.118578 0.134466 
-7.13206 -1.6469 0.386525 358 -0.522267 -0.270154 
-7.24008 -1.45982 0.239176 360 -0.577809 -0.317199 
-6.57086 -2.61894 0.112404 367 -0.233859 -0.324009 
-6.73207 -2.33972 -0.455992 369 -0.31766 -0.495085 
-6.90193 -2.0455 0.150108 371 -0.405059 -0.326115 
-5.20485 -4.98493 0.860305 376 0.484899 -0.0557377 
-5.0994 -5.16757 -0.624233 381 0.622499 -0.48357 
-6.69448 -2.40482 0.483031 384 -0.302722 -0.227315 
-5.96156 -3.67428 1.39164 385 0.0605936 0.0442584 
-5.24676 -4.91235 0.215207 389 0.492934 -0.236834 
-4.97755 -5.37862 1.00983 392 0.601049 -0.000865317 
-6.74479 -2.31769 0.740399 393 -0.331218 -0.159625 
-6.97577 -1.91761 -0.4901 401 -0.445722 -0.51178 
-6.46686 -2.79907 -0.256321 409 -0.172436 -0.42212 
-6.97717 -1.91519 1.81959 414 -0.447733 0.0954911 
-6.00176 -3.60464 0.426871 430 0.0656304 -0.209745 
-6.84225 -2.14887 1.74644 436 -0.385556 0.0855969 
-5.16969 -5.04583 -0.141549 437 0.554819 -0.335055 
-6.48803 -2.7624 0.108587 442 -0.192168 -0.320201 
-7.28007 -1.39054 -0.1606 450 -0.60596 -0.426018 
-6.50928 -2.7256 -0.0902829 452 -0.200825 -0.378576 
-6.03331 -3.55 -0.591601 458 0.0775604 -0.508901 
-5.68074 -4.16068 0.111245 466 0.249076 -0.284956 
-7.42117 -1.14615 0.204588 467 -0.673484 -0.3306 
-6.23302 -3.2041 1.90527 471 -0.0896334 0.15266 
-5.14801 -5.08339 0.214391 472 0.545459 -0.228612 
-5.88723 -3.80302 -0.421933 473 0.152858 -0.450184 
-5.72951 -4.0762 -0.498216 489 0.244795 -0.464069 
-5.30136 -4.81777 0.489233 495 0.443652 -0.160759 
