-7 0.21307 2.3409 51 525.44 397.95 
-7 -0.29883 -1.326 55 89.8043 341.332 
-7 -0.441068 2.32778 56 516.665 320.688 
-7 -1.05185 -1.49538 60 77.4553 251.334 
-7 -1.45394 1.58819 66 428.474 209.622 
-7 -1.07602 2.04225 70 479.695 250.194 
-7 -1.87164 2.51938 75 521.708 168.328 
-7 0.577231 -1.47952 76 59.2268 456.06 
-7 -1.86155 -2.22478 77 0.543258 160.361 
-7 -1.9255 2.82609 83 551.988 163.551 
-7 -0.72299 3.2493 84 611.115 288.692 
-7 -0.166603 0.216342 87 277.539 355.516 
-7 0.312724 -0.335245 92 208.836 417.117 
-7 -1.0576 1.73598 99 446.969 252.062 
