-4.80195 0.41523 7 21 0.39688 0.05036 
-5.92999 -1.73451 7 23 0.213674 -0.360695 
-5.37012 0.037908 7 24 0.296091 -0.0329057 
-5.21106 1.44812 7 29 0.317623 0.23941 
-5.40598 0.152698 7 30 0.289798 -0.0112445 
-3.76175 1.7333 7 32 0.626363 0.394947 
-5.875 -0.508694 7 36 0.219283 -0.135068 
-4.02466 -0.174699 7 39 0.577196 -0.0718315 
-5.59816 -0.619665 7 42 0.261316 -0.158254 
-6.33365 0.109205 7 44 0.156262 -0.0271181 
-6.25916 0.145289 7 48 0.165757 -0.0204597 
-7 -0.503339 4.01391 52 -0.40039 -0.138296 
-7 -0.64261 4.44771 54 -0.308588 -0.165474 
-7 0.78654 5.75191 68 -0.0791585 0.0959066 
-7 -0.100249 4.19611 69 -0.356552 -0.0503904 
-7 -0.527577 4.46053 71 -0.305136 -0.14115 
-7 -0.14175 5.47309 72 -0.123805 -0.0652762 
-7 1.61955 6.53315 73 0.0251703 0.211213 
-7 0.883221 6.2108 82 -0.0161672 0.102351 
-7 -0.72299 3.2493 84 -0.597961 -0.197934 
-7 1.46933 5.82185 93 -0.0674507 0.209944 
-7 -0.576654 5.65743 96 -0.0970322 -0.144496 
