7 -1.49784 0.349314 151 -0.369506 -0.4869 
7 -0.0623122 -3.31422 152 0.518597 -0.0798019 
7 0.36994 -1.65205 155 0.142115 0.017701 
7 0.947338 -0.351981 158 -0.168859 0.153675 
7 0.343459 -2.54532 160 0.343028 0.0114918 
7 -0.647617 -0.188366 161 -0.214551 -0.240768 
7 1.08732 -1.94397 162 0.19825 0.17729 
7 -0.724268 -3.10497 165 0.491875 -0.237242 
7 0.725336 0.960833 171 -0.505502 0.106356 
7 1.97211 0.0439567 176 -0.260526 0.382138 
7 1.44234 0.716532 178 -0.430815 0.272957 
7 -0.518283 -3.0968 179 0.48438 -0.187488 
7 0.741437 -4.00824 180 0.636815 0.0962064 
7 -0.443496 -0.586995 184 -0.11055 -0.184253 
7 -1.20096 -0.713027 185 -0.0763417 -0.385514 
7 -0.746732 -0.782938 186 -0.0597004 -0.261957 
7 -1.56385 -0.742436 193 -0.0674025 -0.487248 
7 -1.07027 0.309808 197 -0.353358 -0.362307 
7 1.83558 -1.14915 198 0.0145339 0.341221 
