5.64257 -0.481715 -7 109 492.997 245.497 
6.30632 -1.54879 -7 115 435.297 175.369 
4.50714 -1.04124 -7 119 582.693 167.902 
4.46367 -0.542201 -7 125 598.055 216.134 
6.6867 0.183154 -7 127 433.578 309.791 
6.46481 -1.88245 -7 128 422.583 155.438 
6.08103 -0.977971 -7 134 455.977 213.285 
4.29646 -0.0380129 -7 139 628.963 265.479 
6.59087 -1.1778 -7 141 423.491 208.166 
4.8725 1.3091 -7 142 594.316 412.742 
6.26277 1.2623 -7 143 473.916 396.778 
6.4687 -1.97232 -7 149 421.381 149.254 
7 -0.0623122 -3.31422 152 133.794 320.484 
7 -1.59791 -6.35011 157 363.427 183.961 
7 1.75895 -5.06184 159 312.15 474.335 
7 0.343459 -2.54532 160 37.127 380.095 
7 0.863395 -4.44339 163 252.925 399.772 
7 -0.724268 -3.10497 165 106.519 250.477 
7 -0.863938 -6.09367 166 355.606 236.804 
7 1.33843 -4.95324 172 299.497 435.924 
7 0.759759 -5.08223 173 303.742 378.764 
7 -0.518283 -3.0968 179 106.416 272.632 
7 0.741437 -4.00824 180 211.871 395.741 
7 -0.563655 -4.89557 181 277.466 262.209 
7 0.831841 -5.58946 182 340.582 377.605 
7 1.69172 -5.79597 183 363.428 449.97 
7 0.0865561 -4.29161 189 233.062 325.45 
7 -1.97934 -4.46413 190 232.048 140.25 
7 0.781169 -6.98961 200 422.274 355.998 
