1.50492 8.95177 -1.01173 5 257.96 237.517 
-0.0798114 8.03682 -1.36918 7 403.947 165.434 
2.56137 9.56171 -1.26435 9 186.641 233.182 
-1.18389 7.39938 -0.935763 10 573.576 178.868 
-0.178643 7.97976 0.508014 11 447.259 379.383 
0.882168 8.59222 -0.707979 12 313.452 255.552 
0.899845 8.60243 -1.45278 14 300.261 184.476 
-0.882633 7.57332 -1.15265 15 516.917 160.264 
0.308716 8.26114 -0.602419 18 370.548 257.832 
-0.834292 7.60122 -0.745649 20 517.856 213.804 
1.53151 8.96712 0.925447 27 277.313 414.456 
1.89409 9.17646 -0.898766 30 230.49 254.753 
1.20489 8.77855 1.35968 34 309.306 463.071 
0.643979 8.45471 0.172026 37 348.188 342.531 
1.0009 8.66077 1.01151 39 325.242 428.274 
1.35417 8.86473 -1.19204 41 266.84 219.341 
2.2299 9.37034 -1.63427 48 203.948 199.253 
-0.421209 7.83972 -1.17149 54 450.201 176.625 
-1.24468 7.36429 0.57792 55 622.923 395.093 
-0.449959 7.82312 -0.349133 56 467.576 274.633 
1.11916 8.72905 0.11871 59 300.433 339.506 
2.502 9.52743 1.21213 60 210.911 432.576 
0.976565 8.64672 0.659001 63 322.054 393.121 
2.48091 9.51526 -1.52748 64 189.031 210.981 
1.84359 9.1473 -0.734752 70 236.797 267.882 
2.0992 9.29488 1.12901 72 238.224 429.458 
2.43447 9.48845 -1.27169 74 194.576 229.418 
0.772201 8.52873 0.816256 76 344.259 409.885 
2.20527 9.35612 0.861552 89 227.926 405.27 
0.17216 8.1823 0.981234 106 412.25 433.819 
-1.22592 7.37512 0.548265 107 618.438 390.734 
-0.30588 7.9063 0.0837691 108 456.927 328.807 
1.53832 8.97105 -0.336704 110 262.304 299.042 
-0.383025 7.86176 0.22409 112 471.965 345.896 
1.39446 8.888 1.03195 114 290.751 428.195 
-0.803108 7.61923 -0.814071 117 508.777 208.43 
-0.964105 7.52628 0.885878 120 578.797 437.269 
1.68572 9.05615 0.970133 121 265.956 419.261 
0.0926466 8.13639 -1.10015 128 383.953 199.234 
1.04442 8.6859 0.452906 133 312.85 372.525 
-0.621084 7.72432 1.104 141 524.973 460.666 
2.0713 9.27877 -0.869126 143 218.499 256.832 
2.40916 9.47383 1.43867 146 219.002 454.325 
-0.582336 7.74669 0.181318 147 499.251 339.211 
-0.447254 7.82468 0.726916 148 490.127 411.043 
-1.07075 7.46471 -0.23607 149 568.408 276.828 
-0.106953 8.02115 -0.188349 150 427.419 298.022 
2.34296 9.43561 0.313575 151 212.845 359.648 
1.8128 9.12952 -1.61907 155 228.894 190.722 
-1.34908 7.30401 -1.57982 156 587.295 83.7223 
1.66029 9.04147 -0.791988 162 249.161 257.816 
1.18573 8.76749 -1.30616 163 278.804 206.292 
-0.717429 7.6687 0.357392 164 524.826 363.714 
0.827608 8.56072 -0.196826 177 323.975 305.684 
0.817645 8.55497 1.17423 181 344.613 446.932 
-1.43641 7.25359 -1.07042 183 617.861 148.413 
-0.0741699 8.04008 -1.61407 185 394.773 137.236 
-0.509556 7.78871 -1.73933 187 448.993 107.133 
1.11154 8.72465 -0.22035 188 299.609 304.032 
-1.12203 7.4351 -0.763709 191 566.338 204.972 
-0.560641 7.75922 -0.484044 192 481.682 255.409 
1.01143 8.66685 -1.03298 194 297.781 226.298 
-1.18082 7.40116 -1.11678 196 566.037 153.809 
1.63059 9.02433 -0.54542 202 252.574 280.937 
0.530427 8.38915 0.212413 206 359.271 346.455 
-0.0829147 8.03503 0.967789 213 443.769 436.112 
0.498224 8.37055 -0.257251 218 356.133 297.342 
-1.18272 7.40006 -0.335728 222 587.258 261.578 
0.842776 8.56948 1.16326 230 341.878 447.039 
2.3848 9.45977 -0.140995 231 204.527 320.712 
1.20088 8.77623 0.396294 235 298.824 366.415 
-0.177513 7.98042 -1.74127 236 406.267 122.559 
-0.477256 7.80736 0.692004 238 492.598 405.344 
2.1672 9.33414 0.137181 241 222.807 343.995 
2.5324 9.54499 -0.521146 243 194.566 293.159 
0.34969 8.2848 -0.208161 246 372.076 301.23 
2.29158 9.40595 0.467399 249 218.644 372.101 
2.79672 9.15593 1.45335 762 175.215 469.233 
3.17581 8.49933 -0.450529 776 96.0335 308.913 
2.96438 8.86554 -0.466828 778 135.254 303.154 
2.91765 8.94648 -1.66232 783 130.785 199.079 
2.7584 9.22231 -0.310632 792 167.165 310.889 
2.74211 9.25053 -1.73828 813 157.463 193.089 
3.57856 7.80176 -0.875216 840 5.16503 277.306 
2.75988 9.21974 0.955628 841 178.807 423.926 
3.12713 8.58365 0.949699 846 117.971 446.238 
3.4808 7.97107 -1.62753 851 24.9119 195.745 
3.59494 7.77338 0.739111 854 14.6622 460.186 
3.21408 8.43306 1.15774 858 103.211 474.234 
3.27878 8.32099 -1.03834 860 71.8558 255.331 
2.83011 9.0981 -0.827008 869 151.8 272.174 
3.62176 7.72692 0.659348 870 4.58535 452.185 
2.74336 9.24836 0.533191 877 176.81 385.921 
3.15471 8.53588 -0.806247 915 97.5293 276.086 
3.37491 8.15449 -1.18787 917 48.8381 240.435 
3.15548 8.53455 -1.95746 923 88.5896 166.863 
2.665 9.38408 0.586617 924 188.622 387.777 
3.45706 8.01219 0.602811 925 46.7325 433.449 
3.20202 8.45395 0.188458 931 96.5664 374.773 
2.78152 9.18227 -1.96749 936 149.871 176.519 
3.02515 8.76029 0.646829 955 131.859 409.291 
2.99518 8.81219 -1.02389 956 126.164 253.94 
2.88729 8.99907 -0.922446 958 142.177 262.927 
2.80084 9.14881 -0.0563065 974 163.072 335.76 
2.74799 9.24035 0.800252 981 179.481 409.59 
