1.69792 -0.977731 -7 104 452.268 66.2579 
5.64257 -0.481715 -7 109 53.9674 110.209 
2.26927 0.767181 -7 111 337.576 294.071 
2.74139 -0.240151 -7 113 302.732 157.24 
6.30632 -1.54879 -7 115 26.333 9.73011 
4.50714 -1.04124 -7 119 146.974 56.5716 
2.98659 0.138239 -7 123 268.341 200.638 
4.46367 -0.542201 -7 125 142.352 109.608 
3.77354 -0.887468 -7 133 208.696 74.1493 
6.08103 -0.977971 -7 134 32.4823 62.1881 
3.34213 1.4046 -7 137 208.373 343.079 
0.97797 0.750031 -7 138 521.742 330.677 
4.29646 -0.0380129 -7 139 147.848 164.618 
6.59087 -1.1778 -7 141 4.11167 43.9805 
4.8725 1.3091 -7 142 81.0689 296.035 
1.9715 1.13953 -7 144 367.041 352.024 
1.45576 0.553777 -7 145 451.779 286.915 
