-7 0.21307 2.3409 51 -0.0527184 -0.0296367 
-7 -0.503339 4.01391 52 0.294359 -0.169801 
-7 -0.64261 4.44771 54 0.372911 -0.192164 
-7 -0.441068 2.32778 56 -0.0491989 -0.18393 
-7 1.81819 2.50338 57 -0.0326748 0.330522 
-7 1.50288 1.91462 59 -0.162379 0.269897 
-7 -1.45394 1.58819 66 -0.220138 -0.458847 
-7 0.78654 5.75191 68 0.555543 0.0953817 
-7 -0.100249 4.19611 69 0.321027 -0.0829743 
-7 -1.07602 2.04225 70 -0.109942 -0.345813 
-7 -0.527577 4.46053 71 0.373342 -0.168157 
-7 -0.14175 5.47309 72 0.529735 -0.0797012 
-7 1.61955 6.53315 73 0.649598 0.238893 
-7 1.51818 2.67054 81 0.00602316 0.262644 
-7 0.883221 6.2108 82 0.618652 0.111907 
-7 -0.72299 3.2493 84 0.151453 -0.231452 
-7 1.48523 2.57162 86 -0.0146937 0.256775 
-7 -0.166603 0.216342 87 -0.618395 -0.152184 
-7 1.20864 2.59145 88 -0.00761971 0.195733 
-7 1.46933 5.82185 93 0.554415 0.218931 
-7 -0.576654 5.65743 96 0.564587 -0.16112 
-7 -1.0576 1.73598 99 -0.185441 -0.350822 
