1.50492 8.95177 -1.01173 5 0.610598 -0.341407 
2.56137 9.56171 -1.26435 9 0.397596 -0.366739 
1.53151 8.96712 0.925447 27 0.506525 0.0645194 
1.89409 9.17646 -0.898766 30 0.51255 -0.305174 
1.20489 8.77855 1.35968 34 0.557524 0.178477 
1.0009 8.66077 1.01151 39 0.637105 0.117674 
1.35417 8.86473 -1.19204 41 0.65778 -0.3829 
2.2299 9.37034 -1.63427 48 0.479617 -0.443521 
1.11916 8.72905 0.11871 59 0.650546 -0.0858227 
2.502 9.52743 1.21213 60 0.319251 0.0723431 
0.976565 8.64672 0.659001 63 0.659448 0.0406936 
2.48091 9.51526 -1.52748 64 0.424545 -0.414582 
1.84359 9.1473 -0.734752 70 0.515803 -0.273826 
2.0992 9.29488 1.12901 72 0.387742 0.0739578 
2.43447 9.48845 -1.27169 74 0.42345 -0.369673 
2.20527 9.35612 0.861552 89 0.377502 0.0171903 
1.53832 8.97105 -0.336704 110 0.563567 -0.192373 
1.39446 8.888 1.03195 114 0.533433 0.0970726 
1.29458 8.83033 1.97538 118 0.511386 0.29593 
1.68572 9.05615 0.970133 121 0.473156 0.0659658 
1.04442 8.6859 0.452906 133 0.656151 -0.00652607 
2.0713 9.27877 -0.869126 143 0.476911 -0.296981 
2.40916 9.47383 1.43867 146 0.323546 0.109675 
2.34296 9.43561 0.313575 151 0.377636 -0.081344 
1.8128 9.12952 -1.61907 155 0.567226 -0.457996 
1.66029 9.04147 -0.791988 162 0.562082 -0.288265 
0.840218 8.568 1.74362 168 0.6355 0.295932 
0.817645 8.55497 1.17423 181 0.676073 0.170896 
1.11154 8.72465 -0.22035 188 0.674206 -0.162867 
1.63059 9.02433 -0.54542 202 0.559308 -0.238295 
1.50761 8.95332 1.78202 225 0.47413 0.236054 
0.843826 8.57009 1.93717 228 0.6257 0.335425 
0.842776 8.56948 1.16326 230 0.67044 0.168012 
2.3848 9.45977 -0.140995 231 0.388736 -0.161256 
1.20088 8.77623 0.396294 235 0.614802 -0.0268517 
2.1672 9.33414 0.137181 241 0.416715 -0.108742 
2.5324 9.54499 -0.521146 243 0.378702 -0.232405 
2.29158 9.40595 0.467399 249 0.384517 -0.0504534 
3.95041 7.15768 -0.115486 754 -0.069535 -0.272047 
4.55568 6.10933 1.89736 756 -0.424018 0.182633 
4.31954 6.51834 0.440036 760 -0.253537 -0.168456 
2.79672 9.15593 1.45335 762 0.245359 0.102428 
3.65369 7.67162 -0.409443 763 0.056607 -0.30215 
3.63308 7.70731 -0.253667 767 0.0581808 -0.265197 
4.46197 6.27165 0.273057 769 -0.320265 -0.225713 
4.61126 6.01306 1.59096 770 -0.445099 0.103377 
3.94821 7.16151 -0.305332 771 -0.0598163 -0.313727 
3.17581 8.49933 -0.450529 776 0.211607 -0.264033 
2.96438 8.86554 -0.466828 778 0.270719 -0.250785 
3.01964 8.76982 1.66075 782 0.178234 0.135976 
2.91765 8.94648 -1.66232 783 0.329036 -0.477963 
4.09862 6.90098 -0.651429 789 -0.10737 -0.419559 
3.94393 7.16891 1.20445 790 -0.114297 0.0303481 
2.7584 9.22231 -0.310632 792 0.318824 -0.20839 
3.68413 7.6189 -0.207288 807 0.0384306 -0.264045 
2.74211 9.25053 -1.73828 813 0.376001 -0.468508 
3.75485 7.49641 -1.09591 823 0.0488295 -0.475129 
3.57856 7.80176 -0.875216 840 0.105334 -0.403582 
2.75988 9.21974 0.955628 841 0.270265 0.0154275 
4.78716 5.7084 1.97587 843 -0.564144 0.20197 
3.12713 8.58365 0.949699 846 0.173069 0.00487772 
4.15625 6.80116 -0.0422045 847 -0.158688 -0.269962 
3.11682 8.6015 1.29664 853 0.161859 0.0671197 
3.59494 7.77338 0.739111 854 0.0335265 -0.0559496 
3.21408 8.43306 1.15774 858 0.14103 0.0442517 
3.27878 8.32099 -1.03834 860 0.20088 -0.398023 
4.3546 6.4576 0.374594 864 -0.267819 -0.188657 
3.50474 7.92962 1.97827 867 0.0212839 0.193317 
4.94977 5.42675 -0.328941 868 -0.599471 -0.479703 
2.83011 9.0981 -0.827008 869 0.32063 -0.307006 
3.62176 7.72692 0.659348 870 0.0318268 -0.0736496 
4.25903 6.62315 1.93355 875 -0.275337 0.185713 
2.74336 9.24836 0.533191 877 0.290721 -0.0577014 
4.79043 5.70272 0.841803 884 -0.531993 -0.10441 
3.47475 7.98155 1.30736 888 0.0534802 0.0656582 
3.96207 7.13749 -0.131759 891 -0.0705517 -0.275008 
3.79506 7.42677 -1.15471 899 0.0375627 -0.494925 
4.70431 5.85189 0.465414 910 -0.46901 -0.201912 
4.24347 6.65009 0.760465 912 -0.233453 -0.085205 
3.15471 8.53588 -0.806247 915 0.232027 -0.337324 
3.62319 7.72445 -0.430218 916 0.0709001 -0.306693 
3.37491 8.15449 -1.18787 917 0.18178 -0.436896 
3.88292 7.27458 0.732852 918 -0.0692054 -0.0708837 
4.81756 5.65573 0.693441 919 -0.541412 -0.145845 
3.5513 7.84897 1.93783 920 0.00592309 0.184262 
3.89561 7.2526 -0.984565 922 -0.0111721 -0.470123 
2.665 9.38408 0.586617 924 0.306299 -0.044135 
3.45706 8.01219 0.602811 925 0.0914886 -0.0719673 
4.92972 5.46147 0.685045 928 -0.621378 -0.160668 
3.20202 8.45395 0.188458 931 0.181133 -0.141991 
2.78152 9.18227 -1.96749 936 0.375702 -0.521241 
4.93218 5.45722 -0.369873 940 -0.589478 -0.488232 
3.59191 7.77864 1.36064 942 0.0127948 0.0708393 
3.89811 7.24827 1.30532 954 -0.0955886 0.0553248 
3.02515 8.76029 0.646829 955 0.214229 -0.0431008 
2.99518 8.81219 -1.02389 956 0.285671 -0.357505 
2.88729 8.99907 -0.922446 958 0.303116 -0.333985 
4.28105 6.58501 -0.348295 969 -0.204016 -0.372108 
2.80084 9.14881 -0.0563065 974 0.296458 -0.163834 
4.30329 6.54648 1.81023 975 -0.293869 0.157846 
4.12313 6.85854 -0.122495 977 -0.141966 -0.288438 
2.74799 9.24035 0.800252 981 0.280108 -0.00931429 
4.40456 6.37107 0.274064 992 -0.290004 -0.22076 
4.26624 6.61065 0.689474 996 -0.234526 -0.105225 
4.40907 6.36327 1.15293 997 -0.324402 -0.00119689 
4.63799 5.96676 0.669191 998 -0.433411 -0.136544 
