-1.69835 7.10236 -1.49702 1 -0.516326 -0.319933 
-5.21737 5.07065 -0.784054 2 0.643684 0.0874836 
-4.28285 5.6102 -0.35009 4 0.313498 0.166106 
-2.36095 6.71981 0.0648834 6 -0.384217 0.185811 
-4.55705 5.45189 0.173982 17 0.390248 0.350552 
-3.41844 6.10927 -1.82689 21 0.0885316 -0.300723 
-3.01817 6.34036 -1.63356 23 -0.061783 -0.273822 
-2.57331 6.5972 -0.0115366 25 -0.301655 0.175818 
-2.71663 6.51445 0.575812 32 -0.291803 0.372847 
-3.74583 5.92025 -0.779907 36 0.147134 0.00847142 
-3.03012 6.33346 -0.976834 38 -0.089878 -0.089641 
-4.01906 5.7625 0.688089 42 0.181384 0.48118 
-5.01404 5.18805 -1.36312 47 0.589587 -0.0855978 
-5.40315 4.96339 -0.284863 49 0.69381 0.252711 
-2.14768 6.84294 -0.101629 51 -0.451007 0.122753 
-3.33545 6.15718 -0.435976 52 -0.0127644 0.0895547 
-3.617 5.99463 -1.57595 71 0.14016 -0.224247 
-4.04408 5.74805 -1.06717 77 0.259474 -0.0576041 
-3.86191 5.85323 -1.48589 82 0.212856 -0.187878 
-2.18179 6.82325 0.0567123 84 -0.449363 0.172079 
-2.31638 6.74554 0.814643 87 -0.45291 0.432487 
-4.13014 5.69837 -1.41351 88 0.296874 -0.150449 
-3.16889 6.25334 -1.4501 90 -0.0208403 -0.215215 
-4.96883 5.21415 -1.7676 92 0.584494 -0.200271 
-3.51194 6.05528 0.00121058 101 0.0320354 0.23349 
-2.27819 6.76759 -0.186085 109 -0.397767 0.101322 
-4.62783 5.41102 -0.263344 122 0.425618 0.213024 
-4.37657 5.55609 0.727218 125 0.305163 0.514681 
-4.73475 5.34929 -1.6572 126 0.507061 -0.184451 
-2.44383 6.67196 -0.385326 131 -0.326512 0.0558885 
-2.20806 6.80808 -1.59639 140 -0.332822 -0.314065 
-1.34908 7.30401 -1.57982 156 -0.631471 -0.362011 
-2.79823 6.46735 0.492322 157 -0.252467 0.350005 
-3.75274 5.91626 -1.57757 159 0.181187 -0.218705 
-2.15233 6.84026 -0.0957294 160 -0.44723 0.126259 
-2.43306 6.67818 0.0756168 161 -0.360402 0.195061 
-5.18032 5.09204 -1.54133 165 0.645923 -0.127719 
-2.12399 6.85662 0.667081 166 -0.513486 0.368602 
-1.43641 7.25359 -1.07042 183 -0.640549 -0.212332 
-1.58921 7.16537 -1.2695 193 -0.565641 -0.258181 
-2.76342 6.48744 -1.86079 195 -0.136775 -0.355846 
-3.97857 5.78587 -1.48671 197 0.253128 -0.177229 
-3.48498 6.07085 0.402763 199 -0.00348409 0.356102 
-2.50658 6.63573 -0.864936 203 -0.274412 -0.0874327 
-1.65507 7.12735 -1.39271 204 -0.537287 -0.291244 
-2.60244 6.58039 -0.419929 205 -0.271954 0.0474515 
-2.88473 6.41741 -0.980824 212 -0.133069 -0.0995141 
-2.20564 6.80948 0.351964 217 -0.463242 0.272874 
-4.56488 5.44737 -0.00874334 220 0.397589 0.288413 
-3.28265 6.18767 0.466932 221 -0.0726852 0.372853 
-1.831 7.02577 -0.964452 224 -0.505358 -0.159094 
-1.58155 7.1698 -0.998108 227 -0.592721 -0.179085 
-2.63039 6.56425 -0.0067306 240 -0.280863 0.180235 
-4.83444 5.29174 -0.69456 244 0.514094 0.0981561 
-2.65581 6.54957 -0.244999 247 -0.263688 0.105881 
-3.8183 5.87841 -0.432496 250 0.157115 0.115196 
