1.69792 -0.977731 -7 104 0.0204746 -0.162885 
2.77254 -1.94854 -7 108 -0.243766 -0.420085 
2.26927 0.767181 -7 111 -0.177208 0.349711 
2.74139 -0.240151 -7 113 -0.275941 0.0420085 
4.50714 -1.04124 -7 119 -0.638998 -0.175566 
2.98659 0.138239 -7 123 -0.345186 0.143422 
0.474792 -0.485198 -7 124 0.410751 -0.000112198 
4.46367 -0.542201 -7 125 -0.644523 -0.0548799 
3.77354 -0.887468 -7 133 -0.495953 -0.138129 
1.03314 -1.58354 -7 136 0.234117 -0.350644 
3.34213 1.4046 -7 137 -0.462533 0.489316 
0.97797 0.750031 -7 138 0.216215 0.403644 
4.29646 -0.0380129 -7 139 -0.626053 0.0719857 
1.9715 1.13953 -7 144 -0.102473 0.479882 
1.45576 0.553777 -7 145 0.0640604 0.316185 
0.206379 -1.0164 -7 147 0.515918 -0.177819 
