5.64257 -0.481715 -7 109 0.279512 0.0228748 
6.30632 -1.54879 -7 115 0.162761 -0.137564 
4.50714 -1.04124 -7 119 0.467515 -0.132521 
4.46367 -0.542201 -7 125 0.495259 -0.0265488 
6.6867 0.183154 -7 127 0.154254 0.153615 
6.46481 -1.88245 -7 128 0.136764 -0.1834 
3.77354 -0.887468 -7 133 0.653278 -0.142422 
6.08103 -0.977971 -7 134 0.204436 -0.0517133 
4.29646 -0.0380129 -7 139 0.553619 0.0822425 
6.59087 -1.1778 -7 141 0.136846 -0.0673382 
4.8725 1.3091 -7 142 0.474133 0.385552 
6.26277 1.2623 -7 143 0.233486 0.341621 
6.4687 -1.97232 -7 149 0.134445 -0.197268 
7 -0.0623122 -3.31422 152 -0.526131 0.202741 
7 -1.59791 -6.35011 157 0.00670558 -0.122374 
7 1.75895 -5.06184 159 -0.117117 0.518122 
7 0.863395 -4.44339 163 -0.248825 0.365196 
7 -0.724268 -3.10497 165 -0.592875 0.0456712 
7 -0.863938 -6.09367 166 -0.0128359 -0.00387002 
7 1.33843 -4.95324 172 -0.144386 0.437556 
7 0.759759 -5.08223 173 -0.133533 0.313258 
7 -0.518283 -3.0968 179 -0.592618 0.0965329 
7 0.741437 -4.00824 180 -0.342831 0.361496 
7 -0.563655 -4.89557 181 -0.190649 0.0586236 
7 0.831841 -5.58946 182 -0.0511888 0.30648 
7 1.69172 -5.79597 183 -0.00324527 0.458987 
7 0.0865561 -4.29161 189 -0.293566 0.203693 
7 -1.97934 -4.46413 190 -0.294408 -0.215876 
7 0.781169 -6.98961 200 0.129247 0.250849 
