-7 -0.29883 -1.326 55 491.406 156.871 
-7 0.46862 -2.98529 58 308.679 240.752 
-7 -1.05185 -1.49538 60 472.971 65.2921 
-7 -1.03485 -3.75523 61 233.941 88.6216 
-7 -0.184126 -2.39523 62 367.174 172.741 
-7 1.26508 -0.184774 63 635.944 350.808 
-7 0.0943094 -5.21035 64 125.421 201.528 
-7 1.11392 -6.02536 65 78.3134 284.543 
-7 0.886694 -5.35798 67 120.208 269.314 
-7 1.34911 -4.82912 74 159.858 311.482 
-7 0.577231 -1.47952 76 469.058 258.797 
-7 0.694743 -5.33965 78 120.25 253.196 
-7 1.12101 -6.65735 79 40.4248 281.823 
-7 0.821262 -3.48263 80 264.279 273.009 
-7 -1.84392 -6.0007 85 57.6603 30.2823 
-7 1.69039 -1.92004 89 416.389 372.992 
-7 -0.295975 -5.19552 90 123.982 166.719 
-7 1.40697 -4.3308 91 197.138 320.369 
-7 0.312724 -0.335245 92 623.134 232.441 
-7 0.592834 -6.66606 94 35.8422 240.689 
-7 -1.56958 -3.12031 95 291.388 24.0039 
-7 -1.20087 -3.87679 97 222.611 72.3732 
-7 1.52805 -2.92335 98 316.217 344.758 
-7 -0.609874 -5.90804 100 73.327 140.73 
