-7 1.12101 -6.65735 79 0.549302 0.498 
-7 0.592834 -6.66606 94 0.559763 0.395552 
-5.46333 -1.29075 -7 102 0.362459 -0.00808703 
-4.55559 -0.250499 -7 105 0.19413 0.176796 
-2.11042 -0.0563179 -7 106 -0.373228 0.152893 
-5.09885 0.316864 -7 107 0.262884 0.309081 
-5.05591 -0.451909 -7 117 0.280194 0.146524 
-3.07632 -1.96878 -7 120 -0.0220396 -0.295591 
-3.56835 0.827876 -7 121 -0.0382894 0.420987 
-6.20015 -0.954561 -7 122 0.446841 0.0805522 
-1.05355 -1.5594 -7 126 -0.636262 -0.395279 
-2.10211 -0.684594 -7 129 -0.337181 -0.0319015 
-3.11373 -0.303232 -7 130 -0.089603 0.121119 
-1.30535 -1.94469 -7 131 -0.513974 -0.480486 
-1.59533 0.795126 -7 132 -0.609377 0.413608 
-6.2831 -0.370457 -7 140 0.442447 0.190478 
-5.05277 -1.83336 -7 148 0.321004 -0.133021 
-6.46998 0.52855 -7 150 0.442741 0.361116 
