-2.93389 0.906698 7 9 637.318 406.68 
-4.80195 0.41523 7 21 419.029 331.635 
-3.28746 -0.347612 7 22 567.083 246.814 
-5.92999 -1.73451 7 23 321.101 153.381 
-5.37012 0.037908 7 24 372.339 296.287 
-5.21106 1.44812 7 29 397.427 423.766 
-5.40598 0.152698 7 30 370.934 306.361 
-2.84657 -0.836733 7 31 622.259 177.838 
-5.875 -0.508694 7 36 334.751 251.906 
-4.02466 -0.174699 7 39 483.683 272.002 
-3.22548 0.288125 7 40 584.845 324.237 
-5.59816 -0.619665 7 42 351.027 240.673 
-3.26615 1.27581 7 43 594.114 446.132 
-6.33365 0.109205 7 44 313.563 302.657 
-6.25916 0.145289 7 48 317.965 305.486 
-7 -0.503339 4.01391 52 27.4625 284.078 
-7 -0.64261 4.44771 54 76.7164 264.882 
-7 0.78654 5.75191 68 205.586 375.366 
-7 -0.100249 4.19611 69 53.1433 324.219 
-7 -0.527577 4.46053 71 79.1113 276.318 
-7 -0.14175 5.47309 72 176.599 300.475 
-7 1.61955 6.53315 73 264.248 424.023 
-7 0.883221 6.2108 82 238.292 373.574 
-7 1.46933 5.82185 93 216.207 431.408 
-7 -0.576654 5.65743 96 187.524 261.388 
