-5.46333 -1.29075 -7 102 0.624247 -0.167771 
-4.55559 -0.250499 -7 105 0.448078 0.0373448 
-2.11042 -0.0563179 -7 106 -0.0964098 0.032924 
-5.09885 0.316864 -7 107 0.521312 0.170776 
-6.22725 1.4028 -7 110 0.655347 0.392291 
-0.689565 -1.47331 -7 112 -0.516346 -0.503498 
-5.05591 -0.451909 -7 117 0.537139 0.00259066 
-3.07632 -1.96878 -7 120 0.210547 -0.452605 
-3.56835 0.827876 -7 121 0.226964 0.283688 
-1.05355 -1.5594 -7 126 -0.377254 -0.497343 
-2.10211 -0.684594 -7 129 -0.0773869 -0.150323 
-3.11373 -0.303232 -7 130 0.164167 -0.0086896 
-1.59533 0.795126 -7 132 -0.278147 0.278559 
-3.58737 1.4874 -7 135 0.21042 0.444899 
-0.615215 -0.161545 -7 146 -0.59289 -0.0488691 
-5.05277 -1.83336 -7 148 0.577954 -0.303377 
