1.69792 -0.977731 -7 104 -0.582444 -0.166839 
2.26927 0.767181 -7 111 -0.664681 0.43915 
-0.689565 -1.47331 -7 112 0.157982 -0.480164 
-0.235026 1.16667 -7 114 0.183021 0.41226 
-0.0787955 1.33173 -7 116 0.142243 0.477509 
0.474792 -0.485198 -7 124 -0.156894 -0.0862928 
-2.10211 -0.684594 -7 129 0.672661 -0.318282 
-1.59533 0.795126 -7 132 0.609008 0.20073 
1.03314 -1.58354 -7 136 -0.404808 -0.403632 
0.97797 0.750031 -7 138 -0.243695 0.351255 
1.45576 0.553777 -7 145 -0.412171 0.316834 
-0.615215 -0.161545 -7 146 0.21996 -0.0512313 
0.206379 -1.0164 -7 147 -0.103188 -0.275396 
