-1.97014 0.361326 7 3 0.347055 0.0641481 
-2.93389 0.906698 7 9 0.097764 0.241932 
-2.14837 -1.21575 7 10 0.234043 -0.364023 
-4.80195 0.41523 7 21 -0.286297 0.148099 
-3.28746 -0.347612 7 22 -0.0170014 -0.0725772 
-5.92999 -1.73451 7 23 -0.463549 -0.234167 
-5.37012 0.037908 7 24 -0.376414 0.0802101 
-5.21106 1.44812 7 29 -0.338931 0.377802 
-5.40598 0.152698 7 30 -0.38048 0.104231 
-2.84657 -0.836733 7 31 0.0697407 -0.216018 
-3.76175 1.7333 7 32 -0.0719899 0.462111 
-2.21352 -0.0799941 7 33 0.256965 -0.0533486 
-5.875 -0.508694 7 36 -0.448848 -0.0132485 
-4.02466 -0.174699 7 39 -0.160749 -0.00293259 
-3.22548 0.288125 7 40 0.0119052 0.083389 
-5.59816 -0.619665 7 42 -0.413438 -0.0428765 
-3.26615 1.27581 7 43 0.0277145 0.344206 
-6.33365 0.109205 7 44 -0.502046 0.11333 
-2.70348 -0.732172 7 47 0.106748 -0.198997 
-6.25916 0.145289 7 48 -0.492836 0.118785 
-7 1.61955 6.53315 73 -0.663097 0.427446 
