-4.80195 0.41523 7 21 0.570558 -0.079479 
-5.92999 -1.73451 7 23 0.407984 -0.518535 
-5.37012 0.037908 7 24 0.465172 -0.166604 
-5.21106 1.44812 7 29 0.458459 0.114811 
-5.40598 0.152698 7 30 0.455535 -0.143745 
-5.875 -0.508694 7 36 0.38938 -0.273857 
-5.59816 -0.619665 7 42 0.439837 -0.29949 
-6.33365 0.109205 7 44 0.30735 -0.159317 
-6.25916 0.145289 7 48 0.31722 -0.152462 
-7 0.21307 2.3409 51 -0.658168 -0.187408 
-7 -0.503339 4.01391 52 -0.227202 -0.327003 
-7 -0.64261 4.44771 54 -0.139935 -0.345191 
-7 -0.441068 2.32778 56 -0.672608 -0.371432 
-7 1.81819 2.50338 57 -0.588716 0.213774 
-7 0.78654 5.75191 68 0.0585251 -0.0528493 
-7 -0.100249 4.19611 69 -0.191665 -0.233069 
-7 -0.527577 4.46053 71 -0.138231 -0.319809 
-7 -0.14175 5.47309 72 0.0284316 -0.221827 
-7 1.61955 6.53315 73 0.148589 0.0758494 
-7 1.51818 2.67054 81 -0.545125 0.137968 
-7 0.883221 6.2108 82 0.118187 -0.0383796 
-7 -0.72299 3.2493 84 -0.405031 -0.407892 
-7 1.48523 2.57162 86 -0.572945 0.133258 
-7 1.20864 2.59145 88 -0.570163 0.0666571 
-7 1.46933 5.82185 93 0.0606885 0.0621495 
-7 -0.576654 5.65743 96 0.0604374 -0.300718 
