-3.11304 -8.60806 -1.9166 254 201.544 75.7643 
-3.48222 -7.96863 1.84681 255 68.1445 420.585 
-2.75039 -9.23619 0.329719 263 216.49 277.999 
-3.07463 -8.67459 -1.54793 266 199.929 109.448 
-2.57499 -9.53998 1.60069 268 219.583 377.003 
-2.72709 -9.27655 -1.48729 269 246.726 133.567 
-3.88769 -7.26632 -1.50954 277 38.1474 52.8783 
-3.32874 -8.23445 -1.42324 285 156.79 106.122 
-3.49888 -7.93976 0.772929 286 83.9261 316.129 
-3.44968 -8.02497 0.167007 293 104.865 259.421 
-3.04378 -8.72802 1.54345 294 153.134 381.356 
-3.22332 -8.41705 1.89644 304 117.83 418.002 
-3.93868 -7.178 -1.57121 306 27.5711 38.2447 
-3.32508 -8.2408 -1.51403 315 158.357 98.9219 
-3.63057 -7.71167 -1.43695 316 98.7567 84.8474 
-3.09129 -8.64573 1.79249 320 142.06 403.552 
-3.06428 -8.69251 -0.666718 324 187.225 188.842 
-3.49997 -7.93787 0.446165 333 90.1526 282.382 
-3.35488 -8.18918 1.50964 334 98.9943 383.054 
-3.77569 -7.46032 0.825581 340 18.4481 321.237 
-3.62005 -7.72989 0.845456 350 54.7221 322.884 
-2.64072 -9.42615 1.95256 355 204.797 406.165 
-3.10287 -8.62567 -0.357131 361 176.234 215.608 
-3.32955 -8.23305 -1.41411 368 158.742 107.19 
-2.62582 -9.45194 -1.96759 374 265.13 101.6 
-3.72571 -7.54688 0.335972 382 41.3039 270.185 
-3.02092 -8.76762 -1.67324 386 211.565 102.509 
-3.14704 -8.54917 1.54174 390 138.466 382.031 
-2.75281 -9.23199 0.225616 395 218.085 270.881 
-3.18967 -8.47533 1.85927 400 124.919 412.875 
-3.33676 -8.22056 -0.399899 404 136.984 203.184 
-3.20418 -8.4502 0.757211 405 140.319 312.631 
-3.32846 -8.23494 1.89335 407 96.6524 420.715 
-3.05904 -8.70159 0.925619 412 161.494 326.607 
-2.74941 -9.23788 0.292754 416 216.619 275.881 
-3.28794 -8.30512 -0.582867 425 148.652 186.873 
-2.88356 -9.00553 1.61269 428 180.049 381.963 
-3.57786 -7.80296 1.13653 429 59.8841 355.226 
-3.71801 -7.56021 -1.73791 433 84.4724 43.7237 
-2.84073 -9.07972 -1.27039 435 230.563 145.93 
-4.02746 -7.02424 -1.63148 447 3.09864 21.768 
-2.97704 -8.84361 -0.559065 449 198.655 200.883 
-3.13049 -8.57784 0.930095 453 147.417 329.265 
-2.83311 -9.09292 -0.904736 454 224.113 177.196 
-3.07985 -8.66554 0.939564 456 158.293 328.976 
-2.82678 -9.10387 0.818773 460 197.285 321.783 
-2.94605 -8.89729 1.87197 478 163.775 407.068 
-3.62908 -7.71426 0.283949 480 62.4719 264.755 
-3.75747 -7.49188 -0.114405 484 41.2071 218.279 
-2.61113 -9.47739 -1.5069 492 262.066 137.436 
-3.63585 -7.70252 0.600044 494 56.6202 298.229 
-3.6271 -7.71768 0.36592 497 62.5104 275.311 
-3.46213 -8.00341 0.473249 499 95.0416 285.464 
-0.751588 -8.51683 0.0534651 508 377.499 295.854 
0.697982 -7.67992 -1.90184 511 615.205 96.2677 
-0.577812 -8.4165 -1.88021 514 434.493 103.182 
1.01972 -7.49417 -0.323822 518 630.842 312.75 
0.57886 -7.7487 0.424617 532 531.833 393.036 
-1.33469 -8.85349 -0.250941 535 333.6 255.312 
-0.805849 -8.54816 -1.1322 539 398.079 180.239 
-1.55768 -8.98223 1.00965 540 294.4 360.826 
-0.942173 -8.62687 -1.81306 542 396.193 112.62 
-2.54087 -9.54988 -1.96382 546 272.493 105.455 
-0.435565 -8.33438 0.0499532 548 411.644 306.756 
0.488173 -7.80106 0.703509 550 511.078 422.698 
-2.17518 -9.33875 -0.02102 551 269.087 259.894 
-1.37853 -8.8788 -0.140968 554 327.147 264.571 
-0.337383 -8.27769 -1.23289 555 449.16 172.078 
0.766945 -7.64011 0.115194 558 571.369 363.066 
-1.35618 -8.8659 -1.86663 561 360.573 108.787 
-0.751362 -8.5167 -0.54808 562 389.979 235.104 
0.285019 -7.91835 -1.67271 565 542.373 124.509 
-2.39776 -9.46725 -1.50147 566 277.83 140.38 
-0.453946 -8.34499 1.0501 568 389.714 410.364 
-0.48463 -8.36271 0.158388 572 404.221 315.283 
-1.19047 -8.77022 1.45663 578 313.412 416.368 
-0.0029851 -8.08463 -0.961949 580 482.884 206.25 
-0.413276 -8.32151 0.783569 583 396.482 385.054 
-1.13416 -8.73771 1.81808 584 311.245 451.095 
-2.13398 -9.31496 -0.61668 585 279.783 214.971 
-1.80668 -9.12599 1.44164 586 267.533 389.083 
0.848258 -7.59316 -0.946016 591 614.766 224.386 
-0.665112 -8.46691 -0.0591155 593 388.086 291.061 
0.587659 -7.74362 -1.86164 595 593.351 101.953 
-1.05884 -8.69422 -0.500411 598 361.615 238.431 
-1.85453 -9.15362 1.00414 599 273.086 350.979 
-0.29479 -8.2531 -0.936867 601 448.225 204.919 
-1.02236 -8.67316 1.83715 602 321.258 459.214 
-0.918376 -8.61313 -1.76208 603 396.129 116.458 
-0.41102 -8.32021 0.556759 610 402.032 361.125 
-2.0658 -9.2756 0.128408 612 274.212 273.139 
-2.28434 -9.40177 0.767727 616 249.79 320.433 
-1.43619 -8.91209 -1.99412 619 354.695 100.076 
0.337754 -7.8879 -1.59112 620 546.264 134.234 
-0.478158 -8.35897 -0.638973 621 420.494 236.16 
-1.39269 -8.88697 -0.919729 622 339.339 195.894 
-1.85496 -9.15386 1.85126 623 258.448 421.157 
-2.10532 -9.29841 0.971801 625 258.147 341.367 
-0.802806 -8.5464 1.53266 628 345.05 439.554 
-0.197251 -8.19679 0.70261 629 422.46 386.469 
0.695133 -7.68157 0.336635 637 553.343 387.588 
-1.41788 -8.90152 -1.16565 639 341.824 172.405 
-0.795119 -8.54197 -0.566815 642 383.991 233.933 
-1.37552 -8.87706 0.232198 643 321.217 297.941 
-1.56414 -8.98596 -0.787846 645 323.12 206.924 
-0.814491 -8.55315 0.400562 646 365.991 329.525 
-0.0537926 -8.11396 -0.334741 647 463.036 275.547 
0.279953 -7.92127 1.12217 656 470.117 459.511 
-0.574829 -8.41478 0.349602 657 390.56 333.583 
0.172776 -7.98315 1.03516 658 459.217 442.808 
-1.00763 -8.66466 -0.50403 660 364.955 237.282 
1.12851 -7.43136 0.338853 661 632.524 415.062 
-0.613939 -8.43736 -0.547652 664 405.096 241.37 
-0.867771 -8.58391 0.768917 668 354.451 363.627 
-0.769826 -8.52736 1.76192 670 343.779 465.492 
-0.250485 -8.22752 -1.46169 672 464.155 147.804 
-1.48552 -8.94057 0.517606 676 305.147 320.042 
-1.10245 -8.71941 -0.567007 677 356.585 230.599 
0.0842166 -8.03428 0.452304 685 461.106 370.872 
0.676712 -7.6922 0.794688 695 538.919 444.114 
0.242541 -7.94287 -1.30659 700 526.336 170.332 
0.735422 -7.65831 -0.141939 702 573.124 327.114 
-0.0286901 -8.09947 1.01989 704 434.599 429.617 
-2.31293 -9.41827 1.81431 707 232.868 402.176 
1.12928 -7.43091 0.660268 716 622.897 461.054 
0.300349 -7.9095 -1.99348 717 550.968 86.4462 
-0.939569 -8.62536 -0.32294 718 367.888 256.83 
-1.908 -9.18449 1.52916 719 262.34 394.395 
-0.734402 -8.50691 1.2467 730 357.789 414.33 
-1.49578 -8.94649 0.981389 746 296.931 362.226 
-0.0589625 -8.11695 -0.531896 750 466.464 254.074 
