-7 -1.03485 -3.75523 61 0.564777 -0.338742 
-7 0.0943094 -5.21035 64 0.269817 -0.044692 
-7 1.11392 -6.02536 65 0.150453 0.145547 
-7 0.886694 -5.35798 67 0.253292 0.106937 
-7 1.34911 -4.82912 74 0.356122 0.202104 
-7 0.694743 -5.33965 78 0.254265 0.0706178 
-7 1.12101 -6.65735 79 0.064942 0.143083 
-7 0.821262 -3.48263 80 0.673337 0.0949281 
-7 -1.84392 -6.0007 85 0.125901 -0.36265 
-7 -0.295975 -5.19552 90 0.267926 -0.119243 
-7 1.40697 -4.3308 91 0.462914 0.222814 
-7 0.592834 -6.66606 94 0.0594099 0.0574561 
-7 -1.20087 -3.87679 97 0.531069 -0.367962 
-7 -0.609874 -5.90804 100 0.150873 -0.155761 
-3.17768 1.79522 -7 101 -0.676118 0.447281 
-5.46333 -1.29075 -7 102 -0.188633 -0.278799 
-4.55559 -0.250499 -7 105 -0.338445 -0.0974281 
-5.09885 0.316864 -7 107 -0.234355 0.0218604 
-6.22725 1.4028 -7 110 -0.0619929 0.204245 
-5.05591 -0.451909 -7 117 -0.24775 -0.130535 
-3.56835 0.827876 -7 121 -0.563727 0.161176 
-6.20015 -0.954561 -7 122 -0.0841276 -0.197444 
-3.58737 1.4874 -7 135 -0.553751 0.33143 
-6.2831 -0.370457 -7 140 -0.0692359 -0.097974 
-5.05277 -1.83336 -7 148 -0.259056 -0.400286 
-6.46998 0.52855 -7 150 -0.0396907 0.0522452 
