-2.93389 0.906698 7 9 0.495896 0.353021 
-2.14837 -1.21575 7 10 0.61701 -0.294818 
-4.80195 0.41523 7 21 0.053945 0.236428 
-3.28746 -0.347612 7 22 0.332521 0.0233374 
-5.92999 -1.73451 7 23 -0.165262 -0.13618 
-5.37012 0.037908 7 24 -0.046068 0.167311 
-5.21106 1.44812 7 29 0.0207908 0.452536 
-5.40598 0.152698 7 30 -0.0478907 0.190164 
-2.84657 -0.836733 7 31 0.423228 -0.1277 
-2.21352 -0.0799941 7 33 0.671636 0.047219 
-5.875 -0.508694 7 36 -0.128426 0.0760262 
-4.02466 -0.174699 7 39 0.17537 0.0919634 
-3.22548 0.288125 7 40 0.380064 0.184984 
-5.59816 -0.619665 7 42 -0.0957683 0.0482211 
-3.26615 1.27581 7 43 0.420895 0.451622 
-6.33365 0.109205 7 44 -0.168419 0.194099 
-2.70348 -0.732172 7 47 0.469886 -0.110144 
-6.25916 0.145289 7 48 -0.158856 0.199566 
-7 0.78654 5.75191 68 -0.422264 0.376557 
-7 -0.14175 5.47309 72 -0.495872 0.20275 
-7 1.61955 6.53315 73 -0.273526 0.485855 
-7 0.883221 6.2108 82 -0.33993 0.368947 
-7 1.46933 5.82185 93 -0.394572 0.510075 
-7 -0.576654 5.65743 96 -0.468221 0.112136 
