1.69792 -0.977731 -7 104 377.004 125.734 
2.77254 -1.94854 -7 108 258.597 5.88486 
2.26927 0.767181 -7 111 276.917 355.104 
2.74139 -0.240151 -7 113 236.859 216.315 
4.50714 -1.04124 -7 119 77.0364 115.555 
2.98659 0.138239 -7 123 204.153 260.872 
0.474792 -0.485198 -7 124 559.252 204.538 
4.46367 -0.542201 -7 125 73.388 169.37 
3.77354 -0.887468 -7 133 140.2 133.326 
1.03314 -1.58354 -7 136 482.363 39.3794 
3.34213 1.4046 -7 137 147.516 411.204 
0.97797 0.750031 -7 138 457.323 386.272 
4.29646 -0.0380129 -7 139 80.2326 225.791 
4.8725 1.3091 -7 142 12.2092 365.769 
1.9715 1.13953 -7 144 308.724 414.108 
1.45576 0.553777 -7 145 388.135 344.239 
0.206379 -1.0164 -7 147 615.069 122.255 
