-1.97014 0.361326 7 3 354.68 298.704 
-2.93389 0.906698 7 9 234.104 359.16 
-2.14837 -1.21575 7 10 342.782 90.2436 
-0.578608 0.00250695 7 11 571.164 257.121 
-0.39693 -1.00404 7 12 606.276 98.62 
-4.80195 0.41523 7 21 65.3136 282.888 
-3.28746 -0.347612 7 22 207.96 202.559 
-5.92999 -1.73451 7 23 6.38914 73.9093 
-5.37012 0.037908 7 24 26.5631 241.344 
-5.21106 1.44812 7 29 23.0968 388.501 
-5.40598 0.152698 7 30 22.7926 252.754 
-2.84657 -0.836733 7 31 258.521 142.987 
-3.76175 1.7333 7 32 141.634 447.179 
-2.21352 -0.0799941 7 33 326.567 237.492 
-4.02466 -0.174699 7 39 136.308 221.853 
-3.22548 0.288125 7 40 208.601 278.851 
-5.59816 -0.619665 7 42 17.3426 176.533 
-3.26615 1.27581 7 43 195.275 400.482 
-2.70348 -0.732172 7 47 273.533 154.938 
