-7 -0.29883 -1.326 55 631.049 146.424 
-7 0.46862 -2.98529 58 422.185 238.44 
-7 -1.05185 -1.49538 60 610.151 47.0053 
-7 -1.03485 -3.75523 61 339.585 87.3997 
-7 -0.184126 -2.39523 62 485.737 167.948 
-7 0.0943094 -5.21035 64 233.906 203.231 
-7 1.11392 -6.02536 65 192.67 281.678 
-7 0.886694 -5.35798 67 231.705 267.469 
-7 1.34911 -4.82912 74 271.716 307.027 
-7 0.577231 -1.47952 76 602.635 255.239 
-7 0.694743 -5.33965 78 231.071 252.337 
-7 1.12101 -6.65735 79 157.431 279.174 
-7 0.821262 -3.48263 80 375.837 270.568 
-7 -1.84392 -6.0007 85 160.454 39.8071 
-7 1.69039 -1.92004 89 541.104 370.509 
-7 -0.295975 -5.19552 90 231.037 169.795 
-7 1.40697 -4.3308 91 308.748 315.705 
-7 0.592834 -6.66606 94 151.088 241.443 
-7 -1.56958 -3.12031 95 399.786 16.172 
-7 -1.20087 -3.87679 97 327.242 71.4466 
-7 1.52805 -2.92335 98 431.682 340.658 
-7 -0.609874 -5.90804 100 181.054 146.494 
-6.22725 1.4028 -7 110 94.9258 316.457 
-6.20015 -0.954561 -7 122 56.8866 125.456 
-6.2831 -0.370457 -7 140 72.8524 175.445 
-6.46998 0.52855 -7 150 99.4428 244.942 
