7 -1.49784 0.349314 151 -0.665688 -0.404655 
7 -0.0623122 -3.31422 152 0.24659 0.0156671 
7 0.36994 -1.65205 155 -0.119409 0.113104 
7 0.947338 -0.351981 158 -0.462741 0.266466 
7 1.75895 -5.06184 159 0.543785 0.380465 
7 0.343459 -2.54532 160 0.0844628 0.105391 
7 -0.647617 -0.188366 161 -0.503597 -0.155567 
7 1.08732 -1.94397 162 -0.0552427 0.281137 
7 0.863395 -4.44339 163 0.447986 0.209097 
7 -0.724268 -3.10497 165 0.210112 -0.132624 
7 1.33843 -4.95324 172 0.529925 0.299544 
7 0.759759 -5.08223 173 0.556459 0.184491 
7 -0.518283 -3.0968 179 0.206763 -0.086662 
7 0.741437 -4.00824 180 0.371543 0.186707 
7 -0.563655 -4.89557 181 0.538228 -0.0799588 
7 0.831841 -5.58946 182 0.636227 0.195701 
7 1.69172 -5.79597 183 0.659478 0.356981 
7 -0.443496 -0.586995 184 -0.390445 -0.0957393 
7 -1.20096 -0.713027 185 -0.351894 -0.291625 
7 -0.746732 -0.782938 186 -0.335107 -0.171777 
7 0.0865561 -4.29161 189 0.428354 0.0500133 
7 -1.97934 -4.46413 190 0.477837 -0.379362 
7 -1.56385 -0.742436 193 -0.341973 -0.386116 
7 -1.07027 0.309808 197 -0.654287 -0.282549 
7 1.83558 -1.14915 198 -0.252673 0.474171 
