-5.37012 0.037908 7 24 0.670874 -0.240672 
-5.21106 1.44812 7 29 0.641676 0.0575636 
-5.40598 0.152698 7 30 0.657691 -0.216032 
-5.875 -0.508694 7 36 0.589279 -0.353189 
-5.59816 -0.619665 7 42 0.65087 -0.382512 
-6.33365 0.109205 7 44 0.485609 -0.229342 
-6.25916 0.145289 7 48 0.496518 -0.222338 
-7 0.21307 2.3409 51 -0.442501 -0.311109 
-7 -0.503339 4.01391 52 -0.0416448 -0.42806 
-7 -0.64261 4.44771 54 0.0428538 -0.442476 
-7 -0.441068 2.32778 56 -0.446982 -0.493429 
-7 1.81819 2.50338 57 -0.399671 0.0839756 
-7 1.50288 1.91462 59 -0.559603 0.0164369 
-7 0.78654 5.75191 68 0.216821 -0.128385 
-7 -0.100249 4.19611 69 -0.0135408 -0.330015 
-7 -0.527577 4.46053 71 0.0429015 -0.416176 
-7 -0.14175 5.47309 72 0.19879 -0.305353 
-7 1.61955 6.53315 73 0.296875 0.0115473 
-7 1.51818 2.67054 81 -0.357728 0.0144244 
-7 0.883221 6.2108 82 0.274815 -0.108866 
-7 -0.72299 3.2493 84 -0.203499 -0.518717 
-7 1.48523 2.57162 86 -0.382087 0.0075587 
-7 1.20864 2.59145 88 -0.376524 -0.0568802 
-7 1.46933 5.82185 93 0.211046 -0.0101226 
-7 -0.576654 5.65743 96 0.235944 -0.385841 
