-7 -1.03485 -3.75523 61 600.145 92.9973 
-7 0.0943094 -5.21035 64 460.3 227.888 
-7 1.11392 -6.02536 65 403.399 315.524 
-7 0.886694 -5.35798 67 451.949 298.165 
-7 1.34911 -4.82912 74 500.251 343.224 
-7 0.694743 -5.33965 78 452.548 281.281 
-7 1.12101 -6.65735 79 363.332 313.865 
-7 -1.84392 -6.0007 85 394.425 81.5795 
-7 -0.295975 -5.19552 90 459.686 193.44 
-7 1.40697 -4.3308 91 550.989 353.664 
-7 0.592834 -6.66606 94 361.23 274.164 
-7 -1.20087 -3.87679 97 584.23 79.5291 
-7 -0.609874 -5.90804 100 405.043 176.256 
-3.17768 1.79522 -7 101 24.5017 446.664 
-5.46333 -1.29075 -7 102 250.438 118.419 
-4.55559 -0.250499 -7 105 181.63 199.862 
-5.09885 0.316864 -7 107 227.532 255.282 
-6.22725 1.4028 -7 110 304.526 341.1 
-5.05591 -0.451909 -7 117 222.692 185.459 
-3.56835 0.827876 -7 121 78.0998 316.103 
-6.20015 -0.954561 -7 122 297.034 156.121 
-3.11373 -0.303232 -7 130 16.3347 178.256 
-3.58737 1.4874 -7 135 80.7282 394.562 
-6.2831 -0.370457 -7 140 303.146 201.707 
-5.05277 -1.83336 -7 148 219.757 63.0614 
-6.46998 0.52855 -7 150 315.643 271.012 
