7 0.36994 -1.65205 155 459.527 207.115 
7 0.947338 -0.351981 158 313.616 270.011 
7 0.343459 -2.54532 160 557.215 204.361 
7 -0.647617 -0.188366 161 295.041 85.0487 
7 1.08732 -1.94397 162 484.5 283.559 
7 -0.724268 -3.10497 165 636.178 80.7296 
7 0.725336 0.960833 171 164.922 246.6 
7 1.97211 0.0439567 176 271.369 373.71 
7 1.44234 0.716532 178 197.038 322.394 
7 -0.518283 -3.0968 179 631.434 105.733 
7 -0.443496 -0.586995 184 342.512 111.196 
7 -1.20096 -0.713027 185 359.945 14.0534 
7 -0.746732 -0.782938 186 366.77 73.5779 
7 -1.07027 0.309808 197 232.703 28.8204 
7 1.83558 -1.14915 198 396.224 358.66 
