-4.57399 -6.07762 1.59563 258 445.47 435.26 
-5.66157 -4.19387 -0.652214 270 176.859 189.09 
-4.57341 -6.07862 1.60241 272 446.345 436.18 
-5.67473 -4.17108 -1.85136 273 164.122 33.221 
-5.23237 -4.93727 0.70564 274 295.608 353.528 
-6.17442 -3.3056 1.44019 275 52.7849 474.298 
-3.88769 -7.26632 -1.50954 277 575.513 86.8268 
-4.24528 -6.64697 0.694015 279 509.424 330.1 
-5.01096 -5.32075 -0.777348 280 341.604 170.153 
-6.14897 -3.34967 0.179673 281 47.0526 306.998 
-5.29575 -4.82749 -1.96199 288 263.952 23.0662 
-4.95189 -5.42307 -0.262658 289 355.925 233.825 
-4.9932 -5.35153 -1.23628 292 341.855 114.186 
-6.06852 -3.48901 -1.9959 298 51.2866 9.74816 
-6.1528 -3.34303 -1.89329 303 27.4722 21.4008 
-3.93868 -7.178 -1.57121 306 564.359 79.8157 
-6.04128 -3.53619 -1.20014 309 66.8868 119.558 
-5.13363 -5.10828 -1.10309 312 310.93 132.581 
-3.63057 -7.71167 -1.43695 316 622.81 93.5733 
-4.92427 -5.47091 0.898447 318 367.691 367.757 
-4.81248 -5.66455 -1.64507 319 381.868 65.7496 
-4.10365 -6.89227 -1.45523 322 532.227 91.726 
-4.30377 -6.54565 0.385968 326 496.535 296.454 
-5.23373 -4.93491 -1.84234 327 280.628 39.1776 
-5.70343 -4.12137 0.704539 329 176.246 363.813 
-4.07384 -6.9439 0.0649336 330 542.419 262.525 
-4.85494 -5.591 -1.94807 331 372.049 28.1937 
-5.49704 -4.47884 -1.16972 335 218.869 123.204 
-4.50583 -6.19567 0.376914 336 455.035 300.233 
-4.09708 -6.90364 0.281542 338 537.174 282.21 
-3.77569 -7.46032 0.825581 340 597.309 335.972 
-4.16753 -6.78163 0.981089 341 527.33 358.064 
-5.29142 -4.83499 -0.290764 343 275.334 231.728 
-4.78378 -5.71426 0.966713 344 399.654 373.371 
-4.31667 -6.52331 1.57757 348 497.758 425.681 
-3.62005 -7.72989 0.845456 350 626.367 334.136 
-5.42884 -4.59697 1.28117 351 251.666 426.444 
-4.2793 -6.58803 -1.32765 353 497.948 107.688 
-5.36533 -4.70697 -0.794508 356 254.335 169.301 
-4.93982 -5.44397 -1.05261 362 356.247 138.371 
-4.34584 -6.47278 1.58859 363 493.004 429.423 
-3.98712 -7.09411 0.170839 364 558.709 269.716 
-4.44212 -6.30602 -1.20213 365 464.079 118.862 
-5.20485 -4.98493 0.860305 376 303.491 371.517 
-5.40008 -4.64678 -1.78435 379 240.842 44.9698 
-5.0994 -5.16757 -0.624233 381 319.505 190.389 
-3.72571 -7.54688 0.335972 382 608.387 283.257 
-5.96156 -3.67428 1.39164 385 111.936 458.099 
-4.55591 -6.10892 1.47438 387 447.808 422.648 
-5.24676 -4.91235 0.215207 389 289.106 294.384 
-4.97755 -5.37862 1.00983 392 355.298 382.383 
-4.85021 -5.5992 -1.40794 394 374.726 94.2237 
-5.6307 -4.24734 -0.845678 398 184.529 165.042 
-4.67743 -5.89845 0.0191106 408 418.569 262.537 
-4.7162 -5.8313 -1.22464 411 406.647 118.58 
-4.24744 -6.64321 -1.92173 418 502.417 36.1901 
-4.59318 -6.04438 0.332137 419 437.068 297.203 
-5.68549 -4.15243 -1.43883 421 165.806 87.8328 
-6.09064 -3.4507 -1.01841 424 54.8331 145.068 
-4.10084 -6.89714 -0.211774 427 537.081 229.705 
-3.57786 -7.80296 1.13653 429 634.878 364.382 
-6.00176 -3.60464 0.426871 430 92.4324 337.12 
-4.2527 -6.63411 -0.951124 431 504.362 148.104 
-4.54469 -6.12836 -1.52013 432 443.199 81.8308 
-3.71801 -7.56021 -1.73791 433 606.569 62.3646 
-5.71018 -4.10968 -1.61545 434 159.004 63.9982 
-5.16969 -5.04583 -0.141549 437 306.337 250.166 
-4.68557 -5.88436 -1.8811 438 409.994 39.3085 
-4.8407 -5.61566 -0.0396453 440 382.754 256.617 
-5.69392 -4.13784 -0.92901 443 166.669 154.369 
-6.23335 -3.20352 -1.64394 444 4.05591 53.6786 
-4.21563 -6.69831 -0.927394 445 510.445 150.681 
-4.75369 -5.76637 0.970583 446 405.126 372.502 
-4.02746 -7.02424 -1.63148 447 550.255 72.5126 
-4.46089 -6.27351 1.45209 451 468.14 419.224 
-6.03331 -3.55 -0.591601 458 73.8599 202.879 
-5.32858 -4.77062 -1.23715 462 260.565 116.358 
-5.60301 -4.2953 -1.17858 464 190.303 121.847 
-5.68074 -4.16068 0.111245 466 177.954 288.127 
-5.94183 -3.70845 -0.699449 468 100.368 186.51 
-4.41902 -6.34603 0.58457 470 474.89 321.314 
-5.14801 -5.08339 0.214391 472 311.446 292.039 
-5.88723 -3.80302 -0.421933 473 117.595 223.574 
-4.6459 -5.95307 0.77707 474 428.501 347.454 
-3.62908 -7.71426 0.283949 480 625.626 276.187 
-4.72984 -5.80768 1.01961 483 409.241 376.662 
-3.75747 -7.49188 -0.114405 484 601.551 236.207 
-5.72951 -4.0762 -0.498216 489 160.263 212.113 
-4.07094 -6.94893 1.07534 490 543.383 367.058 
-4.92481 -5.46997 -1.54112 491 358.342 79.3865 
-3.63585 -7.70252 0.600044 494 622.914 310.333 
-5.30136 -4.81777 0.489233 495 277.842 328.092 
-3.6271 -7.71768 0.36592 497 624.528 285.348 
-3.9326 -7.18855 1.52347 500 571.867 412.316 
