5.64257 -0.481715 -7 109 0.264214 0.0226654 
6.30632 -1.54879 -7 115 0.14896 -0.139103 
4.50714 -1.04124 -7 119 0.451418 -0.130539 
4.46367 -0.542201 -7 125 0.47814 -0.0244033 
6.6867 0.183154 -7 127 0.139373 0.151879 
6.46481 -1.88245 -7 128 0.123257 -0.185376 
3.77354 -0.887468 -7 133 0.635155 -0.138292 
6.08103 -0.977971 -7 134 0.190041 -0.0526696 
4.29646 -0.0380129 -7 139 0.534996 0.0845806 
6.59087 -1.1778 -7 141 0.122909 -0.0690471 
4.8725 1.3091 -7 142 0.454458 0.384963 
6.26277 1.2623 -7 143 0.217098 0.339596 
6.4687 -1.97232 -7 149 0.120999 -0.199321 
7 -0.0623122 -3.31422 152 -0.546198 0.204147 
7 -1.59791 -6.35011 157 -0.00722948 -0.12464 
7 1.75895 -5.06184 159 -0.133607 0.51659 
7 0.863395 -4.44339 163 -0.26575 0.36517 
7 -0.724268 -3.10497 165 -0.614291 0.0463151 
7 -0.863938 -6.09367 166 -0.0273083 -0.00558273 
7 1.33843 -4.95324 172 -0.160796 0.436586 
7 0.759759 -5.08223 173 -0.149606 0.312481 
7 -0.518283 -3.0968 179 -0.613935 0.0975915 
7 0.741437 -4.00824 180 -0.360564 0.362151 
7 -0.563655 -4.89557 181 -0.206613 0.0577814 
7 0.831841 -5.58946 182 -0.0668547 0.305168 
7 1.69172 -5.79597 183 -0.0192834 0.456783 
7 0.0865561 -4.29161 189 -0.310711 0.203816 
7 -1.97934 -4.46413 190 -0.311193 -0.218412 
7 0.781169 -6.98961 200 0.114188 0.248535 
