-7 0.21307 2.3409 51 515.741 398.807 
-7 -0.29883 -1.326 55 79.527 342.951 
-7 -0.441068 2.32778 56 507.46 321.818 
-7 -1.05185 -1.49538 60 67.0764 252.313 
-7 -1.45394 1.58819 66 420.172 210.744 
-7 -1.07602 2.04225 70 471.058 251.411 
-7 -1.87164 2.51938 75 513.328 169.56 
-7 0.577231 -1.47952 76 48.5657 458.321 
-7 -1.9255 2.82609 83 543.474 164.85 
-7 -0.72299 3.2493 84 601.346 289.87 
-7 -0.166603 0.216342 87 268.572 356.923 
-7 0.312724 -0.335245 92 199.434 418.781 
-7 -1.0576 1.73598 99 438.431 253.26 
