-4.80195 0.41523 7 21 0.522928 -0.049913 
-5.92999 -1.73451 7 23 0.35627 -0.481274 
-5.37012 0.037908 7 24 0.419421 -0.136067 
-5.21106 1.44812 7 29 0.41959 0.142041 
-5.40598 0.152698 7 30 0.410669 -0.113605 
-5.875 -0.508694 7 36 0.343858 -0.241972 
-5.59816 -0.619665 7 42 0.391914 -0.266769 
-6.33365 0.109205 7 44 0.26699 -0.129619 
-6.25916 0.145289 7 48 0.276711 -0.122805 
-7 -0.503339 4.01391 52 -0.271443 -0.284557 
-7 -0.64261 4.44771 54 -0.183356 -0.30459 
-7 1.81819 2.50338 57 -0.635453 0.268259 
-7 0.78654 5.75191 68 0.0223167 -0.0201101 
-7 -0.100249 4.19611 69 -0.233886 -0.19227 
-7 -0.527577 4.46053 71 -0.181202 -0.279534 
-7 -0.14175 5.47309 72 -0.0113224 -0.186732 
-7 1.61955 6.53315 73 0.11563 0.105125 
-7 1.51818 2.67054 81 -0.591071 0.189957 
-7 0.883221 6.2108 82 0.0826405 -0.0074727 
-7 -0.72299 3.2493 84 -0.453584 -0.360679 
-7 1.48523 2.57162 86 -0.619933 0.186125 
-7 1.20864 2.59145 88 -0.617752 0.118708 
-7 1.46933 5.82185 93 0.0268132 0.0942303 
-7 -0.576654 5.65743 96 0.0192754 -0.265397 
