1.69792 -0.977731 -7 104 313.044 177.912 
2.77254 -1.94854 -7 108 189.746 60.1208 
2.26927 0.767181 -7 111 225.342 416.814 
2.74139 -0.240151 -7 113 177.644 274.2 
4.50714 -1.04124 -7 119 7.15873 174.676 
2.98659 0.138239 -7 123 146.063 321.832 
0.474792 -0.485198 -7 124 492.275 251.014 
4.46367 -0.542201 -7 125 5.12485 231.008 
3.77354 -0.887468 -7 133 74.2556 191.516 
1.03314 -1.58354 -7 136 409.22 90.931 
0.97797 0.750031 -7 138 406.953 438.674 
4.29646 -0.0380129 -7 139 14.3868 290.212 
1.9715 1.13953 -7 144 260.814 476.922 
1.45576 0.553777 -7 145 336.494 399.311 
0.206379 -1.0164 -7 147 538.299 169.112 
