-6.30704 4.44153 1.88748 3 -0.605487 0.354024 
-7.56816 3.71342 -1.91336 13 -0.27785 -0.452351 
-7.32861 3.85173 1.20236 16 -0.338406 0.156636 
-8.8069 2.99824 -0.956076 24 -0.0705322 -0.223531 
-8.89169 2.94928 -0.604829 26 -0.0626148 -0.160771 
-7.27042 3.88532 -0.762006 28 -0.344159 -0.238941 
-9.15905 2.79493 1.33263 40 -0.0299855 0.141007 
-6.52013 4.31851 -0.668232 44 -0.537673 -0.249296 
-8.69401 3.06342 -0.315471 46 -0.092734 -0.121613 
-9.17118 2.78792 0.352843 50 -0.030631 -0.00810603 
-6.99514 4.04426 0.162238 53 -0.408888 -0.0527498 
-7.12929 3.9668 -0.413303 57 -0.37734 -0.172745 
-7.76282 3.60104 -1.23079 58 -0.244449 -0.311206 
-9.06868 2.8471 0.616604 61 -0.0427124 0.0300583 
-6.35552 4.41354 0.367926 65 -0.586825 -0.0100032 
-8.32689 3.27537 0.102633 68 -0.147492 -0.0531529 
-9.53193 2.57964 -0.151691 69 0.0177784 -0.0835643 
-6.73615 4.19379 -0.772225 73 -0.476792 -0.267028 
-8.43422 3.2134 0.143156 79 -0.131672 -0.0464297 
-7.01524 4.03265 0.767731 80 -0.407831 0.0776622 
-6.84889 4.1287 -1.69131 81 -0.446848 -0.465215 
-8.57211 3.13379 0.696853 83 -0.109548 0.0495653 
-9.48597 2.60618 0.402373 91 0.0119431 -0.00518274 
-7.84704 3.55241 -1.4571 93 -0.224887 -0.347909 
-6.07518 4.57539 0.411442 94 -0.677173 -0.00242046 
-6.7471 4.18746 0.728183 95 -0.476721 0.0659316 
-6.83682 4.13566 0.932129 96 -0.451254 0.109202 
-8.21684 3.33891 0.855065 98 -0.167797 0.0749654 
-8.30606 3.2874 -0.374033 103 -0.15177 -0.141096 
-6.83515 4.13663 0.928504 104 -0.45571 0.106134 
-9.49264 2.60233 0.71894 111 0.00705898 0.0431541 
-6.45698 4.35497 0.0373591 113 -0.554389 -0.0917911 
-7.76272 3.6011 -1.33649 124 -0.243553 -0.330273 
-9.4138 2.64784 -0.749638 127 0.00656589 -0.171586 
-6.48824 4.33692 0.602459 130 -0.549243 0.0490277 
-9.10665 2.82518 -0.067222 132 -0.0395967 -0.0764624 
-8.31486 3.28232 -0.998132 134 -0.14595 -0.241833 
-7.54306 3.72791 -0.636474 136 -0.287342 -0.202948 
-8.32648 3.27561 -0.916176 137 -0.145787 -0.226126 
-7.75055 3.60812 0.607921 138 -0.248432 0.0316589 
-8.89144 2.94943 -0.995818 139 -0.0597076 -0.224621 
-8.50915 3.17015 -1.43562 142 -0.115619 -0.31118 
-6.25679 4.47054 0.905937 144 -0.619513 0.119355 
-8.55092 3.14603 -1.2267 145 -0.110636 -0.277667 
-9.27136 2.73008 -1.79969 152 -0.0127108 -0.338913 
-7.61388 3.68703 -1.43304 154 -0.269894 -0.356192 
-8.81769 2.99201 -0.933105 158 -0.0716339 -0.216827 
-6.08649 4.56887 1.43535 170 -0.676519 0.254534 
-6.68884 4.2211 0.597207 171 -0.489906 0.0379543 
-7.21392 3.91795 1.54448 173 -0.363872 0.231211 
-7.83448 3.55966 -0.735079 174 -0.229 -0.212448 
-9.09008 2.83474 -1.5709 176 -0.0363472 -0.310904 
-6.73975 4.1917 -1.74479 178 -0.47256 -0.484776 
-7.69247 3.64165 -1.44056 186 -0.254928 -0.353821 
-6.79289 4.16102 0.492295 190 -0.464154 0.0113583 
-8.58962 3.12368 -0.807997 201 -0.105402 -0.20415 
-9.31972 2.70216 0.881481 208 -0.0129049 0.0696013 
-6.12407 4.54717 1.70161 211 -0.664372 0.319576 
-6.59885 4.27306 -1.66716 216 -0.509776 -0.478343 
-7.86451 3.54233 1.45463 223 -0.228477 0.187452 
-7.66224 3.65911 -1.56845 226 -0.261862 -0.381482 
-7.55688 3.71994 1.11487 232 -0.284587 0.134961 
-6.86074 4.12186 0.00652214 233 -0.444395 -0.0859671 
-8.6765 3.07352 1.96596 234 -0.0982217 0.256087 
-7.02658 4.02611 -1.06432 239 -0.402293 -0.313329 
-8.03402 3.44446 -0.562411 242 -0.199586 -0.177459 
-8.14068 3.38288 -0.0878003 245 -0.177375 -0.0894593 
-6.54441 4.30449 1.25315 248 -0.531402 0.192843 
-8.26463 0.314754 1.16404 251 0.390819 0.162444 
-9.1587 1.86333 -0.988996 253 0.117498 -0.225111 
-8.41737 0.579321 1.27562 256 0.333402 0.177703 
-9.52122 2.49124 -1.0717 257 0.0321993 -0.217955 
-8.93601 1.47762 -0.633868 259 0.176238 -0.165351 
-9.30328 2.11375 1.73712 262 0.0727134 0.20493 
-8.62862 0.94521 0.119044 265 0.268285 -0.0449263 
-9.05625 1.68588 -1.53396 267 0.149393 -0.318401 
-9.13681 1.82542 0.452008 276 0.119448 0.0105746 
-8.62523 0.939344 -1.18054 287 0.27321 -0.277623 
-8.12164 0.0670859 0.804812 290 0.448543 0.0969139 
-8.26682 0.318554 -1.13985 297 0.405412 -0.296243 
-8.648 0.978768 1.29878 299 0.256156 0.167312 
-7.95776 -0.216756 -0.267516 301 0.533677 -0.126796 
-8.24121 0.274194 1.30161 302 0.40112 0.192464 
-7.75587 -0.566441 -1.28568 308 0.640223 -0.374648 
-8.641 0.966654 -0.16123 311 0.264385 -0.0898744 
-9.31057 2.12638 -0.0551822 313 0.0765316 -0.071459 
-8.81253 1.26375 -0.857651 325 0.209722 -0.210293 
-7.72464 -0.62053 -0.0248013 332 0.650492 -0.0805193 
-7.68847 -0.683171 1.35649 337 0.65762 0.247207 
-7.95987 -0.213096 0.306596 339 0.527049 -0.00765077 
-8.52917 0.772963 -1.76171 342 0.304651 -0.398949 
-7.96405 -0.205854 1.31542 346 0.516401 0.210501 
-8.12381 0.0708475 -1.49958 347 0.462346 -0.385068 
-8.00123 -0.141456 -0.325795 349 0.515452 -0.139285 
-8.82998 1.29397 -1.283 359 0.209258 -0.285301 
-8.26227 0.31067 0.618929 366 0.399345 0.055506 
-8.81299 1.26454 1.68087 370 0.201467 0.222829 
-7.92892 -0.2667 1.10434 372 0.538252 0.17065 
-8.43087 0.60269 -0.733047 375 0.339979 -0.207475 
-9.0577 1.6884 -0.174837 377 0.143296 -0.096223 
-8.19099 0.187209 -1.2445 378 0.433468 -0.326448 
-9.37546 2.23878 -1.18001 383 0.0649068 -0.242651 
-8.12127 0.0664484 1.25361 388 0.452774 0.18692 
-9.14202 1.83445 -1.39071 391 0.127416 -0.287354 
-9.48121 2.42194 -1.26659 396 0.0395517 -0.248545 
-8.52092 0.758672 -1.7528 399 0.306627 -0.393511 
-9.44529 2.35972 -1.11888 402 0.0527714 -0.2304 
-7.81782 -0.459131 0.076778 403 0.600854 -0.05618 
-8.91993 1.44977 0.165011 413 0.171713 -0.037424 
-8.21371 0.226557 -0.790225 417 0.422018 -0.230593 
-7.84199 -0.417283 -1.30465 420 0.595308 -0.367301 
-9.51944 2.48816 0.340095 422 0.0266573 -0.00929934 
-7.91669 -0.287895 -0.0147918 423 0.54867 -0.0737814 
-8.92471 1.45805 -1.88576 426 0.180847 -0.383335 
-8.05966 -0.0402563 -0.2345 439 0.482224 -0.124936 
-9.40694 2.29329 1.83376 448 0.0501316 0.213282 
-8.18295 0.173293 -0.148578 455 0.432457 -0.0988585 
-8.15687 0.12812 0.541817 457 0.440696 0.0437577 
-8.06618 -0.0289635 1.04644 461 0.472517 0.147596 
-8.66593 1.00983 0.45259 465 0.252779 0.018424 
-9.45274 2.37263 -1.8729 469 0.0528506 -0.343472 
-9.08866 1.74202 1.71988 475 0.127743 0.212882 
-7.72533 -0.619337 0.904189 476 0.64435 0.136861 
-8.78933 1.22356 1.82285 477 0.208467 0.253843 
-7.83655 -0.426699 0.919261 479 0.581447 0.129058 
-8.11594 0.0572182 0.887934 486 0.453251 0.11227 
-8.80838 1.25656 1.8581 487 0.205947 0.255428 
-9.2531 2.02685 -1.52478 488 0.0985027 -0.300657 
-9.11496 1.78758 0.0633076 493 0.126019 -0.0530064 
-9.55916 2.55695 -0.634717 496 0.0231265 -0.157591 
-9.00888 1.60385 -0.973121 498 0.159853 -0.222376 
