1.69792 -0.977731 -7 104 -0.54036 -0.137009 
2.26927 0.767181 -7 111 -0.627426 0.464978 
-0.689565 -1.47331 -7 112 0.196164 -0.447396 
-0.235026 1.16667 -7 114 0.218854 0.448653 
-0.0787955 1.33173 -7 116 0.177428 0.514211 
0.474792 -0.485198 -7 124 -0.120165 -0.0553536 
-1.05355 -1.5594 -7 126 0.309163 -0.498663 
-1.59533 0.795126 -7 132 0.652417 0.238808 
1.03314 -1.58354 -7 136 -0.363517 -0.370883 
0.97797 0.750031 -7 138 -0.209442 0.38199 
1.45576 0.553777 -7 145 -0.376724 0.345592 
-0.615215 -0.161545 -7 146 0.257336 -0.0184498 
0.206379 -1.0164 -7 147 -0.0656119 -0.2436 
