5.64257 -0.481715 -7 109 306.738 185.713 
2.74139 -0.240151 -7 113 586.633 213.021 
6.30632 -1.54879 -7 115 267.113 99.7605 
4.50714 -1.04124 -7 119 390.391 127.783 
2.98659 0.138239 -7 123 549.457 259.22 
4.46367 -0.542201 -7 125 393.361 178.207 
6.6867 0.183154 -7 127 249.256 236.908 
6.46481 -1.88245 -7 128 258.228 74.2112 
3.77354 -0.887468 -7 133 460.142 137.562 
6.08103 -0.977971 -7 134 280.196 145.225 
3.34213 1.4046 -7 137 498.925 397.537 
4.29646 -0.0380129 -7 139 407.102 229.293 
6.59087 -1.1778 -7 141 252.461 132.232 
4.8725 1.3091 -7 142 358.809 348.958 
6.26277 1.2623 -7 143 271.96 321.854 
6.4687 -1.97232 -7 149 257.923 66.8787 
7 -1.59791 -6.35011 157 189.641 95.128 
7 1.75895 -5.06184 159 96.0855 390.973 
7 0.863395 -4.44339 163 26.7246 322.921 
7 -0.863938 -6.09367 166 172.897 154.165 
7 1.33843 -4.95324 172 83.7685 356.34 
7 0.759759 -5.08223 173 93.4891 301.011 
7 -0.563655 -4.89557 181 68.2333 176.465 
7 0.831841 -5.58946 182 138.647 299.467 
7 1.69172 -5.79597 183 157.674 366.17 
7 0.0865561 -4.29161 189 2.93601 244.959 
7 -1.97934 -4.46413 190 9.49111 19.2343 
7 0.781169 -6.98961 200 234.595 278.496 
