-6.33365 0.109205 7 44 0.638684 -0.195972 
-6.25916 0.145289 7 48 0.651038 -0.188733 
-7 0.21307 2.3409 51 -0.269811 -0.267343 
-7 -0.503339 4.01391 52 0.106082 -0.386879 
-7 -0.64261 4.44771 54 0.187869 -0.402962 
-7 -0.441068 2.32778 56 -0.267633 -0.439113 
-7 1.81819 2.50338 57 -0.244356 0.111409 
-7 1.50288 1.91462 59 -0.386484 0.0442839 
-7 0.78654 5.75191 68 0.353042 -0.0934501 
-7 -0.100249 4.19611 69 0.130637 -0.291836 
-7 -0.527577 4.46053 71 0.187305 -0.377245 
-7 -0.14175 5.47309 72 0.338401 -0.270703 
-7 1.61955 6.53315 73 0.431688 0.0490694 
-7 1.51818 2.67054 81 -0.203524 0.0445199 
-7 0.883221 6.2108 82 0.411308 -0.0736721 
-7 -0.72299 3.2493 84 -0.0442979 -0.469884 
-7 1.48523 2.57162 86 -0.22567 0.0376122 
-7 1.20864 2.59145 88 -0.218423 -0.0245977 
-7 1.46933 5.82185 93 0.344936 0.0260767 
-7 -0.576654 5.65743 96 0.377098 -0.351541 
