-7 -0.29883 -1.326 55 0.345338 -0.180216 
-7 0.46862 -2.98529 58 -0.048645 0.00169215 
-7 -1.05185 -1.49538 60 0.305471 -0.377604 
-7 -1.03485 -3.75523 61 -0.209406 -0.329165 
-7 -0.184126 -2.39523 62 0.0782332 -0.146208 
-7 1.26508 -0.184774 63 0.656478 0.239731 
-7 0.0943094 -5.21035 64 -0.447496 -0.0838517 
-7 1.11392 -6.02536 65 -0.552514 0.0983559 
-7 0.886694 -5.35798 67 -0.460168 0.0647074 
-7 1.34911 -4.82912 74 -0.373953 0.15718 
-7 0.577231 -1.47952 76 0.297798 0.0406008 
-7 0.694743 -5.33965 78 -0.459776 0.0293301 
-7 1.12101 -6.65735 79 -0.635893 0.0925361 
-7 0.821262 -3.48263 80 -0.145381 0.0722751 
-7 -1.84392 -6.0007 85 -0.592242 -0.457221 
-7 1.69039 -1.92004 89 0.184362 0.290156 
-7 -0.295975 -5.19552 90 -0.450009 -0.159904 
-7 1.40697 -4.3308 91 -0.292447 0.176478 
-7 0.312724 -0.335245 92 0.627525 -0.0168442 
-7 0.592834 -6.66606 94 -0.645004 0.00205588 
-7 -1.56958 -3.12031 95 -0.0845395 -0.468231 
-7 -1.20087 -3.87679 97 -0.233792 -0.364437 
-7 1.52805 -2.92335 98 -0.0329222 0.229149 
-7 -0.609874 -5.90804 100 -0.560378 -0.216797 
