-7 0.21307 2.3409 51 -0.0353664 -0.00601957 
-7 -0.503339 4.01391 52 0.310272 -0.148322 
-7 -0.64261 4.44771 54 0.388721 -0.171262 
-7 -0.441068 2.32778 56 -0.0321639 -0.159557 
-7 1.81819 2.50338 57 -0.0146418 0.354515 
-7 1.50288 1.91462 59 -0.144197 0.294088 
-7 -1.45394 1.58819 66 -0.201624 -0.429801 
-7 0.78654 5.75191 68 0.574604 0.115364 
-7 -0.100249 4.19611 69 0.33751 -0.0618883 
-7 -1.07602 2.04225 70 -0.0926524 -0.319405 
-7 -0.527577 4.46053 71 0.389324 -0.147327 
-7 -0.14175 5.47309 72 0.546991 -0.0601486 
-7 1.61955 6.53315 73 0.671061 0.259549 
-7 -1.87164 2.51938 75 0.0253309 -0.498279 
-7 1.51818 2.67054 81 0.0238848 0.286141 
-7 0.883221 6.2108 82 0.638448 0.131639 
-7 -1.9255 2.82609 83 0.0933256 -0.49903 
-7 -0.72299 3.2493 84 0.167299 -0.20847 
-7 1.48523 2.57162 86 0.00316343 0.280329 
-7 -0.166603 0.216342 87 -0.594577 -0.123517 
-7 1.20864 2.59145 88 0.0100819 0.219044 
-7 1.46933 5.82185 93 0.574637 0.239814 
-7 -0.576654 5.65743 96 0.581274 -0.14186 
-7 -1.0576 1.73598 99 -0.16735 -0.323616 
