-7 0.0943094 -5.21035 64 617.801 354.337 
-7 1.11392 -6.02536 65 534.103 437.559 
-7 0.886694 -5.35798 67 599.848 433.15 
-7 0.694743 -5.33965 78 602.301 413.614 
-7 1.12101 -6.65735 79 483.854 423.074 
-7 -1.84392 -6.0007 85 547.565 180.293 
-7 -0.295975 -5.19552 90 620.159 315.113 
-7 0.592834 -6.66606 94 485.943 378.344 
-7 -0.609874 -5.90804 100 551.045 282.716 
-5.46333 -1.29075 -7 102 393.067 205.163 
-4.55559 -0.250499 -7 105 320.511 283.853 
-2.11042 -0.0563179 -7 106 40.9789 265.766 
-5.09885 0.316864 -7 107 354.809 343.552 
-6.22725 1.4028 -7 110 417.528 443.23 
-5.05591 -0.451909 -7 117 359.37 271.43 
-3.07632 -1.96878 -7 120 210.878 69.6036 
-3.56835 0.827876 -7 121 214.002 394.003 
-6.20015 -0.954561 -7 122 432.248 244.9 
-2.10211 -0.684594 -7 129 57.9935 179.756 
-3.11373 -0.303232 -7 130 184.326 255.022 
-3.58737 1.4874 -7 135 204.022 475.29 
-6.2831 -0.370457 -7 140 432.841 292.52 
-5.05277 -1.83336 -7 148 371.976 150.356 
-6.46998 0.52855 -7 150 436.922 367.333 
