-7 0.0943094 -5.21035 64 0.484299 0.103838 
-7 1.11392 -6.02536 65 0.33385 0.292278 
-7 0.886694 -5.35798 67 0.456582 0.264947 
-7 1.34911 -4.82912 74 0.576093 0.386213 
-7 0.694743 -5.33965 78 0.459754 0.225591 
-7 1.12101 -6.65735 79 0.236455 0.277544 
-7 -1.84392 -6.0007 85 0.339305 -0.233283 
-7 -0.295975 -5.19552 90 0.485976 0.0250256 
-7 0.592834 -6.66606 94 0.236691 0.186227 
-7 -0.609874 -5.90804 100 0.353968 -0.0243869 
-3.17768 1.79522 -7 101 -0.489251 0.51435 
-5.46333 -1.29075 -7 102 0.0224252 -0.168826 
-4.55559 -0.250499 -7 105 -0.129107 -0.00186327 
-5.09885 0.316864 -7 107 -0.0459091 0.123675 
-6.22725 1.4028 -7 110 0.101532 0.328154 
-5.05591 -0.451909 -7 117 -0.0442457 -0.0284984 
-3.07632 -1.96878 -7 120 -0.408518 -0.470341 
-3.56835 0.827876 -7 121 -0.355733 0.235598 
-6.20015 -0.954561 -7 122 0.112251 -0.0845129 
-3.11373 -0.303232 -7 130 -0.443936 -0.0633123 
-3.58737 1.4874 -7 135 -0.367383 0.408792 
-6.2831 -0.370457 -7 140 0.118575 0.0152454 
-5.05277 -1.83336 -7 148 -0.03043 -0.286307 
-6.46998 0.52855 -7 150 0.135193 0.170693 
