-5.46333 -1.29075 -7 102 0.542204 -0.0948774 
-4.55559 -0.250499 -7 105 0.368711 0.102034 
-2.11042 -0.0563179 -7 106 -0.177493 0.0907918 
-5.09885 0.316864 -7 107 0.439124 0.234245 
-6.22725 1.4028 -7 110 0.568623 0.454494 
-0.689565 -1.47331 -7 112 -0.591402 -0.452246 
-5.05591 -0.451909 -7 117 0.4563 0.0691117 
-3.07632 -1.96878 -7 120 0.142697 -0.379528 
-3.56835 0.827876 -7 121 0.144768 0.345277 
-6.20015 -0.954561 -7 122 0.631158 -0.00433084 
-1.05355 -1.5594 -7 126 -0.447836 -0.441552 
-2.10211 -0.684594 -7 129 -0.152733 -0.0915546 
-3.11373 -0.303232 -7 130 0.0876238 0.0528579 
-1.59533 0.795126 -7 132 -0.373762 0.338373 
-3.58737 1.4874 -7 135 0.124837 0.508331 
-6.2831 -0.370457 -7 140 0.625343 0.110654 
-0.615215 -0.161545 -7 146 -0.691984 0.000870596 
-5.05277 -1.83336 -7 148 0.49864 -0.226253 
-6.46998 0.52855 -7 150 0.623934 0.285218 
