-7 0.21307 2.3409 51 0.460649 0.34127 
-7 -0.29883 -1.326 55 -0.4856 0.217078 
-7 -0.441068 2.32778 56 0.440882 0.172965 
-7 -1.05185 -1.49538 60 -0.512347 0.0223932 
-7 -1.45394 1.58819 66 0.247863 -0.0684393 
-7 -1.07602 2.04225 70 0.359704 0.0196196 
-7 -1.87164 2.51938 75 0.450707 -0.158355 
-7 0.577231 -1.47952 76 -0.551465 0.465457 
-7 -1.86155 -2.22478 77 -0.677998 -0.17387 
-7 -1.9255 2.82609 83 0.516746 -0.168834 
-7 -0.72299 3.2493 84 0.647071 0.10337 
-7 -0.166603 0.216342 87 -0.0793406 0.248228 
-7 0.312724 -0.335245 92 -0.228061 0.38171 
-7 -1.0576 1.73598 99 0.288404 0.0237024 
