-7.4714 -1.05915 0.355818 260 72.7259 148.901 
-6.64917 -2.4833 -0.440182 261 254.85 63.8844 
-7.14741 -1.62032 1.76556 264 139.348 307.489 
-5.66157 -4.19387 -0.652214 270 510.786 44.9749 
-6.94006 -1.97946 1.55981 271 181.975 292.556 
-5.23237 -4.93727 0.70564 274 601.833 233.454 
-6.17442 -3.3056 1.44019 275 353.66 299.258 
-6.35803 -2.98756 0.146678 278 321.775 141.471 
-6.14897 -3.34967 0.179673 281 371.429 150.144 
-6.80803 -2.20814 1.05615 282 212.25 239.059 
-5.29126 -4.83526 1.87037 284 561.654 372.737 
-6.95343 -1.95631 1.29159 291 179.917 262.962 
-6.93825 -1.9826 -0.53082 295 189.782 47.8449 
-6.74023 -2.32557 -0.914689 296 239.431 1.30182 
-7.01036 -1.8577 1.45833 300 170.902 279.463 
-7.19832 -1.53215 -0.65154 305 131.227 31.8738 
-6.64642 -2.48807 1.41126 310 244.528 284.463 
-7.11395 -1.67828 -0.473701 317 149.494 52.011 
-7.51344 -0.986333 -0.814325 323 62.6432 8.43922 
-7.53876 -0.942491 0.491179 328 58.7792 161.951 
-5.70343 -4.12137 0.704539 329 475.514 223.306 
-7.72464 -0.62053 -0.0248013 332 21.9782 100.336 
-7.68847 -0.683171 1.35649 337 30.7668 255.488 
-5.29142 -4.83499 -0.290764 343 606.489 99.3191 
-6.83154 -2.16742 0.486301 345 211.102 175.688 
-5.42884 -4.59697 1.28117 351 536.3 298.705 
-5.36533 -4.70697 -0.794508 356 598.932 28.8264 
-5.82827 -3.90515 1.73075 357 430.609 338.348 
-7.13206 -1.6469 0.386525 358 146.366 157.442 
-7.24008 -1.45982 0.239176 360 119.947 138.276 
-6.57086 -2.61894 0.112404 367 272.56 132.671 
-6.73207 -2.33972 -0.455992 369 236.685 61.2257 
-6.90193 -2.0455 0.150108 371 196.363 130.885 
-5.20485 -4.98493 0.860305 376 603.159 254.419 
-7.6338 -0.777869 -0.0587155 380 39.6333 97.3098 
-6.69448 -2.40482 0.483031 384 241.648 175.061 
-5.96156 -3.67428 1.39164 385 404.157 297.478 
-5.24676 -4.91235 0.215207 389 607.748 169.181 
-6.74479 -2.31769 0.740399 393 228.244 204.961 
-5.6307 -4.24734 -0.845678 398 525.339 19.3445 
-6.97577 -1.91761 -0.4901 401 181.551 53.8375 
-7.81782 -0.459131 0.076778 403 1.3644 112.89 
-7.52277 -0.970174 1.1088 406 62.9812 229.412 
-6.46686 -2.79907 -0.256321 409 300.614 89.6388 
-7.63883 -0.769162 -0.119058 410 36.0264 91.4255 
-6.97717 -1.91519 1.81959 414 173.446 317.308 
-6.00176 -3.60464 0.426871 430 405.982 182.274 
-6.84225 -2.14887 1.74644 436 202.86 313.818 
-5.16969 -5.04583 -0.141549 437 638.632 122.286 
-6.44049 -2.84475 -0.804824 441 309.967 19.2314 
-6.48803 -2.7624 0.108587 442 289.289 136.144 
-5.69392 -4.13784 -0.92901 443 506.23 6.61968 
-7.28007 -1.39054 -0.1606 450 112.734 91.5413 
-6.50928 -2.7256 -0.0902829 452 287.765 109.146 
-6.03331 -3.55 -0.591601 458 410.326 50.906 
-7.48055 -1.0433 0.202815 459 70.5209 129.773 
-6.65278 -2.47704 -0.576839 463 255.801 47.277 
-5.68074 -4.16068 0.111245 466 491.199 148.421 
-7.42117 -1.14615 0.204588 467 83.9142 131.575 
-5.94183 -3.70845 -0.699449 468 435.656 35.522 
-6.23302 -3.2041 1.90527 471 334.304 345.161 
-5.14801 -5.08339 0.214391 472 635.078 173.296 
-5.88723 -3.80302 -0.421933 473 448.077 74.5878 
-7.72533 -0.619337 0.904189 476 22.4504 204.158 
-7.83655 -0.426699 0.919261 479 1.59177 203.425 
-6.7498 -2.309 -0.746357 485 234.78 21.9687 
-5.72951 -4.0762 -0.498216 489 490.448 67.2954 
-5.30136 -4.81777 0.489233 495 587.747 202.948 
