1.69792 -0.977731 -7 104 346.119 151.46 
2.77254 -1.94854 -7 108 225.994 32.6307 
2.26927 0.767181 -7 111 251.946 384.529 
2.74139 -0.240151 -7 113 208.619 244.043 
4.50714 -1.04124 -7 119 44.6117 143.591 
2.98659 0.138239 -7 123 176.481 289.827 
0.474792 -0.485198 -7 124 526.271 227.901 
4.46367 -0.542201 -7 125 41.6255 198.394 
3.77354 -0.887468 -7 133 109.304 161.089 
1.03314 -1.58354 -7 136 446.706 65.4012 
3.34213 1.4046 -7 137 121.492 445.512 
0.97797 0.750031 -7 138 432.486 411.917 
4.29646 -0.0380129 -7 139 49.4526 255.979 
1.9715 1.13953 -7 144 285.319 444.117 
1.45576 0.553777 -7 145 362.879 370.948 
0.206379 -1.0164 -7 147 577.151 146.149 
