-1.97014 0.361326 7 3 380.815 288.711 
-2.93389 0.906698 7 9 261.804 354.212 
-2.14837 -1.21575 7 10 360.664 83.1464 
-0.578608 0.00250695 7 11 599.965 236.927 
-0.39693 -1.00404 7 12 628.436 76.7262 
-4.80195 0.41523 7 21 92.0028 286.175 
-3.28746 -0.347612 7 22 230.309 200.516 
-5.92999 -1.73451 7 23 28.724 85.6568 
-5.37012 0.037908 7 24 52.8769 247.254 
-5.21106 1.44812 7 29 53.5484 391.966 
-5.40598 0.152698 7 30 49.5076 258.584 
-2.84657 -0.836733 7 31 278.491 139.438 
-3.76175 1.7333 7 32 172.476 445.585 
-2.21352 -0.0799941 7 33 350.078 229.2 
-5.875 -0.508694 7 36 23.054 196.278 
-4.02466 -0.174699 7 39 160.032 222.959 
-3.22548 0.288125 7 40 233.55 275.686 
-5.59816 -0.619665 7 42 42.1143 184.511 
-3.26615 1.27581 7 43 224.412 396.957 
-2.70348 -0.732172 7 47 293.879 150.39 
