1.69792 -0.977731 -7 104 0.162146 -0.280076 
2.26927 0.767181 -7 111 -0.0627527 0.215751 
2.74139 -0.240151 -7 113 -0.146477 -0.084327 
4.50714 -1.04124 -7 119 -0.490303 -0.303463 
2.98659 0.138239 -7 123 -0.218348 0.0114714 
0.474792 -0.485198 -7 124 0.562185 -0.106366 
4.46367 -0.542201 -7 125 -0.498886 -0.18729 
3.77354 -0.887468 -7 133 -0.354292 -0.26473 
1.03314 -1.58354 -7 136 0.397772 -0.469276 
3.34213 1.4046 -7 137 -0.343315 0.332921 
0.97797 0.750031 -7 138 0.330199 0.287141 
4.29646 -0.0380129 -7 139 -0.484949 -0.0657271 
4.8725 1.3091 -7 142 -0.632136 0.232746 
1.9715 1.13953 -7 144 0.00481615 0.343337 
1.45576 0.553777 -7 145 0.179905 0.194721 
0.206379 -1.0164 -7 147 0.690082 -0.286619 
