-5.46333 -1.29075 -7 102 0.562156 -0.111169 
-4.55559 -0.250499 -7 105 0.388071 0.0875106 
-2.11042 -0.0563179 -7 106 -0.157201 0.0777807 
-5.09885 0.316864 -7 107 0.459051 0.219926 
-6.22725 1.4028 -7 110 0.589432 0.44031 
-0.689565 -1.47331 -7 112 -0.57213 -0.463361 
-5.05591 -0.451909 -7 117 0.475957 0.0542009 
-3.07632 -1.96878 -7 120 0.159639 -0.395821 
-3.56835 0.827876 -7 121 0.16494 0.331212 
-6.20015 -0.954561 -7 122 0.651971 -0.0202894 
-1.05355 -1.5594 -7 126 -0.429782 -0.453762 
-2.10211 -0.684594 -7 129 -0.133832 -0.104637 
-3.11373 -0.303232 -7 130 0.106562 0.0390518 
-1.59533 0.795126 -7 132 -0.349687 0.324586 
-3.58737 1.4874 -7 135 0.145814 0.49363 
-6.2831 -0.370457 -7 140 0.646186 0.0954737 
-0.615215 -0.161545 -7 146 -0.666657 -0.0101758 
-5.05277 -1.83336 -7 148 0.518031 -0.243487 
-6.46998 0.52855 -7 150 0.644892 0.270792 
