-2.93389 0.906698 7 9 0.536562 0.361769 
-2.14837 -1.21575 7 10 0.670336 -0.290031 
-4.80195 0.41523 7 21 0.0874351 0.236237 
-3.28746 -0.347612 7 22 0.372649 0.0283317 
-5.92999 -1.73451 7 23 -0.132482 -0.138982 
-5.37012 0.037908 7 24 -0.0132269 0.165605 
-5.21106 1.44812 7 29 0.0528573 0.449518 
-5.40598 0.152698 7 30 -0.0151556 0.188279 
-2.84657 -0.836733 7 31 0.46747 -0.122603 
-5.875 -0.508694 7 36 -0.0958984 0.0733454 
-4.02466 -0.174699 7 39 0.211548 0.094486 
-3.22548 0.288125 7 40 0.419723 0.191344 
-5.59816 -0.619665 7 42 -0.0629111 0.0462026 
-3.26615 1.27581 7 43 0.458625 0.458242 
-6.33365 0.109205 7 44 -0.136388 0.189877 
-2.70348 -0.732172 7 47 0.515394 -0.104203 
-6.25916 0.145289 7 48 -0.126803 0.195479 
-7 0.78654 5.75191 68 -0.384899 0.368967 
-7 -0.14175 5.47309 72 -0.457027 0.19773 
-7 1.61955 6.53315 73 -0.240227 0.47671 
-7 0.883221 6.2108 82 -0.30508 0.361519 
-7 1.46933 5.82185 93 -0.357533 0.500149 
-7 -0.576654 5.65743 96 -0.430709 0.108014 
