1.69792 -0.977731 -7 104 0.428873 -0.465298 
5.64257 -0.481715 -7 109 -0.462572 -0.35481 
2.26927 0.767181 -7 111 0.151439 0.0420007 
2.74139 -0.240151 -7 113 0.079774 -0.256858 
4.50714 -1.04124 -7 119 -0.262331 -0.474923 
2.98659 0.138239 -7 123 0.0013502 -0.161422 
4.46367 -0.542201 -7 125 -0.272895 -0.358325 
6.6867 0.183154 -7 127 -0.616047 -0.236824 
3.77354 -0.887468 -7 133 -0.127011 -0.438357 
6.08103 -0.977971 -7 134 -0.508708 -0.458227 
3.34213 1.4046 -7 137 -0.133791 0.14276 
0.97797 0.750031 -7 138 0.568882 0.126898 
4.29646 -0.0380129 -7 139 -0.261525 -0.238871 
6.59087 -1.1778 -7 141 -0.569048 -0.496701 
4.8725 1.3091 -7 142 -0.40421 0.040354 
6.26277 1.2623 -7 143 -0.593258 -0.0233048 
1.9715 1.13953 -7 144 0.214252 0.167552 
1.45576 0.553777 -7 145 0.410671 0.029007 
7 0.781169 -6.98961 200 -0.668326 -0.133612 
