-3.17768 1.79522 -7 101 0.577305 0.208426 
0.794442 1.97164 -7 103 -0.609278 0.471922 
-2.11042 -0.0563179 -7 106 0.269055 -0.297072 
-0.235026 1.16667 -7 114 -0.280941 0.153601 
-0.0787955 1.33173 -7 116 -0.327499 0.214351 
-1.66978 1.93068 -7 118 0.186614 0.315083 
-3.56835 0.827876 -7 121 0.663248 -0.0692567 
0.474792 -0.485198 -7 124 -0.625287 -0.401851 
-2.10211 -0.684594 -7 129 0.253366 -0.499954 
-3.11373 -0.303232 -7 130 0.539613 -0.389212 
-1.59533 0.795126 -7 132 0.138311 -0.0179329 
-3.58737 1.4874 -7 135 0.672235 0.110078 
-0.615215 -0.161545 -7 146 -0.204476 -0.303433 
