1.69792 -0.977731 -7 104 11.624 132.776 
-2.11042 -0.0563179 -7 106 611.529 157.636 
-0.235026 1.16667 -7 114 370.739 397.216 
-0.0787955 1.33173 -7 116 352.345 426.92 
-1.66978 1.93068 -7 118 606.612 466.183 
0.474792 -0.485198 -7 124 213.509 170.542 
-2.10211 -0.684594 -7 129 591.452 64.6724 
-1.59533 0.795126 -7 132 561.482 299.591 
1.03314 -1.58354 -7 136 94.9488 21.1595 
0.97797 0.750031 -7 138 174.925 372.584 
1.9715 1.13953 -7 144 34.7924 463.353 
1.45576 0.553777 -7 145 95.9611 357.899 
-0.615215 -0.161545 -7 146 387.259 186.436 
0.206379 -1.0164 -7 147 237.889 82.505 
