-7 -1.78251 -2.62609 53 -0.164918 -0.480337 
-7 -0.29883 -1.326 55 0.124323 -0.147923 
-7 0.46862 -2.98529 58 -0.254115 0.029725 
-7 -1.05185 -1.49538 60 0.0871154 -0.329118 
-7 -1.03485 -3.75523 61 -0.397557 -0.298921 
-7 -0.184126 -2.39523 62 -0.124486 -0.117971 
-7 1.26508 -0.184774 63 0.416653 0.258373 
-7 0.0943094 -5.21035 64 -0.665257 -0.0576136 
-7 0.886694 -5.35798 67 -0.695371 0.101699 
-7 1.34911 -4.82912 74 -0.60914 0.202033 
-7 0.577231 -1.47952 76 0.0822302 0.0656687 
-7 -1.86155 -2.22478 77 -0.0770746 -0.506751 
-7 0.694743 -5.33965 78 -0.690984 0.0631055 
-7 0.821262 -3.48263 80 -0.356734 0.104536 
-7 -0.166603 0.216342 87 0.537657 -0.11838 
-7 1.69039 -1.92004 89 -0.0283022 0.328645 
-7 -0.295975 -5.19552 90 -0.660042 -0.136414 
-7 1.40697 -4.3308 91 -0.521089 0.221097 
-7 0.312724 -0.335245 92 0.37897 0.00692692 
-7 -1.56958 -3.12031 95 -0.269081 -0.423762 
-7 -1.20087 -3.87679 97 -0.419561 -0.333069 
-7 1.52805 -2.92335 98 -0.247884 0.270545 
