-1.97014 0.361326 7 3 0.247517 0.0717867 
-3.49077 1.97493 7 8 -0.123905 0.521351 
-2.93389 0.906698 7 9 -0.00445372 0.235652 
-2.14837 -1.21575 7 10 0.16523 -0.362471 
-4.80195 0.41523 7 21 -0.380343 0.121823 
-3.28746 -0.347612 7 22 -0.0984323 -0.0859832 
-5.92999 -1.73451 7 23 -0.539619 -0.280715 
-5.37012 0.037908 7 24 -0.467906 0.047718 
-5.21106 1.44812 7 29 -0.446468 0.352138 
-5.40598 0.152698 7 30 -0.473388 0.0720108 
-2.84657 -0.836733 7 31 -0.00431731 -0.225048 
-3.76175 1.7333 7 32 -0.184257 0.447921 
-2.21352 -0.0799941 7 33 0.168167 -0.0500551 
-5.875 -0.508694 7 36 -0.53674 -0.0522599 
-4.02466 -0.174699 7 39 -0.245497 -0.0242913 
-3.22548 0.288125 7 40 -0.0791802 0.0726672 
-5.59816 -0.619665 7 42 -0.498829 -0.080464 
-3.26615 1.27581 7 43 -0.0791268 0.334394 
-6.33365 0.109205 7 44 -0.598345 0.0745124 
-2.70348 -0.732172 7 47 0.0309647 -0.205413 
-6.25916 0.145289 7 48 -0.589169 0.0806231 
