-4.80195 0.41523 7 21 469.474 293.317 
-3.28746 -0.347612 7 22 639.041 215.035 
-5.92999 -1.73451 7 23 379.502 109.014 
-5.37012 0.037908 7 24 423.142 255.972 
-5.21106 1.44812 7 29 439.377 381.225 
-5.40598 0.152698 7 30 420.895 265.874 
-3.76175 1.7333 7 32 579.824 450.259 
-5.875 -0.508694 7 36 386.963 209.981 
-4.02466 -0.174699 7 39 544.31 236.982 
-5.59816 -0.619665 7 42 404.903 199.374 
-6.33365 0.109205 7 44 361.451 259.377 
-6.25916 0.145289 7 48 365.814 262.372 
-7 -0.503339 4.01391 52 96.631 221.912 
-7 -0.64261 4.44771 54 140.766 206.84 
-7 0.78654 5.75191 68 254.47 321.596 
-7 -0.100249 4.19611 69 118.815 261.645 
-7 -0.527577 4.46053 71 142.707 217.985 
-7 -0.14175 5.47309 72 230.583 248.014 
-7 1.61955 6.53315 73 306.264 372.266 
-7 0.883221 6.2108 82 284.585 322.606 
-7 1.46933 5.82185 93 262.007 374.835 
-7 -0.576654 5.65743 96 242.039 210.847 
