-7 0.21307 2.3409 51 429.384 373.239 
-7 -0.503339 4.01391 52 588.675 292.876 
-7 -0.64261 4.44771 54 626.289 278.747 
-7 -0.441068 2.32778 56 425.835 300.153 
-7 -1.45394 1.58819 66 346.132 189.292 
-7 -0.100249 4.19611 69 608.216 334.36 
-7 -1.07602 2.04225 70 394.496 231.058 
-7 -0.527577 4.46053 71 628.35 290.318 
-7 -1.87164 2.51938 75 440.268 150.085 
-7 -1.9255 2.82609 83 469.769 146.254 
-7 -0.72299 3.2493 84 516.083 270.015 
-7 -0.166603 0.216342 87 187.323 334.546 
-7 0.312724 -0.335245 92 114.568 396.384 
-7 -1.0576 1.73598 99 362.36 232.397 
