-1.97014 0.361326 7 3 530.334 276.12 
-2.93389 0.906698 7 9 414.125 361.747 
-2.14837 -1.21575 7 10 465.644 78.44 
-4.80195 0.41523 7 21 232.07 322.523 
-3.28746 -0.347612 7 22 352.626 217.984 
-5.92999 -1.73451 7 23 143.028 152.126 
-5.37012 0.037908 7 24 189.309 292.744 
-5.21106 1.44812 7 29 212.866 427.414 
-5.40598 0.152698 7 30 187.97 303.671 
-2.84657 -0.836733 7 31 390.437 150.385 
-3.76175 1.7333 7 32 338.666 464.588 
-2.21352 -0.0799941 7 33 483.849 222.548 
-5.875 -0.508694 7 36 154.377 251.449 
-4.02466 -0.174699 7 39 286.862 252.077 
-3.22548 0.288125 7 40 369.764 289.401 
-5.59816 -0.619665 7 42 169.812 237.566 
-3.26615 1.27581 7 43 383.111 409.641 
-6.33365 0.109205 7 44 133.016 309.179 
-2.70348 -0.732172 7 47 408.421 157.547 
-6.25916 0.145289 7 48 137.289 311.533 
-7 1.61955 6.53315 73 69.5594 452.639 
-7 0.883221 6.2108 82 36.8872 392.273 
