7.75999 -3.60267 0.808332 502 1.39984 328.402 
9.29836 -2.71449 1.94602 503 144.91 398.09 
9.54954 -2.56948 1.62614 504 160.393 371.895 
9.1254 -2.81435 -0.972402 505 135.853 183.332 
8.36902 -3.25105 -1.59632 512 74.0148 121.151 
9.51565 -2.58904 1.12107 521 161.347 333.937 
8.29682 -3.29273 -0.961132 526 68.2864 174.095 
9.28962 -2.71954 -1.63781 531 150.623 138.956 
7.77252 -3.59544 -0.54676 544 8.67009 200.734 
8.80092 -3.00169 1.19755 545 106.626 348.194 
8.06725 -3.42528 1.6113 573 34.8594 399.115 
8.43181 -3.2148 -0.531218 590 77.8312 209.886 
7.71485 -3.62873 -1.31027 594 4.65466 128.52 
8.52047 -3.16361 0.124086 605 87.1565 264.4 
8.58348 -3.12723 -1.98018 608 94.5069 96.804 
8.21821 -3.33812 0.87683 609 56.2392 330.765 
8.95105 -2.91501 -0.0284258 613 122.465 251.901 
8.58134 -3.12847 1.5153 614 85.4289 379.947 
7.88394 -3.53111 -1.51631 618 25.4679 116.762 
8.24406 -3.3232 1.57934 624 54.8227 391.705 
8.74387 -3.03463 -1.74637 631 107.307 118.922 
8.37201 -3.24932 -1.42691 633 75.3078 135.756 
7.92744 -3.50599 0.853241 634 23.1707 332.009 
7.74644 -3.6105 0.0375105 649 2.33971 257.182 
8.5643 -3.13831 0.571234 665 87.4115 300.093 
8.78782 -3.00925 1.27741 666 105.562 356.22 
8.98332 -2.89638 -0.0875092 671 125.06 248.581 
9.50215 -2.59683 -1.80067 679 162.78 131.391 
8.96859 -2.90489 1.45636 680 121.003 368.424 
9.51544 -2.58916 0.00507541 681 163.075 257.179 
8.52145 -3.16304 1.28747 684 83.102 360.563 
7.92479 -3.50752 1.32245 688 20.7566 376.779 
8.15199 -3.37635 -0.280505 689 50.2575 229.91 
8.26763 -3.30959 0.733282 692 58.4059 316.96 
8.01947 -3.45286 0.702216 699 33.0138 317.323 
7.66579 -3.65706 -1.9146 710 0.498749 73.0923 
8.16644 -3.36801 1.19775 712 47.0197 359.783 
8.51548 -3.16649 1.61138 714 82.0841 388.124 
9.11375 -2.82108 -0.331225 726 133.52 232.724 
9.21579 -2.76217 -1.66979 736 145.964 137.138 
9.10626 -2.8254 1.29642 737 133.085 353.111 
8.61615 -3.10837 -1.12108 742 96.9943 164.305 
8.54451 -3.14973 -0.0560757 747 87.6331 250.025 
9.02166 -1.62597 0.310692 751 218.35 278.743 
8.84921 -1.32728 1.80752 757 239.81 398.918 
9.23701 -1.99898 0.725578 758 198.335 308.742 
8.51992 -0.756939 0.408137 759 282.2 288.524 
8.29274 -0.363451 -1.35134 761 312.882 138.915 
6.84891 2.13734 -1.72634 766 602.124 42.8871 
7.18459 1.55593 0.710517 768 524.279 331.069 
7.75054 0.575679 1.75169 773 404.733 426.418 
8.11102 -0.0486967 -1.08378 774 341.103 155.931 
7.65875 0.734657 0.495993 779 421.115 299.687 
6.87834 2.08637 1.48366 780 607.74 430.419 
9.27207 -2.0597 -0.388348 784 193.931 228.89 
7.07393 1.74759 -1.06522 794 545.435 128.63 
7.7677 0.545948 0.346374 797 399.334 285.899 
6.99287 1.88799 0.446143 798 572.283 301.403 
8.5833 -0.866718 0.816146 801 273.614 322.388 
8.13241 -0.0857393 -1.69052 803 337.732 103.442 
8.79364 -1.23104 1.71911 805 245.88 392.38 
7.79816 0.49319 1.85753 808 395.897 433.625 
7.13747 1.63753 -1.91994 811 526.934 38.2871 
7.48096 1.04259 -1.87628 812 451.549 61.6711 
7.81192 0.469365 1.38832 814 393.925 386.885 
8.27608 -0.334586 -0.00492856 815 316.145 252.295 
7.72815 0.61446 -0.217688 816 405.497 229.45 
8.79838 -1.23924 -0.076131 817 246.593 249.014 
7.65524 0.740743 -1.67984 818 416.085 88.7072 
8.9917 -1.57408 -0.263508 820 224.706 234.7 
8.44778 -0.631981 -1.44841 825 291.743 135.498 
7.71438 0.638309 -0.336083 827 408.668 217.68 
7.15574 1.60589 0.615543 828 530.391 319.458 
9.26539 -2.04812 -1.79237 829 195.581 128.706 
8.37839 -0.511796 0.804967 830 301.389 321.835 
7.85255 0.39899 0.707979 831 385.942 320.363 
7.0505 1.78818 -1.26688 833 551.846 105.482 
9.00086 -1.58994 1.58986 834 219.98 378.836 
8.05704 0.0447927 0.347131 837 349.544 285.375 
8.22434 -0.244979 -0.782358 838 322.904 185.569 
7.41493 1.15696 -1.61534 839 465.605 84.7025 
8.81824 -1.27364 -0.967993 842 244.02 181.772 
9.4474 -2.36338 -1.09642 844 176.857 177.253 
8.71228 -1.09011 -0.848161 845 258.966 187.8 
8.83929 -1.31011 1.12568 849 240.607 343.37 
8.421 -0.585604 -0.76008 856 296.709 189.957 
7.47605 1.05111 -1.34417 857 453.102 113.455 
8.71634 -1.09715 -1.05762 862 257.701 170.823 
7.07604 1.74394 0.502742 871 550.168 307.822 
6.81272 2.20003 1.31801 874 626.892 413.645 
8.05963 0.040311 0.283874 878 349.852 278.671 
8.79205 -1.22828 1.24024 880 246.955 354.63 
9.26617 -2.04948 1.18971 881 194.149 343.72 
8.55161 -0.811824 0.960383 887 275.918 336.671 
8.75985 -1.1725 0.775444 893 249.744 317.059 
7.68639 0.686781 -1.10309 898 413.697 143.201 
7.3611 1.2502 0.0561545 900 481.418 257.036 
7.13224 1.6466 -0.977877 901 530.452 140.994 
8.49526 -0.714226 0.0445874 902 285.62 256.768 
6.93416 1.98968 -1.06451 904 582.588 124.9 
6.87866 2.08582 -0.0270921 907 602.529 243.471 
6.77251 2.26967 -0.747548 908 629.632 155.782 
9.19568 -1.92739 0.768329 913 200.063 312.434 
7.05959 1.77242 -1.7808 914 545.54 49.2071 
7.703 0.65802 -0.183774 927 411.162 233.441 
8.84897 -1.32687 1.20156 929 238.529 349.427 
7.30009 1.35587 1.86648 930 500.915 456.505 
8.21418 -0.227369 1.2496 933 327.15 363.843 
8.99498 -1.57975 1.82216 934 221.872 396.57 
7.22829 1.48023 1.7576 937 515.653 447.49 
6.75528 2.29951 -0.729401 938 634.243 155.893 
8.51325 -0.745376 -0.600431 941 281.484 202.989 
8.81557 -1.26902 -1.19832 944 244.851 162.367 
8.73736 -1.13355 1.94259 946 253.087 412.165 
7.78699 0.51253 1.89064 949 397.951 438.945 
7.05329 1.78334 -1.18945 950 549.971 113.802 
7.15835 1.60138 1.8444 951 534.41 462.303 
8.23755 -0.267852 -0.0508432 959 321.787 246.764 
9.40671 -2.2929 1.01021 963 180.538 328.089 
7.36792 1.23839 -0.614933 971 476.39 184.58 
8.33271 -0.432673 -0.868744 976 308.497 179.238 
7.61247 0.814808 -0.677047 978 424.84 182.629 
9.36968 -2.22876 1.49865 979 182.511 365.51 
9.47971 -2.41934 0.180696 982 172.427 269.58 
8.49831 -0.719498 -1.83038 985 284.716 103.19 
8.14802 -0.112783 1.12075 986 335.917 353.549 
8.42012 -0.584075 0.413676 987 297.387 287.712 
8.18073 -0.169436 -0.844467 988 332.447 177.946 
9.45187 -2.37112 -1.5872 989 179.28 146.458 
8.99905 -1.58682 1.73484 994 222.701 389.191 
8.82589 -1.28688 1.75285 1000 242.782 395.278 
