-4.80195 0.41523 7 21 0.496966 -0.0317368 
-5.92999 -1.73451 7 23 0.327569 -0.458847 
-5.37012 0.037908 7 24 0.394294 -0.117342 
-5.21106 1.44812 7 29 0.398495 0.159151 
-5.40598 0.152698 7 30 0.386037 -0.0950826 
-5.875 -0.508694 7 36 0.318698 -0.222491 
-5.59816 -0.619665 7 42 0.365466 -0.246866 
-6.33365 0.109205 7 44 0.244676 -0.11126 
-6.25916 0.145289 7 48 0.25433 -0.104471 
-7 -0.503339 4.01391 52 -0.296417 -0.258342 
-7 -0.64261 4.44771 54 -0.207789 -0.279568 
-7 1.81819 2.50338 57 -0.662535 0.302727 
-7 0.78654 5.75191 68 0.00216528 0.000319691 
-7 -0.100249 4.19611 69 -0.257688 -0.166998 
-7 -0.527577 4.46053 71 -0.20538 -0.254689 
-7 -0.14175 5.47309 72 -0.0335447 -0.165026 
-7 1.61955 6.53315 73 0.0974379 0.123563 
-7 1.51818 2.67054 81 -0.617575 0.222741 
-7 0.883221 6.2108 82 0.0629147 0.0118407 
-7 -0.72299 3.2493 84 -0.481163 -0.331499 
-7 1.48523 2.57162 86 -0.647088 0.219468 
-7 1.20864 2.59145 88 -0.645216 0.15146 
-7 1.46933 5.82185 93 0.00802396 0.114383 
-7 -0.576654 5.65743 96 -0.00373614 -0.243642 
