-7 -1.03485 -3.75523 61 553.9 75.117 
-7 0.0943094 -5.21035 64 423.072 210.434 
-7 1.11392 -6.02536 65 370.579 297.587 
-7 0.886694 -5.35798 67 416.402 279.556 
-7 1.34911 -4.82912 74 462.536 322.005 
-7 0.694743 -5.33965 78 416.661 263.061 
-7 1.12101 -6.65735 79 332.102 296.914 
-7 0.821262 -3.48263 80 601.854 272.212 
-7 -1.84392 -6.0007 85 356.216 63.5244 
-7 -0.295975 -5.19552 90 421.873 176.273 
-7 1.40697 -4.3308 91 509.741 330.667 
-7 0.592834 -6.66606 94 328.977 257.879 
-7 -1.20087 -3.87679 97 538.859 61.5851 
-7 -0.609874 -5.90804 100 368.897 159.648 
-5.46333 -1.29075 -7 102 210.141 104.505 
-4.55559 -0.250499 -7 105 140.99 191.04 
-5.09885 0.316864 -7 107 191.675 245.086 
-6.22725 1.4028 -7 110 274.15 326.272 
-5.05591 -0.451909 -7 117 183.678 174.522 
-3.56835 0.827876 -7 121 37.1809 314.148 
-6.20015 -0.954561 -7 122 260.347 141.484 
-3.58737 1.4874 -7 135 44.5086 392.243 
-6.2831 -0.370457 -7 140 268.215 187.548 
-5.05277 -1.83336 -7 148 175.269 47.8557 
-6.46998 0.52855 -7 150 283.295 256.455 
