-3.17768 1.79522 -7 101 0.537774 0.223878 
0.794442 1.97164 -7 103 -0.654693 0.477051 
-2.11042 -0.0563179 -7 106 0.241059 -0.280949 
-0.235026 1.16667 -7 114 -0.316368 0.160235 
-0.0787955 1.33173 -7 116 -0.36435 0.220599 
-1.66978 1.93068 -7 118 0.150043 0.325904 
-3.56835 0.827876 -7 121 0.626207 -0.0490305 
0.474792 -0.485198 -7 124 -0.658259 -0.403378 
-2.10211 -0.684594 -7 129 0.228509 -0.482731 
-3.11373 -0.303232 -7 130 0.509682 -0.367026 
-1.59533 0.795126 -7 132 0.1069 -0.005685 
-3.58737 1.4874 -7 135 0.632317 0.12789 
-0.615215 -0.161545 -7 146 -0.232444 -0.296158 
