-3.17768 1.79522 -7 101 0.304203 0.375688 
-4.55559 -0.250499 -7 105 0.626464 -0.140536 
-2.11042 -0.0563179 -7 106 0.066046 -0.119803 
-0.235026 1.16667 -7 114 -0.551581 0.272279 
-0.0787955 1.33173 -7 116 -0.611483 0.331712 
-1.66978 1.93068 -7 118 -0.0792165 0.459343 
-3.56835 0.827876 -7 121 0.406611 0.125813 
-2.10211 -0.684594 -7 129 0.0717636 -0.310275 
-3.11373 -0.303232 -7 130 0.325368 -0.175343 
-1.59533 0.795126 -7 132 -0.090959 0.132962 
-3.58737 1.4874 -7 135 0.398597 0.289995 
-0.615215 -0.161545 -7 146 -0.410809 -0.179186 
