-7 -0.29883 -1.326 55 0.628322 -0.19551 
-7 0.46862 -2.98529 58 0.185864 -0.000561313 
-7 -1.05185 -1.49538 60 0.584399 -0.408819 
-7 -1.03485 -3.75523 61 0.0091315 -0.328898 
-7 -0.184126 -2.39523 62 0.321428 -0.151854 
-7 0.0943094 -5.21035 64 -0.219711 -0.0792744 
-7 1.11392 -6.02536 65 -0.309816 0.0914705 
-7 0.886694 -5.35798 67 -0.224772 0.0607356 
-7 1.34911 -4.82912 74 -0.138122 0.147186 
-7 0.577231 -1.47952 76 0.568633 0.0373521 
-7 0.694743 -5.33965 78 -0.226083 0.0277314 
-7 1.12101 -6.65735 79 -0.386767 0.0857603 
-7 0.821262 -3.48263 80 0.0865124 0.0685752 
-7 -1.84392 -6.0007 85 -0.378895 -0.437195 
-7 1.69039 -1.92004 89 0.438697 0.285009 
-7 -0.295975 -5.19552 90 -0.225796 -0.152165 
-7 1.40697 -4.3308 91 -0.0580595 0.16621 
-7 0.592834 -6.66606 94 -0.400442 0.00315251 
-7 -1.56958 -3.12031 95 0.138445 -0.481264 
-7 -1.20087 -3.87679 97 -0.0173803 -0.363775 
-7 1.52805 -2.92335 98 0.205962 0.220601 
-7 -0.609874 -5.90804 100 -0.334484 -0.203881 
-6.22725 1.4028 -7 110 -0.526209 0.167051 
-6.20015 -0.954561 -7 122 -0.609029 -0.252474 
-6.2831 -0.370457 -7 140 -0.573859 -0.142526 
-6.46998 0.52855 -7 150 -0.515168 0.0102391 
