5.98522 3.63329 1.2144 752 17.9631 468.905 
4.31342 6.52894 -1.60055 753 419.27 90.4888 
3.95041 7.15768 -0.115486 754 494.166 250.637 
5.20903 4.97769 -0.50044 755 222.245 220.685 
4.55568 6.10933 1.89736 756 388.332 479.082 
4.31954 6.51834 0.440036 760 427.602 315.169 
3.65369 7.67162 -0.409443 763 545.655 212.387 
3.63308 7.70731 -0.253667 767 550.484 230.559 
4.46197 6.27165 0.273057 769 397.983 300.778 
4.61126 6.01306 1.59096 770 373.427 449.489 
3.94821 7.16151 -0.305332 771 495.02 229.523 
5.03444 5.28009 -1.71136 772 258.585 71.2927 
5.86576 3.8402 -1.56683 775 26.3355 80.7107 
3.17581 8.49933 -0.450529 776 621.029 207.626 
4.57465 6.07647 -0.980151 777 368.906 160.025 
5.7277 4.07932 -1.90892 781 66.4807 33.5551 
5.84347 3.87882 -1.54309 787 34.5921 85.0035 
5.70086 4.12582 1.37764 788 106.755 474.6 
4.09862 6.90098 -0.651429 789 465.262 193.925 
3.94393 7.16891 1.20445 790 499.902 385.975 
5.12308 5.12656 1.56711 791 258.698 468.47 
5.18216 5.02423 -0.915456 795 226.298 169.091 
4.59582 6.03981 -1.8766 800 360.36 54.2689 
4.05686 6.97332 -1.81735 802 469.46 63.54 
3.73411 7.53233 -1.49404 804 530.373 104.274 
4.51996 6.17121 -1.82406 806 378.358 61.4178 
3.68413 7.6189 -0.207288 807 542.011 235.714 
5.10188 5.16328 -1.16456 819 245.496 136.68 
5.52148 4.43652 -0.0547931 822 143.334 284.199 
3.75485 7.49641 -1.09591 823 526.653 145.666 
5.84215 3.8811 1.25316 824 63.4137 465.144 
5.5405 4.40357 -1.44396 835 126.646 100.573 
3.57856 7.80176 -0.875216 840 556.995 167.585 
3.12713 8.58365 0.949699 846 632.169 340.657 
4.15625 6.80116 -0.0422045 847 457.289 259.875 
4.99376 5.35056 -0.727822 848 274.803 191.335 
3.4808 7.97107 -1.62753 851 572.445 91.1928 
3.61746 7.73437 -1.94874 852 548.375 56.4432 
3.11682 8.6015 1.29664 853 631.905 372.006 
3.59494 7.77338 0.739111 854 558.225 329.534 
5.62913 4.25005 -0.845981 855 105.334 182.028 
3.21408 8.43306 1.15774 858 620.736 359.852 
3.63106 7.71081 -1.67758 859 546.822 86.6901 
3.27878 8.32099 -1.03834 860 605.392 151.643 
4.56207 6.09827 -1.67131 861 369.458 79.5523 
5.34442 4.7432 -0.804129 863 186.295 183.835 
4.3546 6.4576 0.374594 864 420.486 310.033 
4.06751 6.95487 -1.6458 865 468.779 85.5297 
3.50474 7.92962 1.97827 867 575.873 447.721 
4.94977 5.42675 -0.328941 868 287.786 239.96 
3.62176 7.72692 0.659348 870 551.174 323.257 
5.87176 3.82982 -1.86513 873 23.1017 38.338 
4.25903 6.62315 1.93355 875 444.642 473.332 
4.41808 6.34766 -1.43643 876 400.344 106.682 
5.30638 4.80908 -0.846641 879 195.953 180.894 
4.56699 6.08973 -1.84141 883 366.117 60.6143 
4.79043 5.70272 0.841803 884 331.971 374.472 
5.48992 4.49117 1.01765 885 161.439 420.739 
3.47475 7.98155 1.30736 888 579.098 382.607 
3.96207 7.13749 -0.131759 891 490.885 247.833 
4.38822 6.39938 -1.26668 892 404.456 126.791 
5.33186 4.76494 0.690372 894 200.356 373.587 
5.88934 3.79937 -0.91473 896 28.7307 174.135 
5.07479 5.21021 -0.592079 897 254.79 210.856 
3.79506 7.42677 -1.15471 899 518.872 139.676 
4.24153 6.65346 -1.08896 903 434.536 147.651 
4.97651 5.38043 -1.78963 905 273.722 61.191 
5.14042 5.09654 0.266927 906 245.827 315.225 
4.61439 6.00765 -1.15812 909 358.115 138.596 
4.70431 5.85189 0.465414 910 346.957 327.031 
4.24347 6.65009 0.760465 912 443.339 347.477 
3.15471 8.53588 -0.806247 915 624.165 172.842 
3.62319 7.72445 -0.430218 916 552.127 212.399 
3.37491 8.15449 -1.18787 917 589.386 134.799 
3.88292 7.27458 0.732852 918 510.016 333.526 
4.81756 5.65573 0.693441 919 324.338 356.758 
3.5513 7.84897 1.93783 920 567.743 444.576 
4.74735 5.77734 -1.4318 921 328.669 106.058 
3.89561 7.2526 -0.984565 922 500.329 157.284 
3.15548 8.53455 -1.95746 923 622.068 59.2059 
3.45706 8.01219 0.602811 925 580.832 313.865 
4.92972 5.46147 0.685045 928 298.691 358.243 
3.20202 8.45395 0.188458 931 618.317 269.684 
4.89688 5.51835 -1.08993 939 295.749 148.578 
4.93218 5.45722 -0.369873 940 291.741 234.116 
3.59191 7.77864 1.36064 942 560.739 393.252 
5.5287 4.42402 0.271974 943 145.981 324.668 
5.34394 4.74403 -0.45553 947 189.608 228.959 
5.85587 3.85734 -1.13495 948 34.7051 141.384 
5.80798 3.94029 0.203205 953 63.2867 325.597 
3.89811 7.24827 1.30532 954 509.887 395.427 
4.95506 5.41758 -0.74361 957 283.645 189.027 
5.615 4.27453 -0.380425 961 116.064 243.124 
5.29086 4.83597 -1.98418 962 190.301 33.4051 
5.54904 4.38878 0.419383 964 140.589 344.299 
4.28105 6.58501 -0.348295 969 431.046 229.644 
5.19076 5.00935 -1.7233 970 218.643 67.3082 
5.51039 4.45573 1.34352 972 160.351 458.488 
4.4012 6.3769 -1.37641 973 402.981 115.482 
4.30329 6.54648 1.81023 975 437.675 458.543 
4.12313 6.85854 -0.122495 977 464.456 249.817 
4.93575 5.45104 -0.7803 984 289.85 185.622 
5.51818 4.44223 -1.47775 990 133.119 95.1051 
5.75493 4.03217 1.14041 991 87.8282 447.797 
4.40456 6.37107 0.274064 992 408.845 298.755 
5.53617 4.41107 -1.97751 993 123.324 27.7502 
5.97808 3.64567 0.0489525 995 8.54206 308.428 
4.26624 6.61065 0.689474 996 438.194 341.022 
4.40907 6.36327 1.15293 997 413.227 393.4 
4.63799 5.96676 0.669191 998 361.688 346.906 
