4.32541 -5.58563 0.848861 506 393.833 417.199 
3.31453 -6.16926 -0.82277 507 251.346 176.045 
2.55081 -6.61019 -1.05696 510 127.444 132.64 
5.15051 -5.10926 0.655281 515 519.794 393.748 
5.54127 -4.88365 0.584966 517 576.48 386.981 
4.96491 -5.21641 -0.162781 524 493.435 282.248 
4.45282 -5.51207 0.330289 528 416.106 343.782 
3.62183 -5.99184 -0.708902 530 296.102 194.145 
5.78814 -4.74112 0.731293 533 611.117 408.734 
3.84209 -5.86467 0.762035 537 319.398 401.61 
4.08321 -5.72546 -0.0501395 541 364.055 287.811 
5.8167 -4.72463 -0.692834 547 610.347 225.318 
5.94865 -4.64845 -0.108768 552 631.646 299.531 
4.14699 -5.68864 -0.0739802 553 371.451 286.9 
2.76135 -6.48864 -0.835611 556 159.195 164.701 
2.50813 -6.63483 -1.62398 557 131.913 57.7253 
1.77128 -7.06025 -1.32111 560 0.722037 84.3966 
5.11501 -5.12975 -1.32998 563 515.291 137.825 
5.60572 -4.84644 -1.12497 564 585.099 171.53 
4.17332 -5.67344 0.684667 567 372.693 392.775 
4.08949 -5.72184 0.309736 570 360.066 337.888 
4.78434 -5.32066 -1.81187 575 471.505 73.2839 
2.35211 -6.72491 -1.73362 576 109.593 42.0983 
5.79079 -4.73959 0.326224 579 610.717 353.9 
2.61049 -6.57574 0.28437 581 115.424 322.193 
3.5218 -6.04959 -1.73721 596 290.049 61.9616 
2.00616 -6.92464 -1.64027 600 46.8122 47.7021 
2.48133 -6.65031 0.492331 604 88.9271 351.55 
4.89471 -5.25694 -0.199595 606 483.67 276.88 
2.61487 -6.57321 0.0112596 607 120.449 284.134 
2.89706 -6.41029 -1.2274 611 186.105 117.519 
2.4848 -6.64831 0.119285 615 96.4814 295.201 
5.91431 -4.66828 0.963849 617 629.78 441.289 
2.90013 -6.40851 0.80747 626 156.418 402.85 
2.77919 -6.47834 -1.67587 627 175.196 55.6526 
5.34694 -4.99584 -0.371774 630 549.157 258.941 
3.2896 -6.18365 -0.831285 632 244.305 173.718 
3.83992 -5.86592 -0.579006 640 328.078 213.949 
2.18105 -6.82367 0.572736 650 32.1971 361.605 
2.35902 -6.72093 0.562621 651 65.7175 363.617 
3.74064 -5.92325 -1.9671 654 325.015 39.2883 
4.82206 -5.29889 0.859675 662 472.178 421.217 
4.88586 -5.26205 0.975449 663 481.569 437.83 
4.05549 -5.74146 -0.254187 669 358.881 259.353 
2.3244 -6.74091 -0.546464 673 82.057 198.49 
4.78329 -5.32127 0.804293 674 464.58 414.868 
5.20039 -5.08046 -0.0857982 678 528.26 294.936 
4.99407 -5.19958 0.559179 682 498.224 380.577 
3.62073 -5.99248 0.99023 683 279.192 434.796 
5.70419 -4.78959 -0.684915 686 596.02 224.125 
4.226 -5.64302 0.28797 691 382.786 337.262 
3.83179 -5.87062 1.26855 694 312.287 477.973 
2.99296 -6.35491 0.665465 696 176.577 383.225 
4.82073 -5.29965 -1.08631 698 475.776 162.616 
5.29956 -5.0232 -0.579862 701 542.76 233.525 
4.30182 -5.59925 -1.21577 708 399.978 140.053 
5.49777 -4.90876 0.072566 709 569.425 318.243 
2.02484 -6.91386 0.215523 713 10.8717 305.493 
2.26921 -6.77278 -0.294944 715 66.3027 232.629 
4.48631 -5.49273 -1.46496 723 428.477 113.573 
5.45807 -4.93168 0.702726 724 564.351 403.705 
3.52361 -6.04855 -0.447866 727 276.586 230.013 
5.30402 -5.02063 -1.37929 729 543.23 134.797 
5.1391 -5.11584 0.224599 734 519.357 334.765 
4.48121 -5.49568 0.424736 739 420.882 357.836 
5.33057 -5.0053 -0.178382 743 545.383 283.471 
3.90444 -5.82868 0.777906 744 328.017 404.208 
2.78119 -6.47718 -1.18276 749 168.991 120.264 
