7.15996 -3.9491 0.231069 501 594.997 326.4 
4.32541 -5.58563 0.848861 506 243.168 352.854 
3.31453 -6.16926 -0.82277 507 120.278 102.987 
5.15051 -5.10926 0.655281 515 364.853 339.412 
7.62157 -3.68259 0.309022 516 639.241 339.552 
5.54127 -4.88365 0.584966 517 415.314 338.13 
7.24861 -3.89792 -1.1423 520 610.068 187.881 
6.5432 -4.30518 -1.86519 522 545.398 99.8054 
3.60364 -6.00234 1.48237 523 102.735 434.109 
4.96491 -5.21641 -0.162781 524 351.607 236.695 
3.18104 -6.24633 1.49572 527 22.4494 432.317 
4.45282 -5.51207 0.330289 528 272.538 284.901 
3.62183 -5.99184 -0.708902 530 168.947 127.514 
5.78814 -4.74112 0.731293 533 444.584 360.338 
7.01301 -4.03394 -0.97463 534 587.46 200.392 
3.84209 -5.86467 0.762035 537 167.361 330.811 
6.50511 -4.32718 -1.71048 538 542.913 112.259 
4.08321 -5.72546 -0.0501395 541 222.614 228.171 
3.27776 -6.19049 1.48571 543 41.2827 430.779 
5.8167 -4.72463 -0.692834 547 462.364 198.785 
5.94865 -4.64845 -0.108768 552 473.235 265.855 
4.14699 -5.68864 -0.0739802 553 234.865 225.94 
2.76135 -6.48864 -0.835611 556 23.4046 79.8903 
5.11501 -5.12975 -1.32998 563 387.993 108.988 
5.60572 -4.84644 -1.12497 564 442.803 145.719 
4.17332 -5.67344 0.684667 567 220.304 326.955 
4.23148 -5.63986 1.46124 569 214.003 439.302 
4.08949 -5.72184 0.309736 570 216.385 275.931 
4.78434 -5.32066 -1.81187 575 352.933 46.0719 
7.62174 -3.68249 1.0201 577 637.394 416.516 
5.79079 -4.73959 0.326224 579 447.199 313.255 
6.08574 -4.5693 -0.422393 587 489.548 233.74 
5.95338 -4.64572 1.4698 588 455.301 453.675 
6.59806 -4.27351 1.37278 589 532.387 446.304 
3.5218 -6.04959 -1.73721 596 179.163 0.0647056 
4.89471 -5.25694 -0.199595 606 342.862 230.192 
2.89706 -6.41029 -1.2274 611 61.3374 35.0558 
5.91431 -4.66828 0.963849 617 457.348 391.656 
5.34694 -4.99584 -0.371774 630 404.249 221.507 
3.2896 -6.18365 -0.831285 632 117.514 102.657 
7.04767 -4.01393 1.30024 635 580.231 441.413 
5.60109 -4.84911 1.5746 636 411.198 466.616 
3.83992 -5.86592 -0.579006 640 198.28 153.848 
4.26955 -5.61788 1.7378 641 211.954 478.969 
6.13888 -4.53862 1.31542 644 479.013 436.544 
6.14497 -4.53511 -1.1835 648 502.077 154.369 
7.0982 -3.98476 0.68195 653 588.906 372.953 
7.02559 -4.02668 0.448994 659 579.775 346.412 
4.82206 -5.29889 0.859675 662 315.447 360.657 
4.88586 -5.26205 0.975449 663 323.426 377.637 
6.55913 -4.29599 -1.18896 667 544.989 166.354 
4.05549 -5.74146 -0.254187 669 227.293 201.524 
4.78329 -5.32127 0.804293 674 312.097 356.131 
6.39838 -4.3888 1.60708 675 508.586 474.594 
5.20039 -5.08046 -0.0857982 678 381.12 252.575 
4.99407 -5.19958 0.559179 682 344.661 326.597 
3.62073 -5.99248 0.99023 683 120.608 360.496 
5.70419 -4.78959 -0.684915 686 449.642 197.271 
6.4204 -4.37608 -1.66156 687 533.041 116.714 
4.226 -5.64302 0.28797 691 236.821 275.623 
3.83179 -5.87062 1.26855 694 149.132 403.489 
2.99296 -6.35491 0.665465 696 15.2379 299.682 
4.82073 -5.29965 -1.08631 698 348.083 125.841 
5.29956 -5.0232 -0.579862 701 399.174 196.053 
7.30395 -3.86597 1.05537 703 606.611 417.105 
6.39348 -4.39163 0.914159 705 513.664 390.948 
7.22497 -3.91156 0.961317 706 598.276 405.023 
4.30182 -5.59925 -1.21577 708 280.006 93.7368 
5.49777 -4.90876 0.072566 709 416.995 275.82 
6.01108 -4.6124 1.08959 711 467.022 407.328 
6.54292 -4.30535 -1.87458 720 545.968 98.5829 
4.19117 -5.66313 1.67662 721 201.458 470.357 
4.48631 -5.49273 -1.46496 723 309.615 70.5608 
5.45807 -4.93168 0.702726 724 405.035 352.139 
6.58729 -4.27973 1.46929 725 529.18 459.218 
3.52361 -6.04855 -0.447866 727 145.417 158.346 
3.97273 -5.78925 1.60711 728 164.79 456.177 
5.30402 -5.02063 -1.37929 729 410.342 108.51 
7.50171 -3.75179 -1.28329 731 633.481 179.257 
7.13639 -3.96271 -0.718485 732 597.541 227.444 
5.1391 -5.11584 0.224599 734 368.234 286.472 
6.09889 -4.56171 1.10908 735 477.904 411.114 
7.25901 -3.89191 -1.70188 738 612.964 135.742 
4.48121 -5.49568 0.424736 739 274.137 298.791 
6.72719 -4.19896 0.433244 741 553.072 339.849 
5.33057 -5.0053 -0.178382 743 399.51 243.621 
3.90444 -5.82868 0.777906 744 176.63 334.264 
7.49302 -3.75681 0.49302 748 627.677 359.207 
2.78119 -6.47718 -1.18276 749 37.0863 35.0592 
