7.15996 -3.9491 0.231069 501 310.884 232.561 
7.75999 -3.60267 0.808332 502 358.887 274.561 
9.29836 -2.71449 1.94602 503 454.381 332.125 
9.54954 -2.56948 1.62614 504 467.445 308.041 
9.1254 -2.81435 -0.972402 505 446.051 126.269 
8.36902 -3.25105 -1.59632 512 400.113 71.3516 
5.15051 -5.10926 0.655281 515 74.7278 314.929 
7.62157 -3.68259 0.309022 516 346.604 236.762 
5.54127 -4.88365 0.584966 517 133.37 296.341 
7.24861 -3.89792 -1.1423 520 312.284 104.351 
9.51565 -2.58904 1.12107 521 468.45 274.396 
6.5432 -4.30518 -1.86519 522 237.46 20.0545 
4.96491 -5.21641 -0.162781 524 33.6948 216.422 
5.3746 -4.97988 1.7937 525 121.772 430.949 
8.29682 -3.29273 -0.961132 526 397.045 125.96 
7.67594 -3.6512 1.18816 529 353.339 308.11 
9.28962 -2.71954 -1.63781 531 457.526 76.0091 
5.78814 -4.74112 0.731293 533 166.099 304.507 
7.01301 -4.03394 -0.97463 534 290.37 119.608 
6.50511 -4.32718 -1.71048 538 233.947 36.2353 
7.77252 -3.59544 -0.54676 544 359.077 161.354 
8.80092 -3.00169 1.19755 545 427.992 290.916 
5.8167 -4.72463 -0.692834 547 156.551 147.532 
5.94865 -4.64845 -0.108768 552 178.129 213.735 
5.11501 -5.12975 -1.32998 563 39.7158 61.1841 
5.60572 -4.84644 -1.12497 564 124.858 93.08 
8.06725 -3.42528 1.6113 573 381.402 333.902 
7.62174 -3.68249 1.0201 577 348.546 294.942 
5.79079 -4.73959 0.326224 579 165.259 261.509 
6.08574 -4.5693 -0.422393 587 192.547 177.552 
5.95338 -4.64572 1.4698 588 193.658 377.253 
6.59806 -4.27351 1.37278 589 259.929 347.05 
8.43181 -3.2148 -0.531218 590 404.256 163.107 
7.71485 -3.62873 -1.31027 594 353.388 90.6191 
5.81744 -4.72421 1.86454 597 177.272 419.074 
8.52047 -3.16361 0.124086 605 411.273 212.35 
4.89471 -5.25694 -0.199595 606 20.7706 214.643 
8.58348 -3.12723 -1.98018 608 415.446 40.3034 
8.21821 -3.33812 0.87683 609 391.447 274.366 
8.95105 -2.91501 -0.0284258 613 436.131 199.264 
8.58134 -3.12847 1.5153 614 415.757 316.763 
5.91431 -4.66828 0.963849 617 184.161 327.11 
7.88394 -3.53111 -1.51631 618 365.813 73.1725 
8.24406 -3.3232 1.57934 624 389.653 327.204 
5.34694 -4.99584 -0.371774 630 93.0888 187.026 
8.74387 -3.03463 -1.74637 631 426.177 63.2687 
8.37201 -3.24932 -1.42691 633 401.82 87.7541 
7.92744 -3.50599 0.853241 634 369.739 276.261 
7.04767 -4.01393 1.30024 635 303.438 329.497 
5.60109 -4.84911 1.5746 636 149.266 398.801 
6.13888 -4.53862 1.31542 644 213.332 355.07 
6.14497 -4.53511 -1.1835 648 196.698 92.316 
7.74644 -3.6105 0.0375105 649 354.413 210.876 
7.0982 -3.98476 0.68195 653 304.459 276.812 
7.02559 -4.02668 0.448994 659 296.265 252.788 
4.82206 -5.29889 0.859675 662 23.6613 349.773 
4.88586 -5.26205 0.975449 663 35.8339 360.601 
8.5643 -3.13831 0.571234 665 414.4 246.672 
8.78782 -3.00925 1.27741 666 425.985 297.239 
6.55913 -4.29599 -1.18896 667 244.632 97.4848 
8.98332 -2.89638 -0.0875092 671 437.892 195.054 
4.78329 -5.32127 0.804293 674 16.271 344.93 
6.39838 -4.3888 1.60708 675 241.375 374.842 
5.20039 -5.08046 -0.0857982 678 72.9931 224.49 
9.50215 -2.59683 -1.80067 679 469.799 64.803 
8.96859 -2.90489 1.45636 680 436.073 305.523 
9.51544 -2.58916 0.00507541 681 468.402 199.286 
4.99407 -5.19958 0.559179 682 51.0806 307.328 
8.52145 -3.16304 1.28747 684 410.332 302.422 
5.70419 -4.78959 -0.684915 686 140.92 148.428 
6.4204 -4.37608 -1.66156 687 225.982 39.1536 
7.92479 -3.50752 1.32245 688 370.186 314.374 
8.15199 -3.37635 -0.280505 689 384.618 182.119 
8.26763 -3.30959 0.733282 692 395.155 264.019 
5.39876 -4.96593 1.88504 697 125.338 439.4 
8.01947 -3.45286 0.702216 699 377.87 261.35 
5.29956 -5.0232 -0.579862 701 82.7808 162.949 
7.30395 -3.86597 1.05537 703 323.782 303.778 
6.39348 -4.39163 0.914159 705 237.116 310.193 
7.22497 -3.91156 0.961317 706 318.028 298.13 
5.49777 -4.90876 0.072566 709 120.3 240.625 
7.66579 -3.65706 -1.9146 710 346.605 32.6721 
6.01108 -4.6124 1.08959 711 197.223 337.137 
8.16644 -3.36801 1.19775 712 387.318 299.629 
8.51548 -3.16649 1.61138 714 410.331 325.158 
6.54292 -4.30535 -1.87458 720 237.125 20.7958 
5.45807 -4.93168 0.702726 724 121.585 311.33 
6.58729 -4.27973 1.46929 725 260.582 357.843 
9.11375 -2.82108 -0.331225 726 447.92 176.307 
5.30402 -5.02063 -1.37929 729 70.6995 57.3414 
7.50171 -3.75179 -1.28329 731 335.844 90.9666 
7.13639 -3.96271 -0.718485 732 304.998 146.195 
5.1391 -5.11584 0.224599 734 67.6179 262.176 
6.09889 -4.56171 1.10908 735 206.641 335.636 
9.21579 -2.76217 -1.66979 736 456.141 73.3934 
9.10626 -2.8254 1.29642 737 443.223 293.486 
7.25901 -3.89191 -1.70188 738 311.99 50.6564 
6.72719 -4.19896 0.433244 741 267.848 257.592 
8.61615 -3.10837 -1.12108 742 418.647 113.37 
5.33057 -5.0053 -0.178382 743 94.3554 210.725 
8.54451 -3.14973 -0.0560757 747 411.09 198.776 
7.49302 -3.75681 0.49302 748 338.203 252.263 
9.02166 -1.62597 0.310692 751 542.811 225.047 
8.84921 -1.32728 1.80752 757 562.757 349.564 
9.23701 -1.99898 0.725578 758 511.794 253.394 
8.51992 -0.756939 0.408137 759 633.179 243.263 
9.27207 -2.0597 -0.388348 784 507.788 168.676 
8.5833 -0.866718 0.816146 801 614.931 278.359 
8.79364 -1.23104 1.71911 805 573.85 345.432 
8.79838 -1.23924 -0.076131 817 581.747 195.316 
8.9917 -1.57408 -0.263508 820 550.115 178.017 
9.26539 -2.04812 -1.79237 829 512.464 54.4804 
9.00086 -1.58994 1.58986 834 541.082 325.578 
8.81824 -1.27364 -0.967993 842 582.337 118.087 
9.4474 -2.36338 -1.09642 844 486.819 116.296 
8.71228 -1.09011 -0.848161 845 601.674 127.345 
8.83929 -1.31011 1.12568 849 569.727 295.555 
8.71634 -1.09715 -1.05762 862 603.398 105.695 
8.79205 -1.22828 1.24024 880 576.427 306.053 
9.26617 -2.04948 1.18971 881 505.918 287.155 
8.55161 -0.811824 0.960383 887 623.407 291.301 
8.75985 -1.1725 0.775444 893 585.1 269.591 
9.19568 -1.92739 0.768329 913 513.404 258.475 
8.84897 -1.32687 1.20156 929 565.837 302.035 
8.99498 -1.57975 1.82216 934 542.885 343.451 
8.81557 -1.26902 -1.19832 944 586.531 94.09 
8.73736 -1.13355 1.94259 946 582.309 365.642 
9.40671 -2.2929 1.01021 963 487.449 270.935 
9.36968 -2.22876 1.49865 979 490.807 305.582 
9.47971 -2.41934 0.180696 982 481.19 211.581 
9.45187 -2.37112 -1.5872 989 486.155 79.3066 
8.99905 -1.58682 1.73484 994 541.573 336.245 
8.82589 -1.28688 1.75285 1000 568.357 345.107 
