-7 -0.29883 -1.326 55 0.365771 -0.180611 
-7 0.46862 -2.98529 58 -0.0306192 0.00162323 
-7 -1.05185 -1.49538 60 0.325748 -0.379277 
-7 -1.03485 -3.75523 61 -0.192671 -0.329139 
-7 -0.184126 -2.39523 62 0.096461 -0.146238 
-7 1.26508 -0.184774 63 0.679186 0.240574 
-7 0.0943094 -5.21035 64 -0.429103 -0.0837207 
-7 1.11392 -6.02536 65 -0.532137 0.0971756 
-7 0.886694 -5.35798 67 -0.440756 0.0639363 
-7 1.34911 -4.82912 74 -0.354556 0.155804 
-7 0.577231 -1.47952 76 0.317455 0.0407755 
-7 0.694743 -5.33965 78 -0.440593 0.0288148 
-7 1.12101 -6.65735 79 -0.614749 0.0912841 
-7 0.821262 -3.48263 80 -0.127185 0.0718583 
-7 -1.84392 -6.0007 85 -0.575793 -0.456285 
-7 1.69039 -1.92004 89 0.203236 0.28934 
-7 -0.295975 -5.19552 90 -0.432082 -0.159488 
-7 1.40697 -4.3308 91 -0.273402 0.17512 
-7 0.312724 -0.335245 92 0.651066 -0.0165526 
-7 0.592834 -6.66606 94 -0.624508 0.00160127 
-7 -1.56958 -3.12031 95 -0.0677996 -0.469266 
-7 -1.20087 -3.87679 97 -0.217242 -0.364452 
-7 1.52805 -2.92335 98 -0.0143908 0.228054 
-7 -0.609874 -5.90804 100 -0.542264 -0.216088 
