-1.97014 0.361326 7 3 0.0559525 0.135073 
-2.93389 0.906698 7 9 -0.207262 0.262868 
-2.14837 -1.21575 7 10 0.0358838 -0.320098 
-0.578608 0.00250695 7 11 0.524593 0.0518641 
-0.39693 -1.00404 7 12 0.605525 -0.291336 
-4.80195 0.41523 7 21 -0.573661 0.0910859 
-3.28746 -0.347612 7 22 -0.260386 -0.0796307 
-5.37012 0.037908 7 24 -0.657717 -0.00117774 
-5.21106 1.44812 7 29 -0.66809 0.320551 
-5.40598 0.152698 7 30 -0.666198 0.0236868 
-2.84657 -0.836733 7 31 -0.148777 -0.208028 
-3.76175 1.7333 7 32 -0.410497 0.451771 
-2.21352 -0.0799941 7 33 -0.00332952 0.000826195 
-4.02466 -0.174699 7 39 -0.417173 -0.0399945 
-3.22548 0.288125 7 40 -0.260806 0.0870269 
-5.59816 -0.619665 7 42 -0.676717 -0.143635 
-3.26615 1.27581 7 43 -0.29268 0.351662 
-2.70348 -0.732172 7 47 -0.116403 -0.181323 
