5.98522 3.63329 1.2144 752 299.999 438.678 
5.20903 4.97769 -0.50044 755 468.155 206.3 
6.15778 3.33441 -0.551726 764 244.424 217.445 
6.72499 2.35198 -0.698686 765 110.191 213.72 
6.84891 2.13734 -1.72634 766 81.8773 103.032 
5.03444 5.28009 -1.71136 772 487.703 73.4179 
5.86576 3.8402 -1.56683 775 304.76 103.875 
4.57465 6.07647 -0.980151 777 606.371 140.596 
5.7277 4.07932 -1.90892 781 331.58 64.3509 
6.61901 2.53554 -1.90015 786 134.39 81.7577 
5.84347 3.87882 -1.54309 787 308.818 105.321 
5.70086 4.12582 1.37764 788 375.831 454.315 
5.12308 5.12656 1.56711 791 533.225 467.318 
6.3358 3.02608 -0.89504 793 201.698 183.13 
7.07393 1.74759 -1.06522 794 28.8077 178.689 
5.18216 5.02423 -0.915456 795 466.067 157.995 
6.99287 1.88799 0.446143 798 40.6215 358.002 
5.95878 3.67909 -1.91848 799 278.652 70.9455 
4.59582 6.03981 -1.8766 800 581.797 49.1816 
4.51996 6.17121 -1.82406 806 599.095 51.0724 
6.6228 2.52897 -1.96054 809 133.858 75.2375 
5.66896 4.18107 1.48268 810 388.592 468.462 
7.13747 1.63753 -1.91994 811 19.5562 90.6819 
5.10188 5.16328 -1.16456 819 481.442 129.317 
5.52148 4.43652 -0.0547931 822 403.333 265.963 
5.84215 3.8811 1.25316 824 338.859 440.762 
7.0505 1.78818 -1.26688 833 33.4968 156.546 
5.5405 4.40357 -1.44396 835 377.622 108.717 
6.68672 2.41826 0.33091 836 115.911 336.008 
4.99376 5.35056 -0.727822 848 514.429 175.395 
6.64876 2.484 -1.60616 850 128.355 112.366 
5.62913 4.25005 -0.845981 855 363.774 176.342 
4.56207 6.09827 -1.67131 861 594.48 66.9091 
5.34442 4.7432 -0.804129 863 430.822 175.525 
6.53997 2.67244 -0.861665 866 152.655 191.167 
4.94977 5.42675 -0.328941 868 533.034 223.017 
7.07604 1.74394 0.502742 871 19.7258 365.371 
6.4243 2.87279 -0.337461 872 182.573 248.688 
5.87176 3.82982 -1.86513 873 299.989 74.2701 
6.81272 2.20003 1.31801 874 84.6412 470.922 
4.41808 6.34766 -1.43643 876 632.628 89.5265 
5.30638 4.80908 -0.846641 879 439.566 168.071 
6.67343 2.44128 -1.01357 882 120.828 176.091 
4.56699 6.08973 -1.84141 883 588.378 51.53 
4.79043 5.70272 0.841803 884 600.203 360.77 
5.48992 4.49117 1.01765 885 425.966 399.87 
6.14997 3.34793 -0.772956 886 243.682 193.018 
6.38369 2.94312 -0.846468 889 187.913 188.407 
6.41 2.89756 1.35706 890 189.313 466.048 
5.33186 4.76494 0.690372 894 459.911 353.053 
5.96932 3.66083 1.41731 895 305.48 466.948 
5.88934 3.79937 -0.91473 896 304.27 173.07 
5.07479 5.21021 -0.592079 897 498.465 191.388 
7.13224 1.6466 -0.977877 901 14.2774 189.931 
6.93416 1.98968 -1.06451 904 61.8338 176.178 
4.97651 5.38043 -1.78963 905 498.71 63.2492 
5.14042 5.09654 0.266927 906 499.623 295.91 
6.87866 2.08582 -0.0270921 907 72.4307 294.035 
6.77251 2.26967 -0.747548 908 97.7049 208.327 
4.61439 6.00765 -1.15812 909 593.314 122.036 
4.70431 5.85189 0.465414 910 610.864 311.717 
6.05282 3.51621 -1.75001 911 260.539 86.43 
7.05959 1.77242 -1.7808 914 34.5694 102.844 
4.81756 5.65573 0.693441 919 590.373 342.867 
4.74735 5.77734 -1.4318 921 557.296 96.1686 
5.93483 3.72057 -1.99581 926 286.229 59.4719 
4.92972 5.46147 0.685045 928 559.656 343.986 
6.12516 3.3909 1.11897 932 263.09 428.58 
6.67513 2.43834 -0.321965 935 120.768 257.098 
6.75528 2.29951 -0.729401 938 102.212 210.649 
4.89688 5.51835 -1.08993 939 529.189 134.252 
4.93218 5.45722 -0.369873 940 539.059 214.812 
5.5287 4.42402 0.271974 943 405.19 303.417 
6.43723 2.85038 1.42602 945 183.774 477.643 
5.34394 4.74403 -0.45553 947 438.325 213.313 
5.85587 3.85734 -1.13495 948 312.797 146.518 
7.05329 1.78334 -1.18945 950 31.7986 164.127 
6.22795 3.21288 -0.545567 952 228.047 219.87 
5.80798 3.94029 0.203205 953 334.663 302.177 
4.95506 5.41758 -0.74361 957 524.51 173.308 
6.10007 3.43436 0.816237 960 266.686 387.539 
5.615 4.27453 -0.380425 961 374.407 228.286 
5.29086 4.83597 -1.98418 962 423.877 50.2397 
5.54904 4.38878 0.419383 964 401.313 324.336 
6.0817 3.46619 -1.62949 965 255.738 99.1478 
6.53207 2.68613 -0.981663 967 156.158 178.707 
6.68153 2.42724 -0.314303 968 118.474 258.217 
5.19076 5.00935 -1.7233 970 451.562 73.8386 
5.51039 4.45573 1.34352 972 426.046 445.15 
4.4012 6.3769 -1.37641 973 635.966 92.9552 
6.2372 3.19685 0.871776 983 232.836 396.152 
4.93575 5.45104 -0.7803 984 527.901 169.587 
5.51818 4.44223 -1.47775 990 380.434 105.317 
5.75493 4.03217 1.14041 991 358.678 422.54 
5.53617 4.41107 -1.97751 993 372.727 54.9076 
5.97808 3.64567 0.0489525 995 292.673 288.359 
4.63799 5.96676 0.669191 998 633.25 336.415 
6.58202 2.59961 -0.970701 999 142.657 178.435 
