1.69792 -0.977731 -7 104 0.0421715 -0.180471 
2.77254 -1.94854 -7 108 -0.220123 -0.438342 
2.26927 0.767181 -7 111 -0.159731 0.328458 
2.74139 -0.240151 -7 113 -0.255687 0.0221464 
4.50714 -1.04124 -7 119 -0.614707 -0.195951 
2.98659 0.138239 -7 123 -0.325299 0.122399 
0.474792 -0.485198 -7 124 0.433172 -0.0156039 
4.46367 -0.542201 -7 125 -0.620827 -0.0762238 
3.77354 -0.887468 -7 133 -0.473157 -0.158128 
1.03314 -1.58354 -7 136 0.25877 -0.367742 
3.34213 1.4046 -7 137 -0.443984 0.463747 
0.97797 0.750031 -7 138 0.233066 0.38585 
4.29646 -0.0380129 -7 139 -0.603254 0.0496116 
1.9715 1.13953 -7 144 -0.0863315 0.458262 
1.45576 0.553777 -7 145 0.0814366 0.297397 
0.206379 -1.0164 -7 147 0.541561 -0.193272 
