-7 -1.78251 -2.62609 53 -0.435352 -0.29613 
-7 -0.29883 -1.326 55 -0.16733 0.0294957 
-7 0.46862 -2.98529 58 -0.573164 0.212595 
-7 -1.05185 -1.49538 60 -0.197924 -0.144204 
-7 -0.184126 -2.39523 62 -0.419723 0.0557798 
-7 1.26508 -0.184774 63 0.113029 0.443147 
-7 -1.45394 1.58819 66 0.542225 -0.245408 
-7 -1.07602 2.04225 70 0.668146 -0.159386 
-7 0.577231 -1.47952 76 -0.215766 0.247094 
-7 -1.86155 -2.22478 77 -0.34765 -0.314427 
-7 -0.166603 0.216342 87 0.21225 0.063428 
-7 0.312724 -0.335245 92 0.0731244 0.183745 
-7 -1.56958 -3.12031 95 -0.545515 -0.24994 
-7 1.52805 -2.92335 98 -0.591765 0.490085 
-7 -1.0576 1.73598 99 0.58892 -0.154133 
