-7 0.21307 2.3409 51 0.271858 0.309548 
-7 -0.503339 4.01391 52 0.620489 0.13192 
-7 -0.29883 -1.326 55 -0.690158 0.195986 
-7 -0.441068 2.32778 56 0.262288 0.148874 
-7 -1.45394 1.58819 66 0.086347 -0.0919922 
-7 -0.100249 4.19611 69 0.665436 0.223392 
-7 -1.07602 2.04225 70 0.192269 -0.00184135 
-7 -1.87164 2.51938 75 0.290104 -0.178379 
-7 -1.9255 2.82609 83 0.354327 -0.187174 
-7 -0.72299 3.2493 84 0.459509 0.0821815 
-7 -0.166603 0.216342 87 -0.255635 0.225095 
-7 0.312724 -0.335245 92 -0.412394 0.360159 
-7 -1.0576 1.73598 99 0.12235 0.0014134 
