-2.93389 0.906698 7 9 0.461056 0.343934 
-2.14837 -1.21575 7 10 0.574057 -0.300299 
-4.80195 0.41523 7 21 0.0252574 0.234323 
-3.28746 -0.347612 7 22 0.299044 0.0173532 
-5.92999 -1.73451 7 23 -0.192654 -0.136343 
-5.37012 0.037908 7 24 -0.0740948 0.166391 
-5.21106 1.44812 7 29 -0.00722987 0.452594 
-5.40598 0.152698 7 30 -0.0758818 0.189386 
-2.84657 -0.836733 7 31 0.386901 -0.133642 
-2.21352 -0.0799941 7 33 0.629887 0.0369186 
-5.875 -0.508694 7 36 -0.156034 0.0758497 
-4.02466 -0.174699 7 39 0.144869 0.0878038 
-3.22548 0.288125 7 40 0.346528 0.177867 
-5.59816 -0.619665 7 42 -0.123569 0.0475277 
-3.26615 1.27581 7 43 0.388174 0.444076 
-6.33365 0.109205 7 44 -0.195889 0.195151 
-2.70348 -0.732172 7 47 0.432511 -0.116711 
-6.25916 0.145289 7 48 -0.186352 0.200514 
-7 0.78654 5.75191 68 -0.454816 0.37976 
-7 -0.14175 5.47309 72 -0.529414 0.203689 
-7 1.61955 6.53315 73 -0.302737 0.490668 
-7 0.883221 6.2108 82 -0.370263 0.372245 
-7 1.46933 5.82185 93 -0.427091 0.515203 
-7 -0.576654 5.65743 96 -0.500429 0.112428 
