4.24209 -0.169362 7 2 0.580514 -0.278008 
4.21586 0.44696 7 6 0.595523 -0.121006 
1.43468 0.247817 7 14 -0.093974 -0.0402244 
1.15492 0.329495 7 16 -0.1756 0.00199317 
3.85259 1.05777 7 18 0.542869 0.0486805 
3.59484 -1.08373 7 19 0.408854 -0.506999 
1.72001 0.911917 7 20 0.0263339 0.139871 
2.29586 0.474308 7 27 0.160143 -0.0219514 
1.36705 1.3428 7 37 -0.0512389 0.292415 
1.32504 1.59645 7 41 -0.0492726 0.369656 
1.79943 -0.524923 7 46 -0.0295224 -0.29636 
3.75278 1.55867 7 49 0.539579 0.178312 
