5.64257 -0.481715 -7 109 0.299838 0.0222091 
6.30632 -1.54879 -7 115 0.181145 -0.136462 
4.50714 -1.04124 -7 119 0.489007 -0.136096 
4.46367 -0.542201 -7 125 0.518065 -0.0303583 
6.6867 0.183154 -7 127 0.173955 0.154967 
6.46481 -1.88245 -7 128 0.154771 -0.181728 
3.77354 -0.887468 -7 133 0.677501 -0.148874 
6.08103 -0.977971 -7 134 0.22358 -0.0513802 
4.29646 -0.0380129 -7 139 0.578389 0.0781419 
6.59087 -1.1778 -7 141 0.155375 -0.0660082 
4.8725 1.3091 -7 142 0.500181 0.385267 
6.26277 1.2623 -7 143 0.255133 0.343305 
6.4687 -1.97232 -7 149 0.152377 -0.195497 
7 -0.0623122 -3.31422 152 -0.499825 0.199382 
7 -1.59791 -6.35011 157 0.0252044 -0.12038 
7 1.75895 -5.06184 159 -0.0954586 0.518809 
7 0.863395 -4.44339 163 -0.226585 0.363863 
7 -0.724268 -3.10497 165 -0.564848 0.0433219 
7 -0.863938 -6.09367 166 0.00632303 -0.00263155 
7 1.33843 -4.95324 172 -0.122819 0.437525 
7 0.759759 -5.08223 173 -0.112386 0.313049 
7 -0.518283 -3.0968 179 -0.564713 0.0936243 
7 0.741437 -4.00824 180 -0.319544 0.359185 
7 -0.563655 -4.89557 181 -0.169607 0.0585481 
7 0.831841 -5.58946 182 -0.0305574 0.307059 
7 1.69172 -5.79597 183 0.0178488 0.460716 
7 0.0865561 -4.29161 189 -0.271027 0.202208 
7 -1.97934 -4.46413 190 -0.272288 -0.213792 
7 0.781169 -6.98961 200 0.149144 0.252951 
