5.98522 3.63329 1.2144 752 0.360938 0.374705 
8.29274 -0.363451 -1.35134 761 -0.672462 -0.259406 
6.15778 3.33441 -0.551726 764 0.258952 -0.103379 
6.72499 2.35198 -0.698686 765 -0.0290435 -0.135307 
6.84891 2.13734 -1.72634 766 -0.0874872 -0.377644 
7.18459 1.55593 0.710517 768 -0.251967 0.204075 
7.75054 0.575679 1.75169 773 -0.495426 0.431185 
8.11102 -0.0486967 -1.08378 774 -0.607483 -0.203507 
5.86576 3.8402 -1.56683 775 0.425301 -0.375783 
7.65875 0.734657 0.495993 779 -0.450206 0.141592 
6.87834 2.08637 1.48366 780 -0.112316 0.402638 
5.7277 4.07932 -1.90892 781 0.5026 -0.466438 
6.61901 2.53554 -1.90015 786 0.0255538 -0.429172 
5.84347 3.87882 -1.54309 787 0.438993 -0.368063 
5.70086 4.12582 1.37764 788 0.525423 0.436635 
6.3358 3.02608 -0.89504 793 0.164881 -0.18703 
7.07393 1.74759 -1.06522 794 -0.187514 -0.220104 
7.7677 0.545948 0.346374 797 -0.489213 0.110789 
6.99287 1.88799 0.446143 798 -0.163351 0.143277 
5.95878 3.67909 -1.91848 799 0.369081 -0.462764 
8.13241 -0.0857393 -1.69052 803 -0.609605 -0.336066 
7.79816 0.49319 1.85753 808 -0.520033 0.452544 
6.6228 2.52897 -1.96054 809 0.0253104 -0.440438 
5.66896 4.18107 1.48268 810 0.53831 0.474119 
7.13747 1.63753 -1.91994 811 -0.209256 -0.416707 
7.48096 1.04259 -1.87628 812 -0.350769 -0.393352 
7.81192 0.469365 1.38832 814 -0.520449 0.34299 
8.27608 -0.334586 -0.00492856 815 -0.67818 0.0227333 
7.72815 0.61446 -0.217688 816 -0.46604 -0.0189525 
7.65524 0.740743 -1.67984 818 -0.430444 -0.342365 
6.32015 3.05317 1.6683 821 0.165513 0.480991 
5.52148 4.43652 -0.0547931 822 0.631845 0.0387056 
5.84215 3.8811 1.25316 824 0.436311 0.395159 
7.71438 0.638309 -0.336083 827 -0.464232 -0.041959 
7.15574 1.60589 0.615543 828 -0.235267 0.186519 
7.85255 0.39899 0.707979 831 -0.527318 0.186446 
7.0505 1.78818 -1.26688 833 -0.176316 -0.263478 
5.5405 4.40357 -1.44396 835 0.615907 -0.355302 
6.68672 2.41826 0.33091 836 -0.0181949 0.119304 
8.05704 0.0447927 0.347131 837 -0.599242 0.105232 
8.22434 -0.244979 -0.782358 838 -0.652994 -0.14072 
7.41493 1.15696 -1.61534 839 -0.325023 -0.337596 
6.64876 2.484 -1.60616 850 0.0128397 -0.356805 
5.62913 4.25005 -0.845981 855 0.563735 -0.186283 
7.47605 1.05111 -1.34417 857 -0.356869 -0.271591 
6.53997 2.67244 -0.861665 866 0.060545 -0.177274 
7.07604 1.74394 0.502742 871 -0.197336 0.157161 
6.4243 2.87279 -0.337461 872 0.121015 -0.0459083 
5.87176 3.82982 -1.86513 873 0.418064 -0.454378 
6.81272 2.20003 1.31801 874 -0.080295 0.364837 
8.05963 0.040311 0.283874 878 -0.600899 0.094588 
6.67343 2.44128 -1.01357 882 -0.00089971 -0.209314 
5.48992 4.49117 1.01765 885 0.654093 0.341139 
6.14997 3.34793 -0.772956 886 0.255892 -0.158641 
6.38369 2.94312 -0.846468 889 0.137535 -0.175038 
6.41 2.89756 1.35706 890 0.124687 0.39508 
5.96932 3.66083 1.41731 895 0.359098 0.436632 
5.88934 3.79937 -0.91473 896 0.407314 -0.198768 
7.68639 0.686781 -1.10309 898 -0.444785 -0.215247 
7.3611 1.2502 0.0561545 900 -0.319992 0.04564 
7.13224 1.6466 -0.977877 901 -0.217189 -0.196953 
6.93416 1.98968 -1.06451 904 -0.124862 -0.221252 
6.87866 2.08582 -0.0270921 907 -0.103399 0.0283676 
6.77251 2.26967 -0.747548 908 -0.0545216 -0.144979 
6.05282 3.51621 -1.75001 911 0.317639 -0.416277 
7.05959 1.77242 -1.7808 914 -0.176802 -0.386563 
5.93483 3.72057 -1.99581 926 0.383905 -0.485994 
7.703 0.65802 -0.183774 927 -0.459404 -0.00929453 
7.30009 1.35587 1.86648 930 -0.307569 0.479404 
6.12516 3.3909 1.11897 932 0.271721 0.347239 
8.21418 -0.227369 1.2496 933 -0.668346 0.29934 
6.67513 2.43834 -0.321965 935 -0.00889485 -0.0387409 
7.22829 1.48023 1.7576 937 -0.273767 0.456193 
6.75528 2.29951 -0.729401 938 -0.0449392 -0.138182 
5.5287 4.42402 0.271974 943 0.629244 0.127544 
6.43723 2.85038 1.42602 945 0.104405 0.414796 
5.85587 3.85734 -1.13495 948 0.43011 -0.256999 
7.78699 0.51253 1.89064 949 -0.512129 0.461568 
7.05329 1.78334 -1.18945 950 -0.182529 -0.247336 
7.15835 1.60138 1.8444 951 -0.244355 0.48273 
6.22795 3.21288 -0.545567 952 0.221688 -0.103709 
5.80798 3.94029 0.203205 953 0.455818 0.103461 
8.23755 -0.267852 -0.0508432 959 -0.665045 0.0176088 
6.10007 3.43436 0.816237 960 0.287229 0.261542 
5.615 4.27453 -0.380425 961 0.569979 -0.053452 
5.54904 4.38878 0.419383 964 0.614292 0.166643 
6.0817 3.46619 -1.62949 965 0.299231 -0.382149 
6.53207 2.68613 -0.981663 967 0.0660231 -0.207964 
6.68153 2.42724 -0.314303 968 -0.0135181 -0.0388859 
7.36792 1.23839 -0.614933 971 -0.319043 -0.110274 
5.51039 4.45573 1.34352 972 0.641924 0.435449 
8.33271 -0.432673 -0.868744 976 -0.688281 -0.156503 
7.61247 0.814808 -0.677047 978 -0.417322 -0.124304 
6.66636 2.45352 1.76174 980 -0.0144343 0.486979 
6.2372 3.19685 0.871776 983 0.211238 0.276393 
8.14802 -0.112783 1.12075 986 -0.64325 0.27814 
8.18073 -0.169436 -0.844467 988 -0.630485 -0.153497 
5.51818 4.44223 -1.47775 990 0.630048 -0.364368 
5.75493 4.03217 1.14041 991 0.487969 0.371563 
5.53617 4.41107 -1.97751 993 0.617733 -0.500645 
5.97808 3.64567 0.0489525 995 0.358158 0.06086 
6.58202 2.59961 -0.970701 999 0.0390434 -0.199058 
