-7 0.46862 -2.98529 58 549.569 220.185 
-7 -1.03485 -3.75523 61 453.149 67.786 
-7 -0.184126 -2.39523 62 626.328 136.942 
-7 0.0943094 -5.21035 64 337.539 196.741 
-7 1.11392 -6.02536 65 292.852 279.833 
-7 0.886694 -5.35798 67 334.043 263.153 
-7 1.34911 -4.82912 74 376.542 302.928 
-7 0.694743 -5.33965 78 333.653 247.479 
-7 1.12101 -6.65735 79 256.884 278.926 
-7 0.821262 -3.48263 80 494.712 258.449 
-7 -1.84392 -6.0007 85 266.47 42.3666 
-7 -0.295975 -5.19552 90 335.131 162.944 
-7 1.40697 -4.3308 91 417.573 310.782 
-7 0.592834 -6.66606 94 251.589 241.061 
-7 -1.20087 -3.87679 97 439.526 53.017 
-7 1.52805 -2.92335 98 562.486 334.139 
-7 -0.609874 -5.90804 100 284.265 144.027 
-5.46333 -1.29075 -7 102 110.128 93.3536 
-4.55559 -0.250499 -7 105 38.8959 196.08 
-5.09885 0.316864 -7 107 102.745 245.102 
-6.22725 1.4028 -7 110 199.475 313.211 
-5.05591 -0.451909 -7 117 86.5683 172.617 
-6.20015 -0.954561 -7 122 170.871 127.389 
-6.2831 -0.370457 -7 140 183.198 175.009 
-5.05277 -1.83336 -7 148 62.8539 33.6252 
-6.46998 0.52855 -7 150 204.562 243.255 
