-7 -1.78251 -2.62609 53 249.14 16.5391 
-7 -0.29883 -1.326 55 382.959 170.103 
-7 0.46862 -2.98529 58 208.748 251.958 
-7 -1.05185 -1.49538 60 365.74 86.3256 
-7 -1.03485 -3.75523 61 142.253 100.709 
-7 -0.184126 -2.39523 62 268.178 184.003 
-7 1.26508 -0.184774 63 517.843 357.319 
-7 0.0943094 -5.21035 64 20.1748 211.858 
-7 0.886694 -5.35798 67 6.93169 284.828 
-7 1.34911 -4.82912 74 46.5945 330.736 
-7 0.577231 -1.47952 76 363.544 268.549 
-7 -1.86155 -2.22478 77 289.707 4.16138 
-7 0.694743 -5.33965 78 8.80866 267.172 
-7 0.821262 -3.48263 80 161.8 286.254 
-7 -0.166603 0.216342 87 574.461 183.625 
-7 1.69039 -1.92004 89 312.776 389.117 
-7 -0.295975 -5.19552 90 22.3119 175.683 
-7 1.40697 -4.3308 91 86.8548 339.508 
-7 0.312724 -0.335245 92 500.687 241.542 
-7 -1.56958 -3.12031 95 201.161 42.8818 
-7 -1.20087 -3.87679 97 132.065 84.9666 
-7 1.52805 -2.92335 98 211.967 362.33 
