-7 0.46862 -2.98529 58 528.302 222.986 
-7 -1.03485 -3.75523 61 434.636 70.7039 
-7 -0.184126 -2.39523 62 602.502 142.209 
-7 0.0943094 -5.21035 64 321.286 197.379 
-7 1.11392 -6.02536 65 277.658 279.379 
-7 0.886694 -5.35798 67 318.222 263.212 
-7 1.34911 -4.82912 74 360.18 302.775 
-7 0.694743 -5.33965 78 317.745 247.692 
-7 1.12101 -6.65735 79 241.994 278.196 
-7 0.821262 -3.48263 80 475.213 259.987 
-7 -1.84392 -6.0007 85 249.455 41.4077 
-7 -0.295975 -5.19552 90 318.708 163.69 
-7 1.40697 -4.3308 91 400.301 310.75 
-7 0.592834 -6.66606 94 236.384 240.516 
-7 -1.20087 -3.87679 97 421.241 55.6751 
-7 1.52805 -2.92335 98 540.401 334.339 
-7 -0.609874 -5.90804 100 268.081 144.033 
-5.46333 -1.29075 -7 102 90.4291 93.758 
-4.55559 -0.250499 -7 105 18.3305 199.478 
-5.09885 0.316864 -7 107 84.8297 247.479 
-6.22725 1.4028 -7 110 184.365 313.234 
-5.05591 -0.451909 -7 117 67.1953 174.705 
-6.20015 -0.954561 -7 122 153.368 127.212 
-6.2831 -0.370457 -7 140 166.48 175.102 
-5.05277 -1.83336 -7 148 40.6006 33.4994 
-6.46998 0.52855 -7 150 188.921 243.228 
