7 -1.49784 0.349314 151 -0.687619 -0.403532 
7 -0.0623122 -3.31422 152 0.228851 0.0186549 
7 0.36994 -1.65205 155 -0.137925 0.116213 
7 0.947338 -0.351981 158 -0.485504 0.271303 
7 1.75895 -5.06184 159 0.528074 0.384053 
7 0.343459 -2.54532 160 0.0669644 0.108435 
7 -0.647617 -0.188366 161 -0.5251 -0.153907 
7 1.08732 -1.94397 162 -0.0731231 0.285398 
7 0.863395 -4.44339 163 0.431084 0.21219 
7 -0.724268 -3.10497 165 0.19171 -0.129321 
7 1.33843 -4.95324 172 0.513528 0.30278 
7 0.759759 -5.08223 173 0.53891 0.187439 
7 -0.518283 -3.0968 179 0.188585 -0.0835317 
7 0.741437 -4.00824 180 0.354647 0.189827 
7 -0.563655 -4.89557 181 0.518413 -0.0762885 
7 0.831841 -5.58946 182 0.61831 0.198577 
7 1.69172 -5.79597 183 0.643097 0.360141 
7 -0.443496 -0.586995 184 -0.410984 -0.0936906 
7 -1.20096 -0.713027 185 -0.371569 -0.289447 
7 -0.746732 -0.782938 186 -0.354956 -0.169708 
7 0.0865561 -4.29161 189 0.410304 0.0530665 
7 -1.97934 -4.46413 190 0.456062 -0.373015 
7 -1.56385 -0.742436 193 -0.361356 -0.383509 
7 -1.07027 0.309808 197 -0.676886 -0.281518 
7 1.83558 -1.14915 198 -0.272779 0.481436 
