5.64257 -0.481715 -7 109 0.139419 -0.00509846 
6.30632 -1.54879 -7 115 0.036979 -0.17723 
4.50714 -1.04124 -7 119 0.321919 -0.142116 
4.46367 -0.542201 -7 125 0.339809 -0.0350409 
6.6867 0.183154 -7 127 0.0165367 0.112865 
6.46481 -1.88245 -7 128 0.0139207 -0.227158 
3.77354 -0.887468 -7 133 0.489979 -0.134276 
6.08103 -0.977971 -7 134 0.0727658 -0.0860335 
3.34213 1.4046 -7 137 0.662156 0.457739 
4.29646 -0.0380129 -7 139 0.384273 0.0746593 
6.59087 -1.1778 -7 141 0.00915702 -0.108165 
4.8725 1.3091 -7 142 0.293863 0.351976 
6.26277 1.2623 -7 143 0.0815116 0.29763 
6.4687 -1.97232 -7 149 0.0122608 -0.241793 
7 -1.59791 -6.35011 157 -0.12185 -0.170473 
7 1.75895 -5.06184 159 -0.274107 0.47073 
7 0.863395 -4.44339 163 -0.410661 0.328781 
7 -0.863938 -6.09367 166 -0.147467 -0.0474677 
7 1.33843 -4.95324 172 -0.300627 0.395027 
7 0.759759 -5.08223 173 -0.286058 0.273611 
7 0.741437 -4.00824 180 -0.513214 0.32869 
7 -0.563655 -4.89557 181 -0.341753 0.0178386 
7 0.831841 -5.58946 182 -0.199058 0.264355 
7 1.69172 -5.79597 183 -0.154738 0.409312 
7 0.0865561 -4.29161 189 -0.457527 0.168364 
7 -1.97934 -4.46413 190 -0.453785 -0.275798 
7 0.781169 -6.98961 200 -0.0107898 0.2051 
