9.29836 -2.71449 1.94602 503 -0.450508 0.418631 
9.54954 -2.56948 1.62614 504 -0.407513 0.35784 
9.1254 -2.81435 -0.972402 505 -0.452776 -0.0554063 
8.36902 -3.25105 -1.59632 512 -0.593475 -0.191249 
9.51565 -2.58904 1.12107 521 -0.406914 0.275172 
8.29682 -3.29273 -0.961132 526 -0.61444 -0.0804127 
9.28962 -2.71954 -1.63781 531 -0.422185 -0.155629 
8.80092 -3.00169 1.19755 545 -0.529351 0.313384 
8.43181 -3.2148 -0.531218 590 -0.587503 -0.00107627 
8.52047 -3.16361 0.124086 605 -0.574957 0.125735 
8.58348 -3.12723 -1.98018 608 -0.54191 -0.247763 
8.21821 -3.33812 0.87683 609 -0.655766 0.274698 
8.95105 -2.91501 -0.0284258 613 -0.491595 0.0960151 
8.58134 -3.12847 1.5153 614 -0.582126 0.383674 
8.24406 -3.3232 1.57934 624 -0.65872 0.413033 
8.74387 -3.03463 -1.74637 631 -0.513794 -0.1971 
8.37201 -3.24932 -1.42691 633 -0.594405 -0.164329 
8.5643 -3.13831 0.571234 665 -0.572756 0.202673 
8.78782 -3.00925 1.27741 666 -0.536272 0.330737 
8.98332 -2.89638 -0.0875092 671 -0.484435 0.0878067 
9.50215 -2.59683 -1.80067 679 -0.391766 -0.173521 
8.96859 -2.90489 1.45636 680 -0.505936 0.354397 
9.51544 -2.58916 0.00507541 681 -0.40099 0.104976 
8.52145 -3.16304 1.28747 684 -0.591027 0.342326 
8.15199 -3.37635 -0.280505 689 -0.657345 0.0464759 
8.26763 -3.30959 0.733282 692 -0.640319 0.242722 
8.16644 -3.36801 1.19775 712 -0.671332 0.343885 
8.51548 -3.16649 1.61138 714 -0.592225 0.406294 
9.11375 -2.82108 -0.331225 726 -0.462918 0.0469553 
9.21579 -2.76217 -1.66979 736 -0.435866 -0.166994 
9.10626 -2.8254 1.29642 737 -0.474688 0.321847 
8.61615 -3.10837 -1.12108 742 -0.544528 -0.100031 
8.54451 -3.14973 -0.0560757 747 -0.570481 0.0886185 
9.02166 -1.62597 0.310692 751 -0.276224 0.154743 
8.84921 -1.32728 1.80752 757 -0.237076 0.419941 
9.23701 -1.99898 0.725578 758 -0.326757 0.22331 
8.51992 -0.756939 0.408137 759 -0.137849 0.172226 
8.29274 -0.363451 -1.35134 761 -0.0697225 -0.152157 
6.72499 2.35198 -0.698686 765 0.624415 -0.0866554 
6.84891 2.13734 -1.72634 766 0.529939 -0.330846 
7.18459 1.55593 0.710517 768 0.379774 0.273539 
7.75054 0.575679 1.75169 773 0.130685 0.485735 
8.11102 -0.0486967 -1.08378 774 -0.0092221 -0.109781 
7.65875 0.734657 0.495993 779 0.159212 0.209902 
6.87834 2.08637 1.48366 780 0.561067 0.501959 
9.27207 -2.0597 -0.388348 784 -0.329618 0.0365941 
6.61901 2.53554 -1.90015 786 0.669227 -0.402798 
7.07393 1.74759 -1.06522 794 0.419461 -0.155444 
7.7677 0.545948 0.346374 797 0.117479 0.173585 
6.99287 1.88799 0.446143 798 0.478878 0.213944 
8.5833 -0.866718 0.816146 801 -0.160423 0.248631 
8.13241 -0.0857393 -1.69052 803 -0.0167775 -0.219462 
8.79364 -1.23104 1.71911 805 -0.220407 0.406721 
7.79816 0.49319 1.85753 808 0.108822 0.503853 
6.6228 2.52897 -1.96054 809 0.663825 -0.417257 
7.13747 1.63753 -1.91994 811 0.378417 -0.350155 
7.48096 1.04259 -1.87628 812 0.223319 -0.3065 
7.81192 0.469365 1.38832 814 0.101208 0.40166 
8.27608 -0.334586 -0.00492856 815 -0.0654002 0.0996789 
7.72815 0.61446 -0.217688 816 0.125663 0.0554514 
8.79838 -1.23924 -0.076131 817 -0.214245 0.0862296 
7.65524 0.740743 -1.67984 818 0.154766 -0.25081 
8.9917 -1.57408 -0.263508 820 -0.263637 0.0568558 
8.44778 -0.631981 -1.44841 825 -0.113955 -0.161286 
7.71438 0.638309 -0.336083 827 0.133419 0.0264636 
7.15574 1.60589 0.615543 828 0.390308 0.246489 
9.26539 -2.04812 -1.79237 829 -0.318235 -0.179695 
8.37839 -0.511796 0.804967 830 -0.0962801 0.25489 
7.85255 0.39899 0.707979 831 0.0886161 0.250509 
7.0505 1.78818 -1.26688 833 0.43083 -0.206475 
9.00086 -1.58994 1.58986 834 -0.271997 0.377852 
6.68672 2.41826 0.33091 836 0.661636 0.190479 
8.05704 0.0447927 0.347131 837 0.00836786 0.168097 
8.22434 -0.244979 -0.782358 838 -0.0424228 -0.0473242 
7.41493 1.15696 -1.61534 839 0.251848 -0.255933 
8.81824 -1.27364 -0.967993 842 -0.217841 -0.0643426 
9.4474 -2.36338 -1.09642 844 -0.361523 -0.0721788 
8.71228 -1.09011 -0.848161 845 -0.189643 -0.044689 
8.83929 -1.31011 1.12568 849 -0.229748 0.302118 
6.64876 2.484 -1.60616 850 0.656994 -0.327862 
8.421 -0.585604 -0.76008 856 -0.106469 -0.0414612 
7.47605 1.05111 -1.34417 857 0.23135 -0.19222 
8.71634 -1.09715 -1.05762 862 -0.190027 -0.0842358 
7.07604 1.74394 0.502742 871 0.433664 0.226735 
6.81272 2.20003 1.31801 874 0.599636 0.461632 
8.05963 0.040311 0.283874 878 0.00792159 0.153607 
8.79205 -1.22828 1.24024 880 -0.220336 0.324015 
9.26617 -2.04948 1.18971 881 -0.336133 0.295395 
6.67343 2.44128 -1.01357 882 0.650525 -0.170564 
8.55161 -0.811824 0.960383 887 -0.147951 0.280245 
8.75985 -1.1725 0.775444 893 -0.206955 0.240776 
7.68639 0.686781 -1.10309 898 0.147014 -0.130001 
7.3611 1.2502 0.0561545 900 0.288349 0.112174 
7.13224 1.6466 -0.977877 901 0.392138 -0.133583 
8.49526 -0.714226 0.0445874 902 -0.134349 0.105686 
6.93416 1.98968 -1.06451 904 0.494898 -0.164686 
6.87866 2.08582 -0.0270921 907 0.538811 0.0928572 
6.77251 2.26967 -0.747548 908 0.594382 -0.096799 
9.19568 -1.92739 0.768329 913 -0.319306 0.227762 
7.05959 1.77242 -1.7808 914 0.423807 -0.326521 
7.703 0.65802 -0.183774 927 0.138062 0.0626714 
8.84897 -1.32687 1.20156 929 -0.229697 0.310628 
8.21418 -0.227369 1.2496 933 -0.0458714 0.350844 
8.99498 -1.57975 1.82216 934 -0.272774 0.41594 
6.67513 2.43834 -0.321965 935 0.661183 0.0128785 
6.75528 2.29951 -0.729401 938 0.604174 -0.091638 
8.51325 -0.745376 -0.600431 941 -0.135655 -0.0107904 
8.81557 -1.26902 -1.19832 944 -0.21266 -0.099046 
8.73736 -1.13355 1.94259 946 -0.208261 0.455024 
7.78699 0.51253 1.89064 949 0.111635 0.51419 
7.05329 1.78334 -1.18945 950 0.429316 -0.186182 
8.23755 -0.267852 -0.0508432 959 -0.0515887 0.0951684 
9.40671 -2.2929 1.01021 963 -0.364687 0.262104 
6.68153 2.42724 -0.314303 968 0.656219 0.0118372 
7.36792 1.23839 -0.614933 971 0.280184 -0.0382256 
8.33271 -0.432673 -0.868744 976 -0.0808563 -0.06235 
7.61247 0.814808 -0.677047 978 0.16775 -0.0485054 
9.36968 -2.22876 1.49865 979 -0.362516 0.346237 
9.47971 -2.41934 0.180696 982 -0.377514 0.131741 
8.49831 -0.719498 -1.83038 985 -0.129381 -0.223467 
8.14802 -0.112783 1.12075 986 -0.0209792 0.32388 
8.42012 -0.584075 0.413676 987 -0.109308 0.18184 
8.18073 -0.169436 -0.844467 988 -0.034451 -0.0600031 
9.45187 -2.37112 -1.5872 989 -0.365893 -0.138642 
8.99905 -1.58682 1.73484 994 -0.274402 0.400285 
8.82589 -1.28688 1.75285 1000 -0.230416 0.40977 
