-7 0.0943094 -5.21035 64 0.601166 0.207761 
-7 1.11392 -6.02536 65 0.428758 0.391475 
-7 0.886694 -5.35798 67 0.565633 0.376204 
-7 0.694743 -5.33965 78 0.5703 0.33461 
-7 1.12101 -6.65735 79 0.323019 0.365159 
-7 -1.84392 -6.0007 85 0.451045 -0.157308 
-7 -0.295975 -5.19552 90 0.605213 0.124473 
-7 0.592834 -6.66606 94 0.326349 0.269571 
-7 -0.609874 -5.90804 100 0.460651 0.0607123 
-5.46333 -1.29075 -7 102 0.121817 -0.100603 
-4.55559 -0.250499 -7 105 -0.0338729 0.0684736 
-2.11042 -0.0563179 -7 106 -0.651803 0.0279811 
-5.09885 0.316864 -7 107 0.0426462 0.197144 
-6.22725 1.4028 -7 110 0.181596 0.410894 
-5.05591 -0.451909 -7 117 0.050469 0.0418558 
-3.07632 -1.96878 -7 120 -0.281072 -0.396851 
-3.56835 0.827876 -7 121 -0.26395 0.30655 
-6.20015 -0.954561 -7 122 0.207881 -0.0147935 
-2.10211 -0.684594 -7 129 -0.616754 -0.159627 
-3.11373 -0.303232 -7 130 -0.333777 0.00542644 
-3.58737 1.4874 -7 135 -0.28335 0.482426 
-6.2831 -0.370457 -7 140 0.210497 0.0874858 
-5.05277 -1.83336 -7 148 0.0743863 -0.218974 
-6.46998 0.52855 -7 150 0.221409 0.248017 
