7.15996 -3.9491 0.231069 501 0.135686 0.0794823 
7.75999 -3.60267 0.808332 502 0.234202 0.181047 
9.29836 -2.71449 1.94602 503 0.441429 0.337212 
9.54954 -2.56948 1.62614 504 0.478753 0.279666 
9.1254 -2.81435 -0.972402 505 0.440857 -0.136269 
4.32541 -5.58563 0.848861 506 -0.659464 0.30398 
8.36902 -3.25105 -1.59632 512 0.348206 -0.260677 
5.15051 -5.10926 0.655281 515 -0.355995 0.214296 
7.62157 -3.68259 0.309022 516 0.217795 0.0871479 
5.54127 -4.88365 0.584966 517 -0.243639 0.186774 
7.24861 -3.89792 -1.1423 520 0.163162 -0.199966 
9.51565 -2.58904 1.12107 521 0.475876 0.199092 
6.5432 -4.30518 -1.86519 522 0.0222067 -0.382024 
4.96491 -5.21641 -0.162781 524 -0.417343 0.00292503 
5.3746 -4.97988 1.7937 525 -0.290967 0.486899 
8.29682 -3.29273 -0.961132 526 0.333071 -0.144217 
4.45282 -5.51207 0.330289 528 -0.604107 0.145463 
7.67594 -3.6512 1.18816 529 0.220572 0.250607 
9.28962 -2.71954 -1.63781 531 0.471195 -0.241553 
5.78814 -4.74112 0.731293 533 -0.176596 0.215048 
7.01301 -4.03394 -0.97463 534 0.113325 -0.169761 
6.50511 -4.32718 -1.71048 538 0.0147892 -0.341448 
7.77252 -3.59544 -0.54676 544 0.250587 -0.0732506 
8.80092 -3.00169 1.19755 545 0.385008 0.230793 
5.8167 -4.72463 -0.692834 547 -0.160013 -0.12645 
5.94865 -4.64845 -0.108768 552 -0.127972 0.0143123 
5.11501 -5.12975 -1.32998 563 -0.364289 -0.315736 
5.60572 -4.84644 -1.12497 564 -0.212987 -0.241613 
4.23148 -5.63986 1.46124 569 -0.695017 0.485809 
8.06725 -3.42528 1.6113 573 0.278373 0.321816 
4.78434 -5.32066 -1.81187 575 -0.475828 -0.466738 
7.62174 -3.68249 1.0201 577 0.212167 0.225119 
5.79079 -4.73959 0.326224 579 -0.16987 0.115973 
6.08574 -4.5693 -0.422393 587 -0.0945993 -0.0591412 
5.95338 -4.64572 1.4698 588 -0.134524 0.375263 
6.59806 -4.27351 1.37278 589 0.0140207 0.3293 
8.43181 -3.2148 -0.531218 590 0.346306 -0.0682509 
7.71485 -3.62873 -1.31027 594 0.24363 -0.21875 
5.81744 -4.72421 1.86454 597 -0.173413 0.475932 
8.52047 -3.16361 0.124086 605 0.355147 0.0517069 
4.89471 -5.25694 -0.199595 606 -0.44123 -0.00899663 
8.58348 -3.12723 -1.98018 608 0.381094 -0.325417 
8.21821 -3.33812 0.87683 609 0.304696 0.183691 
8.95105 -2.91501 -0.0284258 613 0.414652 0.0238119 
8.58134 -3.12847 1.5153 614 0.355679 0.285747 
5.91431 -4.66828 0.963849 617 -0.145263 0.262766 
7.88394 -3.53111 -1.51631 618 0.275877 -0.25965 
8.24406 -3.3232 1.57934 624 0.304081 0.307265 
5.34694 -4.99584 -0.371774 630 -0.293508 -0.0556497 
8.74387 -3.03463 -1.74637 631 0.402671 -0.276791 
8.37201 -3.24932 -1.42691 633 0.346936 -0.226839 
7.92744 -3.50599 0.853241 634 0.262089 0.183703 
7.04767 -4.01393 1.30024 635 0.108125 0.299269 
5.60109 -4.84911 1.5746 636 -0.229368 0.422633 
6.13888 -4.53862 1.31542 644 -0.0884492 0.340159 
6.14497 -4.53511 -1.1835 648 -0.072235 -0.233063 
7.74644 -3.6105 0.0375105 649 0.239197 0.0342709 
7.0982 -3.98476 0.68195 653 0.12584 0.171316 
7.02559 -4.02668 0.448994 659 0.111202 0.123536 
4.82206 -5.29889 0.859675 662 -0.461245 0.284589 
4.88586 -5.26205 0.975449 663 -0.445706 0.311121 
8.5643 -3.13831 0.571234 665 0.365337 0.126782 
8.78782 -3.00925 1.27741 666 0.383791 0.241569 
6.55913 -4.29599 -1.18896 667 0.0235263 -0.222948 
8.98332 -2.89638 -0.0875092 671 0.42097 0.0113649 
4.78329 -5.32127 0.804293 674 -0.476656 0.267418 
6.39838 -4.3888 1.60708 675 -0.0247567 0.380778 
5.20039 -5.08046 -0.0857982 678 -0.340432 0.0221696 
9.50215 -2.59683 -1.80067 679 0.49726 -0.267236 
8.96859 -2.90489 1.45636 680 0.405897 0.266807 
9.51544 -2.58916 0.00507541 681 0.485875 0.0232529 
4.99407 -5.19958 0.559179 682 -0.41298 0.19498 
8.52145 -3.16304 1.28747 684 0.346531 0.254043 
5.70419 -4.78959 -0.684915 686 -0.192586 -0.122816 
6.4204 -4.37608 -1.66156 687 -0.00533436 -0.34192 
7.92479 -3.50752 1.32245 688 0.259268 0.270312 
8.15199 -3.37635 -0.280505 689 0.307822 -0.0256268 
8.26763 -3.30959 0.733282 692 0.316147 0.158953 
5.39876 -4.96593 1.88504 697 -0.285413 0.51229 
4.82073 -5.29965 -1.08631 698 -0.465339 -0.258777 
8.01947 -3.45286 0.702216 699 0.281446 0.161437 
5.29956 -5.0232 -0.579862 701 -0.310768 -0.108891 
7.30395 -3.86597 1.05537 703 0.157633 0.236747 
6.39348 -4.39163 0.914159 705 -0.0269157 0.242928 
7.22497 -3.91156 0.961317 706 0.143221 0.222227 
4.30182 -5.59925 -1.21577 708 -0.668817 -0.323068 
5.49777 -4.90876 0.072566 709 -0.249093 0.063368 
7.66579 -3.65706 -1.9146 710 0.239918 -0.34415 
6.01108 -4.6124 1.08959 711 -0.118342 0.289616 
8.16644 -3.36801 1.19775 712 0.297987 0.242725 
8.51548 -3.16649 1.61138 714 0.345271 0.304043 
6.54292 -4.30535 -1.87458 720 0.01937 -0.380421 
4.48631 -5.49273 -1.46496 723 -0.593179 -0.385818 
5.45807 -4.93168 0.702726 724 -0.26611 0.217449 
6.58729 -4.27973 1.46929 725 0.0100437 0.352006 
9.11375 -2.82108 -0.331225 726 0.440267 -0.0335021 
5.30402 -5.02063 -1.37929 729 -0.305024 -0.31849 
7.50171 -3.75179 -1.28329 731 0.208405 -0.222595 
7.13639 -3.96271 -0.718485 732 0.136783 -0.113529 
5.1391 -5.11584 0.224599 734 -0.361341 0.106011 
6.09889 -4.56171 1.10908 735 -0.0926847 0.290844 
9.21579 -2.76217 -1.66979 736 0.46406 -0.252455 
9.10626 -2.8254 1.29642 737 0.424915 0.242046 
7.25901 -3.89191 -1.70188 738 0.164907 -0.317794 
4.48121 -5.49568 0.424736 739 -0.591429 0.174561 
6.72719 -4.19896 0.433244 741 0.0452238 0.126239 
8.61615 -3.10837 -1.12108 742 0.380146 -0.1703 
5.33057 -5.0053 -0.178382 743 -0.29754 -0.00568496 
8.54451 -3.14973 -0.0560757 747 0.362889 0.0196244 
7.49302 -3.75681 0.49302 748 0.194091 0.127654 
9.02166 -1.62597 0.310692 751 0.670234 0.0987043 
9.23701 -1.99898 0.725578 758 0.583127 0.163661 
9.27207 -2.0597 -0.388348 784 0.586533 -0.0334494 
8.9917 -1.57408 -0.263508 820 0.693902 -0.00957874 
9.26539 -2.04812 -1.79237 829 0.600658 -0.284959 
9.00086 -1.58994 1.58986 834 0.663516 0.333567 
9.4474 -2.36338 -1.09642 844 0.533515 -0.153607 
9.26617 -2.04948 1.18971 881 0.573573 0.235873 
9.19568 -1.92739 0.768329 913 0.598211 0.166291 
8.99498 -1.57975 1.82216 934 0.666155 0.378318 
9.40671 -2.2929 1.01021 963 0.529199 0.195965 
9.36968 -2.22876 1.49865 979 0.541017 0.275879 
9.47971 -2.41934 0.180696 982 0.514093 0.057487 
9.45187 -2.37112 -1.5872 989 0.536298 -0.233339 
8.99905 -1.58682 1.73484 994 0.664791 0.360799 
