-1.97014 0.361326 7 3 0.366705 0.0652021 
-2.93389 0.906698 7 9 0.11734 0.245017 
-2.14837 -1.21575 7 10 0.248239 -0.362605 
-4.80195 0.41523 7 21 -0.26861 0.153725 
-3.28746 -0.347612 7 22 -0.00114751 -0.0686913 
-5.92999 -1.73451 7 23 -0.449079 -0.225667 
-5.37012 0.037908 7 24 -0.359239 0.0866695 
-5.21106 1.44812 7 29 -0.318964 0.383203 
-5.40598 0.152698 7 30 -0.363065 0.110641 
-2.84657 -0.836733 7 31 0.0844895 -0.212856 
-3.76175 1.7333 7 32 -0.0509454 0.466206 
-2.21352 -0.0799941 7 33 0.27458 -0.0518169 
-5.875 -0.508694 7 36 -0.432344 -0.00587783 
-4.02466 -0.174699 7 39 -0.144523 0.0020717 
-3.22548 0.288125 7 40 0.0294429 0.0869779 
-5.59816 -0.619665 7 42 -0.397337 -0.035678 
-3.26615 1.27581 7 43 0.0479661 0.347777 
-6.33365 0.109205 7 44 -0.48413 0.12057 
-2.70348 -0.732172 7 47 0.121854 -0.196203 
-6.25916 0.145289 7 48 -0.474908 0.125938 
-7 1.61955 6.53315 73 -0.640491 0.434419 
