-2.36095 6.71981 0.0648834 6 477.159 127.511 
-3.05032 6.3218 1.27862 8 610.92 310.408 
-1.18389 7.39938 -0.935763 10 277.269 9.49058 
-0.178643 7.97976 0.508014 11 161.65 212.484 
0.882168 8.59222 -0.707979 12 30.5562 81.9056 
0.308716 8.26114 -0.602419 18 92.6897 84.7476 
-2.78176 6.47686 1.65747 19 556.422 362.334 
-0.834292 7.60122 -0.745649 20 227.862 42.7055 
-2.65363 6.55083 1.42287 22 531.899 328.259 
-2.57331 6.5972 -0.0115366 25 512.823 114.162 
-1.29918 7.33282 1.56526 29 314.79 340.803 
-2.71663 6.51445 0.575812 32 543.377 204.288 
1.20489 8.77855 1.35968 34 28.3158 305.998 
0.643979 8.45471 0.172026 37 66.598 180.311 
1.0009 8.66077 1.01151 39 42.4655 273.261 
-1.4565 7.24199 0.969849 43 330.97 265.368 
-2.14768 6.84294 -0.101629 51 435.588 108.138 
-1.24468 7.36429 0.57792 55 298.483 212.517 
-0.449959 7.82312 -0.349133 56 183.712 104.855 
1.11916 8.72905 0.11871 59 18.761 177.855 
0.976565 8.64672 0.659001 63 40.63 235.195 
-1.42581 7.25971 0.982136 67 327.773 266.623 
-2.63329 6.56257 1.86537 75 530.66 390.37 
0.772201 8.52873 0.816256 76 62.9609 250.699 
-2.18179 6.82325 0.0567123 84 442.814 131.808 
-1.81168 7.03693 1.23812 85 386.429 299.266 
-2.31638 6.74554 0.814643 87 470.191 240.451 
0.17216 8.1823 0.981234 106 125.744 269.052 
-1.22592 7.37512 0.548265 107 293.225 208.897 
-0.30588 7.9063 0.0837691 108 170.433 159.555 
-2.27819 6.76759 -0.186085 109 458.948 90.3954 
-0.383025 7.86176 0.22409 112 182.107 176.083 
1.39446 8.888 1.03195 114 7.60561 275.395 
-1.79023 7.04931 1.8524 116 389.583 381.881 
-0.803108 7.61923 -0.814071 117 222.372 31.2388 
1.29458 8.83033 1.97538 118 28.85 366.386 
-0.964105 7.52628 0.885878 120 263.274 255.601 
0.0926466 8.13639 -1.10015 128 106.904 18.2553 
-1.20685 7.38613 1.22507 129 298.986 298.053 
-2.44383 6.67196 -0.385326 131 488.899 57.2774 
1.04442 8.6859 0.452906 133 29.4116 212.814 
-1.33285 7.31338 0.696058 135 309.456 226.931 
-0.621084 7.72432 1.104 141 220.113 282.325 
-0.582336 7.74669 0.181318 147 205.857 168.49 
-0.447254 7.82468 0.726916 148 193.722 237.452 
-1.07075 7.46471 -0.23607 149 263.704 107.725 
-0.106953 8.02115 -0.188349 150 142.107 130.888 
-2.79823 6.46735 0.492322 157 558.487 186.822 
-2.15233 6.84026 -0.0957294 160 435.345 108.095 
-2.43306 6.67818 0.0756168 161 488.076 129.573 
-0.717429 7.6687 0.357392 164 223.979 190.109 
-2.12399 6.85662 0.667081 166 436.372 220.641 
0.840218 8.568 1.74362 168 67.0913 347.21 
0.0695622 8.12307 1.38063 169 143.23 312.985 
-1.10514 7.44485 1.99159 172 292.811 390.525 
0.827608 8.56072 -0.196826 177 43.7283 138.5 
0.817645 8.55497 1.17423 181 65.0995 287.977 
1.11154 8.72465 -0.22035 188 16.42 141.445 
-1.12203 7.4351 -0.763709 191 268.568 32.9158 
-0.560641 7.75922 -0.484044 192 195.57 83.8425 
1.01143 8.66685 -1.03298 194 12.6029 46.1534 
-1.21876 7.37925 1.56713 198 302.582 340.304 
-2.46086 6.66212 1.43715 200 495.829 330.076 
-2.60244 6.58039 -0.419929 205 517.571 46.0576 
0.530427 8.38915 0.212413 206 79.6879 182.444 
-1.89242 6.99031 1.67854 209 402.908 357.949 
-2.75916 6.4899 1.6333 210 551.902 362.038 
-0.0829147 8.03503 0.967789 213 154.29 266.951 
-1.32904 7.31558 0.826885 214 310.392 246.01 
-2.20564 6.80948 0.351964 217 447.786 172.695 
0.498224 8.37055 -0.257251 218 75.5301 127.925 
-1.18272 7.40006 -0.335728 222 280.671 90.7389 
1.50761 8.95332 1.78202 225 8.73766 348.147 
0.843826 8.57009 1.93717 228 71.6761 366.879 
-2.92339 6.39508 1.13342 229 584.233 288.208 
0.842776 8.56948 1.16326 230 59.0926 286.863 
1.20088 8.77623 0.396294 235 16.0763 209.169 
-0.477256 7.80736 0.692004 238 197.384 233.356 
-2.63039 6.56425 -0.0067306 240 524.993 111.75 
0.34969 8.2848 -0.208161 246 90.2068 133.704 
-2.65581 6.54957 -0.244999 247 528.989 72.3386 
