2.56137 9.56171 -1.26435 9 560.245 73.6592 
1.53151 8.96712 0.925447 27 620.085 275.9 
1.89409 9.17646 -0.898766 30 617.882 100.357 
2.2299 9.37034 -1.63427 48 597.853 32.7002 
2.502 9.52743 1.21213 60 524.885 278.44 
2.48091 9.51526 -1.52748 64 575.141 49.4775 
1.84359 9.1473 -0.734752 70 620.735 115.584 
2.0992 9.29488 1.12901 72 558.372 280.363 
2.43447 9.48845 -1.27169 74 570.957 71.8929 
2.20527 9.35612 0.861552 89 554.641 255.781 
1.39446 8.888 1.03195 114 634.718 294.556 
1.29458 8.83033 1.97538 118 623.243 385.217 
1.68572 9.05615 0.970133 121 602.323 280.126 
2.0713 9.27877 -0.869126 143 598.328 104.056 
2.40916 9.47383 1.43867 146 528.755 297.991 
2.34296 9.43561 0.313575 151 552.415 208.107 
1.50761 8.95332 1.78202 225 604.542 357.424 
2.3848 9.45977 -0.140995 231 555.457 170.197 
2.1672 9.33414 0.137181 241 572.102 194.285 
2.5324 9.54499 -0.521146 243 550.767 137.263 
2.29158 9.40595 0.467399 249 555.882 221.871 
3.95041 7.15768 -0.115486 754 344.447 135.796 
5.20903 4.97769 -0.50044 755 34.2553 25.5191 
4.55568 6.10933 1.89736 756 198.47 346.532 
4.31954 6.51834 0.440036 760 265.066 186.936 
2.79672 9.15593 1.45335 762 488.794 294.028 
3.65369 7.67162 -0.409443 763 399.727 116.274 
3.63308 7.70731 -0.253667 767 400.795 132.323 
4.46197 6.27165 0.273057 769 237.27 165.772 
4.61126 6.01306 1.59096 770 186.012 313.453 
3.94821 7.16151 -0.305332 771 347.185 116.155 
3.17581 8.49933 -0.450529 776 471.958 129.192 
4.57465 6.07647 -0.980151 777 222.952 4.07653 
2.96438 8.86554 -0.466828 778 498.477 130.74 
3.01964 8.76982 1.66075 782 458.286 311.585 
2.91765 8.94648 -1.66232 783 525.206 21.3046 
5.15479 5.07165 1.79947 785 40.3242 341.785 
4.09862 6.90098 -0.651429 789 324.75 71.2472 
3.94393 7.16891 1.20445 790 326.577 273.448 
5.12308 5.12656 1.56711 791 51.7653 314.231 
2.7584 9.22231 -0.310632 792 522.404 150.17 
3.68413 7.6189 -0.207288 807 390.433 133.623 
2.74211 9.25053 -1.73828 813 547.206 24.4688 
3.75485 7.49641 -1.09591 823 392.728 39.8208 
3.57856 7.80176 -0.875216 840 419.22 71.5193 
2.75988 9.21974 0.955628 841 502.201 255.211 
4.78716 5.7084 1.97587 843 139.3 359.523 
3.12713 8.58365 0.949699 846 457.637 254.255 
4.15625 6.80116 -0.0422045 847 302.517 139.666 
4.99376 5.35056 -0.727822 848 105.175 9.25673 
3.11682 8.6015 1.29664 853 452.868 282.231 
3.59494 7.77338 0.739111 854 393.049 228.659 
3.21408 8.43306 1.15774 858 443.598 270.736 
3.27878 8.32099 -1.03834 860 466.352 67.7562 
4.3546 6.4576 0.374594 864 258.051 179.329 
3.50474 7.92962 1.97827 867 389.438 342.907 
4.94977 5.42675 -0.328941 868 116.797 68.7574 
2.83011 9.0981 -0.827008 869 521.262 103.206 
3.62176 7.72692 0.659348 870 388.852 221.151 
4.25903 6.62315 1.93355 875 258.916 345.817 
2.74336 9.24836 0.533191 877 509.635 222.574 
4.79043 5.70272 0.841803 884 147.997 228.49 
3.47475 7.98155 1.30736 888 403.683 281.824 
3.96207 7.13749 -0.131759 891 342.769 136.415 
5.07479 5.21021 -0.592079 897 79.1493 22.6248 
3.79506 7.42677 -1.15471 899 387.325 31.6543 
4.24153 6.65346 -1.08896 903 299.731 11.7211 
5.14042 5.09654 0.266927 906 53.8683 141.804 
4.70431 5.85189 0.465414 910 176.173 182.22 
4.24347 6.65009 0.760465 912 277.479 224.615 
3.15471 8.53588 -0.806247 915 482.158 95.1431 
3.62319 7.72445 -0.430218 916 404.969 115.165 
3.37491 8.15449 -1.18787 917 454.341 47.9466 
3.88292 7.27458 0.732852 918 344.842 226.75 
4.81756 5.65573 0.693441 919 142.851 206.012 
3.5513 7.84897 1.93783 920 383.116 338.559 
3.89561 7.2526 -0.984565 922 366.125 43.9482 
2.665 9.38408 0.586617 924 518.852 225.418 
3.45706 8.01219 0.602811 925 415.848 219.549 
4.92972 5.46147 0.685045 928 113.798 203.589 
3.20202 8.45395 0.188458 931 459.497 185.336 
2.78152 9.18227 -1.96749 936 545.852 2.07387 
4.93218 5.45722 -0.369873 940 122.041 63.9916 
3.59191 7.77864 1.36064 942 385.924 286.977 
3.89811 7.24827 1.30532 954 332.451 282.536 
3.02515 8.76029 0.646829 955 474.164 227.55 
2.99518 8.81219 -1.02389 956 504.981 79.899 
4.95506 5.41758 -0.74361 957 116.476 9.45562 
2.88729 8.99907 -0.922446 958 516.269 92.9294 
4.28105 6.58501 -0.348295 969 282.889 99.9349 
2.80084 9.14881 -0.0563065 974 513.842 170.771 
4.30329 6.54648 1.81023 975 251.48 333.921 
4.12313 6.85854 -0.122495 977 311.983 131.139 
2.74799 9.24035 0.800252 981 504.308 242.009 
4.93575 5.45104 -0.7803 984 123.845 5.69352 
4.40456 6.37107 0.274064 992 247.967 167.155 
4.26624 6.61065 0.689474 996 272.08 218.416 
4.40907 6.36327 1.15293 997 239.382 266.512 
4.63799 5.96676 0.669191 998 188.892 207.986 
