1.69792 -0.977731 -7 104 309.807 180.367 
2.77254 -1.94854 -7 108 186.123 62.6832 
2.26927 0.767181 -7 111 222.752 419.929 
2.74139 -0.240151 -7 113 174.576 277.104 
4.50714 -1.04124 -7 119 3.33805 177.719 
2.98659 0.138239 -7 123 143.048 324.945 
0.474792 -0.485198 -7 124 489.014 253.088 
4.46367 -0.542201 -7 125 1.41378 234.225 
3.77354 -0.887468 -7 133 70.7166 194.47 
1.03314 -1.58354 -7 136 405.586 93.2307 
0.97797 0.750031 -7 138 404.51 441.154 
4.29646 -0.0380129 -7 139 10.841 293.605 
1.45576 0.553777 -7 145 333.95 401.981 
0.206379 -1.0164 -7 147 534.585 171.139 
