-4.80195 0.41523 7 21 605.552 191.605 
-5.37012 0.037908 7 24 555.95 151.074 
-5.21106 1.44812 7 29 549.859 282.265 
-5.40598 0.152698 7 30 551.104 161.789 
-5.875 -0.508694 7 36 520.792 101.115 
-5.59816 -0.619665 7 42 545.181 88.9013 
-6.33365 0.109205 7 44 480.614 154.892 
-6.25916 0.145289 7 48 485.241 158.062 
-7 0.21307 2.3409 51 41.4945 132.959 
-7 -0.503339 4.01391 52 236.096 72.6504 
-7 -0.64261 4.44771 54 275.912 64.9776 
-7 -0.441068 2.32778 56 35.9149 48.2061 
-7 1.81819 2.50338 57 70.4406 317.051 
-7 0.78654 5.75191 68 364.07 202.799 
-7 -0.100249 4.19611 69 251.539 116.564 
-7 -0.527577 4.46053 71 276.491 76.8 
-7 -0.14175 5.47309 72 351.786 123.98 
-7 1.61955 6.53315 73 404.125 263.524 
-7 1.51818 2.67054 81 90.228 283.107 
-7 0.883221 6.2108 82 391.255 210.208 
-7 -0.72299 3.2493 84 156.17 33.5863 
-7 1.48523 2.57162 86 77.8639 280.598 
-7 1.20864 2.59145 88 79.4459 250.246 
-7 1.46933 5.82185 93 364.039 256.067 
-7 -0.576654 5.65743 96 367.153 87.5285 
