-5.875 -0.508694 7 36 616.311 76.9858 
-6.33365 0.109205 7 44 566.233 134.758 
-6.25916 0.145289 7 48 571.437 138.005 
-7 0.21307 2.3409 51 142.791 96.3631 
-7 -0.503339 4.01391 52 323.53 42.9936 
-7 -0.64261 4.44771 54 362.025 36.3122 
-7 -0.441068 2.32778 56 141.897 13.6191 
-7 1.81819 2.50338 57 159.5 276.24 
-7 1.50288 1.91462 59 88.8359 244.763 
-7 0.78654 5.75191 68 440.023 181.223 
-7 -0.100249 4.19611 69 335.755 87.9642 
-7 -0.527577 4.46053 71 361.906 48.3938 
-7 -0.14175 5.47309 72 432.645 99.4404 
-7 1.61955 6.53315 73 476.225 246.307 
-7 1.51818 2.67054 81 178.649 244.729 
-7 0.883221 6.2108 82 466.646 190.425 
-7 -0.72299 3.2493 84 250.916 1.731 
-7 1.48523 2.57162 86 167.806 241.493 
-7 1.20864 2.59145 88 170.673 212.149 
-7 1.46933 5.82185 93 436.756 235.897 
-7 -0.576654 5.65743 96 450.142 62.2911 
