-4.80195 0.41523 7 21 0.334795 0.106995 
-5.92999 -1.73451 7 23 0.140954 -0.295004 
-5.37012 0.037908 7 24 0.234116 0.0254946 
-5.21106 1.44812 7 29 0.267506 0.297615 
-5.40598 0.152698 7 30 0.229043 0.0470212 
-3.76175 1.7333 7 32 0.573109 0.448576 
-5.875 -0.508694 7 36 0.155753 -0.0747865 
-4.02466 -0.174699 7 39 0.499779 -0.0152167 
-5.59816 -0.619665 7 42 0.195143 -0.0978159 
-6.33365 0.109205 7 44 0.0992979 0.0325555 
-6.25916 0.145289 7 48 0.10878 0.0390901 
-7 -0.503339 4.01391 52 -0.473287 -0.0530227 
-7 -0.64261 4.44771 54 -0.378038 -0.0849715 
-7 0.78654 5.75191 68 -0.133497 0.165944 
-7 -0.100249 4.19611 69 -0.4257 0.0334811 
-7 -0.527577 4.46053 71 -0.373921 -0.0607526 
-7 -0.14175 5.47309 72 -0.184398 0.00594659 
-7 1.61955 6.53315 73 -0.022125 0.27673 
-7 0.883221 6.2108 82 -0.0684233 0.168734 
-7 -0.72299 3.2493 84 -0.682375 -0.103249 
-7 1.46933 5.82185 93 -0.117763 0.281336 
-7 -0.576654 5.65743 96 -0.159272 -0.0745693 
