5.64257 -0.481715 -7 109 0.44952 -0.00441962 
6.30632 -1.54879 -7 115 0.318315 -0.152618 
4.50714 -1.04124 -7 119 0.653346 -0.181475 
4.46367 -0.542201 -7 125 0.68985 -0.0769084 
6.6867 0.183154 -7 127 0.315266 0.14053 
6.46481 -1.88245 -7 128 0.289649 -0.194648 
6.08103 -0.977971 -7 134 0.365218 -0.0719485 
6.59087 -1.1778 -7 141 0.291949 -0.0805314 
4.8725 1.3091 -7 142 0.685878 0.360024 
6.26277 1.2623 -7 143 0.407732 0.330164 
6.4687 -1.97232 -7 149 0.286924 -0.207898 
7 -0.0623122 -3.31422 152 -0.319596 0.142561 
7 -1.59791 -6.35011 157 0.160436 -0.132524 
7 1.75895 -5.06184 159 0.0534187 0.488851 
7 0.343459 -2.54532 160 -0.516212 0.259693 
7 0.863395 -4.44339 163 -0.0726295 0.321435 
7 -0.724268 -3.10497 165 -0.374488 -0.00601738 
7 -0.863938 -6.09367 166 0.144291 -0.0199365 
7 1.33843 -4.95324 172 0.0261542 0.404115 
7 0.759759 -5.08223 173 0.0348451 0.2811 
7 -0.518283 -3.0968 179 -0.374926 0.0402472 
7 0.741437 -4.00824 180 -0.158682 0.308842 
7 -0.563655 -4.89557 181 -0.0213495 0.0294097 
7 0.831841 -5.58946 182 0.113532 0.282048 
7 1.69172 -5.79597 183 0.163497 0.441651 
7 0.0865561 -4.29161 189 -0.114369 0.16081 
7 -1.97934 -4.46413 190 -0.116485 -0.23052 
7 0.781169 -6.98961 200 0.289979 0.242646 
