7 -0.0623122 -3.31422 152 0.117099 0.0317861 
7 0.36994 -1.65205 155 -0.258041 0.130218 
7 -1.59791 -6.35011 157 0.603148 -0.226983 
7 0.947338 -0.351981 158 -0.638058 0.297006 
7 1.75895 -5.06184 159 0.429855 0.400414 
7 0.343459 -2.54532 160 -0.0448862 0.121921 
7 -0.647617 -0.188366 161 -0.666951 -0.149039 
7 1.08732 -1.94397 162 -0.189273 0.306742 
7 0.863395 -4.44339 163 0.325315 0.225712 
7 -0.724268 -3.10497 165 0.0761519 -0.114157 
7 -0.863938 -6.09367 166 0.57211 -0.101793 
7 1.33843 -4.95324 172 0.411161 0.317042 
7 0.759759 -5.08223 173 0.42996 0.200036 
7 -0.518283 -3.0968 179 0.074189 -0.0694449 
7 0.741437 -4.00824 180 0.248457 0.20358 
7 -0.563655 -4.89557 181 0.39662 -0.0590705 
7 0.831841 -5.58946 182 0.507608 0.210678 
7 1.69172 -5.79597 183 0.541474 0.373765 
7 -0.443496 -0.586995 184 -0.545732 -0.0863328 
7 -1.20096 -0.713027 185 -0.499391 -0.28116 
7 -0.746732 -0.782938 186 -0.48431 -0.162164 
7 0.0865561 -4.29161 189 0.297868 0.066503 
7 -1.97934 -4.46413 190 0.323617 -0.339936 
7 -1.56385 -0.742436 193 -0.486802 -0.372523 
