-2.36095 6.71981 0.0648834 6 0.176496 -0.0845441 
-0.0798114 8.03682 -1.36918 7 -0.53801 -0.508944 
-3.05032 6.3218 1.27862 8 0.416034 0.311973 
-1.18389 7.39938 -0.935763 10 -0.211989 -0.394255 
-0.178643 7.97976 0.508014 11 -0.506594 0.0110778 
-0.882633 7.57332 -1.15265 15 -0.307837 -0.458726 
0.308716 8.26114 -0.602419 18 -0.634642 -0.28826 
-2.78176 6.47686 1.65747 19 0.303473 0.411418 
-0.834292 7.60122 -0.745649 20 -0.323236 -0.333799 
-2.65363 6.55083 1.42287 22 0.264731 0.33065 
-2.57331 6.5972 -0.0115366 25 0.254322 -0.109169 
-1.29918 7.33282 1.56526 29 -0.188054 0.320306 
-2.71663 6.51445 0.575812 32 0.30056 0.0776179 
-3.03012 6.33346 -0.976834 38 0.46316 -0.435925 
-1.4565 7.24199 0.969849 43 -0.136547 0.163138 
-2.14768 6.84294 -0.101629 51 0.101647 -0.143039 
-3.33545 6.15718 -0.435976 52 0.573944 -0.247022 
-0.421209 7.83972 -1.17149 54 -0.442683 -0.454579 
-1.24468 7.36429 0.57792 55 -0.204268 0.0515843 
-0.449959 7.82312 -0.349133 56 -0.430652 -0.220903 
-1.42581 7.25971 0.982136 67 -0.148238 0.162679 
-2.63329 6.56257 1.86537 75 0.246592 0.467407 
-2.18179 6.82325 0.0567123 84 0.11492 -0.0937507 
-1.81168 7.03693 1.23812 85 -0.0304069 0.248475 
-2.31638 6.74554 0.814643 87 0.147569 0.139357 
-3.51194 6.05528 0.00121058 101 0.643655 -0.0943414 
0.17216 8.1823 0.981234 106 -0.593233 0.124111 
-1.22592 7.37512 0.548265 107 -0.206743 0.0400354 
-0.30588 7.9063 0.0837691 108 -0.473833 -0.106131 
-2.27819 6.76759 -0.186085 109 0.152518 -0.16727 
-0.383025 7.86176 0.22409 112 -0.450725 -0.0645322 
-1.79023 7.04931 1.8524 116 -0.0399051 0.421054 
-0.803108 7.61923 -0.814071 117 -0.33101 -0.351433 
-3.7582 5.9131 1.64694 119 0.693567 0.462276 
-0.964105 7.52628 0.885878 120 -0.288374 0.124449 
0.0926466 8.13639 -1.10015 128 -0.583646 -0.429392 
-1.20685 7.38613 1.22507 129 -0.218843 0.224134 
-2.44383 6.67196 -0.385326 131 0.213199 -0.232922 
-1.33285 7.31338 0.696058 135 -0.176161 0.0862378 
-0.621084 7.72432 1.104 141 -0.384144 0.175501 
-0.582336 7.74669 0.181318 147 -0.396162 -0.075923 
-0.447254 7.82468 0.726916 148 -0.430807 0.0700717 
-1.07075 7.46471 -0.23607 149 -0.251111 -0.185873 
-0.106953 8.02115 -0.188349 150 -0.527316 -0.181591 
-2.79823 6.46735 0.492322 157 0.329823 0.0535585 
-2.15233 6.84026 -0.0957294 160 0.102915 -0.139469 
-2.43306 6.67818 0.0756168 161 0.200134 -0.0847561 
-0.717429 7.6687 0.357392 164 -0.354314 -0.0247592 
-2.12399 6.85662 0.667081 166 0.0823789 0.0941653 
0.0695622 8.12307 1.38063 169 -0.568344 0.228821 
-1.10514 7.44485 1.99159 172 -0.246674 0.424222 
-1.43641 7.25359 -1.07042 183 -0.135904 -0.439702 
-1.12203 7.4351 -0.763709 191 -0.233654 -0.345619 
-0.560641 7.75922 -0.484044 192 -0.401276 -0.253793 
-1.58921 7.16537 -1.2695 193 -0.0801089 -0.508204 
-1.18082 7.40116 -1.11678 196 -0.21317 -0.445286 
-1.21876 7.37925 1.56713 198 -0.218007 0.31791 
-3.48498 6.07085 0.402763 199 0.619589 0.0421879 
-2.46086 6.66212 1.43715 200 0.18929 0.336065 
-2.50658 6.63573 -0.864936 203 0.247301 -0.388447 
-2.60244 6.58039 -0.419929 205 0.276743 -0.240628 
0.530427 8.38915 0.212413 206 -0.685225 -0.0797801 
-1.89242 6.99031 1.67854 209 -0.00648813 0.37785 
-2.75916 6.4899 1.6333 210 0.294763 0.403485 
-2.88473 6.41741 -0.980824 212 0.400014 -0.435889 
-0.0829147 8.03503 0.967789 213 -0.526108 0.124151 
-1.32904 7.31558 0.826885 214 -0.17753 0.117205 
-2.20564 6.80948 0.351964 217 0.114413 0.000219048 
0.498224 8.37055 -0.257251 218 -0.676693 -0.197365 
-3.28265 6.18767 0.466932 221 0.53004 0.0587076 
-1.18272 7.40006 -0.335728 222 -0.219785 -0.213468 
-1.831 7.02577 -0.964452 224 0.000265346 -0.415102 
-1.58155 7.1698 -0.998108 227 -0.0866061 -0.421033 
-2.92339 6.39508 1.13342 229 0.367936 0.260375 
-0.477256 7.80736 0.692004 238 -0.42607 0.0630364 
-2.63039 6.56425 -0.0067306 240 0.279695 -0.105523 
0.34969 8.2848 -0.208161 246 -0.63936 -0.182157 
-2.65581 6.54957 -0.244999 247 0.292895 -0.185397 
