-5.875 -0.508694 7 36 0.657678 -0.353077 
-6.33365 0.109205 7 44 0.547614 -0.227144 
-6.25916 0.145289 7 48 0.559035 -0.220071 
-7 0.21307 2.3409 51 -0.371182 -0.310214 
-7 -0.503339 4.01391 52 0.0197281 -0.426295 
-7 -0.64261 4.44771 54 0.1032 -0.440917 
-7 -0.441068 2.32778 56 -0.372541 -0.489324 
-7 1.81819 2.50338 57 -0.336365 0.0796018 
-7 1.50288 1.91462 59 -0.488489 0.0111241 
-7 0.78654 5.75191 68 0.271874 -0.126044 
-7 -0.100249 4.19611 69 0.0459742 -0.328713 
-7 -0.527577 4.46053 71 0.102878 -0.414686 
-7 -0.14175 5.47309 72 0.256209 -0.303921 
-7 1.61955 6.53315 73 0.35036 0.015713 
-7 1.51818 2.67054 81 -0.294821 0.0113329 
-7 0.883221 6.2108 82 0.329749 -0.105982 
-7 -0.72299 3.2493 84 -0.137167 -0.515512 
-7 1.48523 2.57162 86 -0.318207 0.00428206 
-7 1.20864 2.59145 88 -0.311821 -0.0593334 
-7 1.46933 5.82185 93 0.264522 -0.00707337 
-7 -0.576654 5.65743 96 0.294413 -0.384723 
