-7 0.0943094 -5.21035 64 572.469 313.904 
-7 1.11392 -6.02536 65 497.878 399.568 
-7 0.886694 -5.35798 67 557.816 389.843 
-7 1.34911 -4.82912 74 615.812 451.227 
-7 0.694743 -5.33965 78 559.64 371.18 
-7 1.12101 -6.65735 79 451.009 390.003 
-7 -1.84392 -6.0007 85 504.601 152.291 
-7 -0.295975 -5.19552 90 573.816 276.576 
-7 0.592834 -6.66606 94 451.904 346.925 
-7 -0.609874 -5.90804 100 510.064 250.446 
-5.46333 -1.29075 -7 102 356.091 179.885 
-4.55559 -0.250499 -7 105 285.434 256.937 
-5.09885 0.316864 -7 107 321.855 315.493 
-6.22725 1.4028 -7 110 387.35 412.036 
-5.05591 -0.451909 -7 117 324.255 244.787 
-3.07632 -1.96878 -7 120 165.972 42.6538 
-3.56835 0.827876 -7 121 180.37 366.009 
-6.20015 -0.954561 -7 122 396.319 219.048 
-2.10211 -0.684594 -7 129 9.33725 151.421 
-3.11373 -0.303232 -7 130 144.894 228.025 
-3.58737 1.4874 -7 135 172.887 446.368 
-6.2831 -0.370457 -7 140 398.256 265.509 
-5.05277 -1.83336 -7 148 333.283 125.72 
-6.46998 0.52855 -7 150 404.406 338.26 
