5.98522 3.63329 1.2144 752 382.807 414.622 
5.20903 4.97769 -0.50044 755 564.871 190.665 
6.15778 3.33441 -0.551726 764 332.888 196.689 
6.72499 2.35198 -0.698686 765 203.918 187.471 
6.84891 2.13734 -1.72634 766 177.684 82.3634 
7.18459 1.55593 0.710517 768 96.5178 352.861 
5.03444 5.28009 -1.71136 772 590.318 48.1687 
5.86576 3.8402 -1.56683 775 393.538 80.2819 
6.87834 2.08637 1.48366 780 165.243 452.048 
5.7277 4.07932 -1.90892 781 422.941 42.8399 
6.61901 2.53554 -1.90015 786 227.068 60.4317 
5.84347 3.87882 -1.54309 787 399.499 83.122 
5.70086 4.12582 1.37764 788 460.704 433.919 
5.12308 5.12656 1.56711 791 623.491 459.766 
6.3358 3.02608 -0.89504 793 288.167 158.206 
7.07393 1.74759 -1.06522 794 128.74 151.745 
5.18216 5.02423 -0.915456 795 565.888 141.132 
6.99287 1.88799 0.446143 798 140.248 321.58 
5.95878 3.67909 -1.91848 799 370.745 44.9981 
6.6228 2.52897 -1.96054 809 225.464 54.6297 
5.66896 4.18107 1.48268 810 469.864 449.346 
7.13747 1.63753 -1.91994 811 118.697 67.9327 
7.48096 1.04259 -1.87628 812 51.6048 76.7256 
7.65524 0.740743 -1.67984 818 15.5513 99.6286 
5.10188 5.16328 -1.16456 819 583.219 110.567 
6.32015 3.05317 1.6683 821 301.009 474.465 
5.52148 4.43652 -0.0547931 822 490.667 246.941 
5.84215 3.8811 1.25316 824 420.814 418.683 
7.15574 1.60589 0.615543 828 103.698 343.474 
7.0505 1.78818 -1.26688 833 135.057 132.188 
5.5405 4.40357 -1.44396 835 471.412 88.7381 
6.68672 2.41826 0.33091 836 210.124 304.579 
7.41493 1.15696 -1.61534 839 63.5851 101.525 
4.99376 5.35056 -0.727822 848 617.911 158.177 
6.64876 2.484 -1.60616 850 221.354 89.6812 
5.62913 4.25005 -0.845981 855 455.732 154.3 
7.47605 1.05111 -1.34417 857 46.9092 131.586 
5.34442 4.7432 -0.804129 863 524.289 155.319 
6.53997 2.67244 -0.861665 866 243.843 165.424 
4.94977 5.42675 -0.328941 868 635.785 208.258 
7.07604 1.74394 0.502742 871 121.64 328.582 
6.4243 2.87279 -0.337461 872 272.643 225.056 
5.87176 3.82982 -1.86513 873 392.073 50.2383 
6.81272 2.20003 1.31801 874 179.343 427.885 
5.30638 4.80908 -0.846641 879 535.48 151.828 
6.67343 2.44128 -1.01357 882 214.919 152.117 
5.48992 4.49117 1.01765 885 512.15 383.271 
6.14997 3.34793 -0.772956 886 333.073 172.812 
6.38369 2.94312 -0.846468 889 281.342 166.412 
6.41 2.89756 1.35706 890 277.929 432.132 
5.33186 4.76494 0.690372 894 550.309 339.295 
5.96932 3.66083 1.41731 895 389.511 440.963 
5.88934 3.79937 -0.91473 896 390.316 150.313 
5.07479 5.21021 -0.592079 897 597.759 176.205 
7.68639 0.686781 -1.10309 898 4.15736 158.463 
7.3611 1.2502 0.0561545 900 62.976 278.883 
7.13224 1.6466 -0.977877 901 114.252 163.621 
6.93416 1.98968 -1.06451 904 160.454 151.882 
4.97651 5.38043 -1.78963 905 606.242 39.1474 
5.14042 5.09654 0.266927 906 594.541 284.274 
6.87866 2.08582 -0.0270921 907 169.891 265.148 
6.77251 2.26967 -0.747548 908 191.751 183.189 
6.05282 3.51621 -1.75001 911 350.353 64.3895 
7.05959 1.77242 -1.7808 914 135.643 81.0074 
5.93483 3.72057 -1.99581 926 374.341 37.1 
6.12516 3.3909 1.11897 932 348.65 399.852 
6.67513 2.43834 -0.321965 935 213.909 231.096 
6.75528 2.29951 -0.729401 938 195.12 185.488 
4.89688 5.51835 -1.08993 939 636.063 116.096 
5.5287 4.42402 0.271974 943 492.194 286.939 
6.43723 2.85038 1.42602 945 269.222 441.891 
5.34394 4.74403 -0.45553 947 530.611 198.72 
5.85587 3.85734 -1.13495 948 399.303 126.339 
7.05329 1.78334 -1.18945 950 130.971 142.455 
6.22795 3.21288 -0.545567 952 315.819 197.664 
5.80798 3.94029 0.203205 953 419.46 282.199 
4.95506 5.41758 -0.74361 957 625.455 159.53 
6.10007 3.43436 0.816237 960 353.346 360.643 
5.615 4.27453 -0.380425 961 462.535 208.444 
5.29086 4.83597 -1.98418 962 525.547 25.4754 
5.54904 4.38878 0.419383 964 489.518 306.274 
6.0817 3.46619 -1.62949 965 346.047 79.0797 
6.53207 2.68613 -0.981663 967 244.611 153.895 
6.68153 2.42724 -0.314303 968 212.306 229.807 
5.19076 5.00935 -1.7233 970 552.403 51.1953 
7.36792 1.23839 -0.614933 971 64.6994 204.752 
5.51039 4.45573 1.34352 972 511.19 429.781 
7.61247 0.814808 -0.677047 978 14.1746 200.512 
6.2372 3.19685 0.871776 983 320.015 370.545 
4.93575 5.45104 -0.7803 984 630.385 151.504 
5.51818 4.44223 -1.47775 990 477.499 84.2629 
5.75493 4.03217 1.14041 991 442.267 401.801 
5.53617 4.41107 -1.97751 993 466.494 31.7246 
5.97808 3.64567 0.0489525 995 377.329 264.506 
6.58202 2.59961 -0.970701 999 235.021 155.577 
