-7 0.21307 2.3409 51 366.717 317.405 
-7 -0.503339 4.01391 52 523.61 243.945 
-7 -0.64261 4.44771 54 559.951 231.392 
-7 -0.441068 2.32778 56 366.2 247.036 
-7 1.50288 1.91462 59 320.037 462.24 
-7 1.26508 -0.184774 63 64.0459 455.418 
-7 -1.45394 1.58819 66 289.764 133.48 
-7 -0.100249 4.19611 69 539.075 283.63 
-7 -1.07602 2.04225 70 337.641 177.746 
-7 -0.527577 4.46053 71 561.02 242.466 
-7 -1.87164 2.51938 75 387.061 97.3155 
-7 1.51818 2.67054 81 398.493 456.715 
-7 -1.9255 2.82609 83 416.87 94.7545 
-7 -0.72299 3.2493 84 455.735 220.031 
-7 1.48523 2.57162 86 388.621 454.046 
-7 -0.166603 0.216342 87 123.096 275.576 
-7 1.20864 2.59145 88 390.912 423.883 
-7 0.312724 -0.335245 92 47.1197 335.648 
-7 -1.0576 1.73598 99 305.101 177.984 
