-7 0.0943094 -5.21035 64 560.535 303.251 
-7 1.11392 -6.02536 65 488.168 389.375 
-7 0.886694 -5.35798 67 546.671 378.438 
-7 1.34911 -4.82912 74 603.42 437.471 
-7 0.694743 -5.33965 78 548.344 360.004 
-7 1.12101 -6.65735 79 442.149 380.983 
-7 -1.84392 -6.0007 85 493.182 144.453 
-7 -0.295975 -5.19552 90 561.643 266.377 
-7 0.592834 -6.66606 94 442.728 338.343 
-7 -0.609874 -5.90804 100 499.159 241.694 
-5.46333 -1.29075 -7 102 345.898 172.846 
-4.55559 -0.250499 -7 105 275.659 249.701 
-5.09885 0.316864 -7 107 312.775 307.934 
-6.22725 1.4028 -7 110 379.151 403.512 
-5.05591 -0.451909 -7 117 314.539 237.543 
-3.07632 -1.96878 -7 120 152.838 35.0671 
-3.56835 0.827876 -7 121 170.949 358.726 
-6.20015 -0.954561 -7 122 386.521 211.856 
-3.11373 -0.303232 -7 130 133.558 220.97 
-3.58737 1.4874 -7 135 164.274 438.802 
-6.2831 -0.370457 -7 140 388.84 258.063 
-5.05277 -1.83336 -7 148 322.525 118.765 
-6.46998 0.52855 -7 150 395.577 330.294 
