-6.33365 0.109205 7 44 597.156 142.32 
-6.25916 0.145289 7 48 602.655 145.614 
-7 0.21307 2.3409 51 177.649 106.578 
-7 -0.503339 4.01391 52 353.309 52.4876 
-7 -0.64261 4.44771 54 391.247 45.4221 
-7 -0.441068 2.32778 56 178.09 26.086 
-7 1.81819 2.50338 57 190.875 282.979 
-7 1.50288 1.91462 59 123.783 251.708 
-7 0.78654 5.75191 68 467.551 189.153 
-7 -0.100249 4.19611 69 364.836 96.7765 
-7 -0.527577 4.46053 71 391.01 57.3698 
-7 -0.14175 5.47309 72 460.807 107.392 
-7 1.61955 6.53315 73 503.519 254.679 
-7 1.51818 2.67054 81 209.799 251.994 
-7 0.883221 6.2108 82 494.24 198.367 
-7 -0.72299 3.2493 84 283.012 12.9417 
-7 1.48523 2.57162 86 199.4 248.768 
-7 1.20864 2.59145 88 202.603 219.889 
-7 1.46933 5.82185 93 463.847 244.054 
-7 -0.576654 5.65743 96 478.592 70.1887 
