-7 -0.29883 -1.326 55 500.917 156.748 
-7 0.46862 -2.98529 58 316.971 240.804 
-7 -1.05185 -1.49538 60 482.407 64.6021 
-7 -1.03485 -3.75523 61 241.66 88.749 
-7 -0.184126 -2.39523 62 375.603 172.803 
-7 0.0943094 -5.21035 64 133.806 201.694 
-7 1.11392 -6.02536 65 87.5187 284.132 
-7 0.886694 -5.35798 67 129.012 269.077 
-7 1.34911 -4.82912 74 168.656 310.978 
-7 0.577231 -1.47952 76 478.189 258.943 
-7 0.694743 -5.33965 78 128.961 253.073 
-7 1.12101 -6.65735 79 49.9542 281.384 
-7 0.821262 -3.48263 80 272.614 272.913 
-7 -1.84392 -6.0007 85 65.2438 30.8792 
-7 1.69039 -1.92004 89 425.112 372.732 
-7 -0.295975 -5.19552 90 132.175 167.018 
-7 1.40697 -4.3308 91 205.796 319.87 
-7 0.312724 -0.335245 92 634.171 232.618 
-7 0.592834 -6.66606 94 45.1086 240.603 
-7 -1.56958 -3.12031 95 299.141 23.6629 
-7 -1.20087 -3.87679 97 230.247 72.4904 
-7 1.52805 -2.92335 98 324.715 344.37 
-7 -0.609874 -5.90804 100 81.6024 141.175 
