-3.49077 1.97493 7 8 628.092 475.103 
-4.80195 0.41523 7 21 485.589 278.615 
-5.92999 -1.73451 7 23 398.461 92.0617 
-5.37012 0.037908 7 24 439.296 240.776 
-5.21106 1.44812 7 29 452.418 365.867 
-5.40598 0.152698 7 30 436.737 250.691 
-3.76175 1.7333 7 32 593.442 436.251 
-5.875 -0.508694 7 36 403.567 194.295 
-4.02466 -0.174699 7 39 564.265 222.549 
-5.59816 -0.619665 7 42 422.163 183.704 
-6.33365 0.109205 7 44 376.396 243.707 
-6.25916 0.145289 7 48 380.757 246.738 
-7 -0.503339 4.01391 52 116.316 199.492 
-7 -0.64261 4.44771 54 159.403 185.725 
-7 0.78654 5.75191 68 268.927 302.989 
-7 -0.100249 4.19611 69 137.48 239.493 
-7 -0.527577 4.46053 71 161.173 196.871 
-7 -0.14175 5.47309 72 246.703 229.255 
-7 1.61955 6.53315 73 318.779 354.752 
-7 0.883221 6.2108 82 298.435 304.968 
-7 -0.72299 3.2493 84 22.4833 174.621 
-7 1.46933 5.82185 93 275.402 355.742 
-7 -0.576654 5.65743 96 258.548 192.506 
