7.15996 -3.9491 0.231069 501 -0.193144 -0.119172 
7.75999 -3.60267 0.808332 502 -0.0753714 -0.0287834 
9.29836 -2.71449 1.94602 503 0.146665 0.0949018 
9.54954 -2.56948 1.62614 504 0.173871 0.0412919 
9.1254 -2.81435 -0.972402 505 0.114944 -0.360465 
8.36902 -3.25105 -1.59632 512 0.000128824 -0.486317 
7.62157 -3.68259 0.309022 516 -0.101754 -0.118525 
5.54127 -4.88365 0.584966 517 -0.616218 0.0180725 
7.24861 -3.89792 -1.1423 520 -0.204473 -0.419583 
9.51565 -2.58904 1.12107 521 0.167118 -0.033162 
5.3746 -4.97988 1.7937 525 -0.617108 0.319603 
8.29682 -3.29273 -0.961132 526 -0.00778442 -0.36747 
7.67594 -3.6512 1.18816 529 -0.0881023 0.0409367 
9.28962 -2.71954 -1.63781 531 0.132784 -0.473746 
5.78814 -4.74112 0.731293 533 -0.528045 0.038509 
7.01301 -4.03394 -0.97463 534 -0.252259 -0.381318 
7.77252 -3.59544 -0.54676 544 -0.0932868 -0.282426 
8.80092 -3.00169 1.19755 545 0.0838308 0.000288402 
5.8167 -4.72463 -0.692834 547 -0.585706 -0.328374 
5.94865 -4.64845 -0.108768 552 -0.51323 -0.171179 
5.60572 -4.84644 -1.12497 564 -0.685281 -0.456203 
8.06725 -3.42528 1.6113 573 -0.0180203 0.0909109 
7.62174 -3.68249 1.0201 577 -0.0942884 0.0144409 
5.79079 -4.73959 0.326224 579 -0.540747 -0.0557023 
6.08574 -4.5693 -0.422393 587 -0.481727 -0.255315 
5.95338 -4.64572 1.4698 588 -0.452369 0.19544 
6.59806 -4.27351 1.37278 589 -0.290908 0.131407 
8.43181 -3.2148 -0.531218 590 0.0189429 -0.280214 
7.71485 -3.62873 -1.31027 594 -0.111052 -0.445299 
5.81744 -4.72421 1.86454 597 -0.481617 0.292277 
8.52047 -3.16361 0.124086 605 0.0401539 -0.170822 
8.21821 -3.33812 0.87683 609 0.000386977 -0.0342533 
8.95105 -2.91501 -0.0284258 613 0.0979105 -0.198576 
8.58134 -3.12847 1.5153 614 0.0538199 0.0558846 
5.91431 -4.66828 0.963849 617 -0.483928 0.0836965 
7.88394 -3.53111 -1.51631 618 -0.0814799 -0.486331 
8.24406 -3.3232 1.57934 624 0.0111085 0.0772669 
8.74387 -3.03463 -1.74637 631 0.0547132 -0.505451 
8.37201 -3.24932 -1.42691 633 0.00136673 -0.452269 
7.92744 -3.50599 0.853241 634 -0.0475857 -0.0241663 
7.04767 -4.01393 1.30024 635 -0.198401 0.0899706 
5.60109 -4.84911 1.5746 636 -0.551522 0.246461 
6.13888 -4.53862 1.31542 644 -0.406307 0.151057 
6.14497 -4.53511 -1.1835 648 -0.497635 -0.4511 
7.74644 -3.6105 0.0375105 649 -0.0843106 -0.170792 
7.0982 -3.98476 0.68195 653 -0.201996 -0.029427 
7.02559 -4.02668 0.448994 659 -0.220618 -0.0779844 
8.5643 -3.13831 0.571234 665 0.0447567 -0.0934854 
8.78782 -3.00925 1.27741 666 0.0808885 0.0152143 
6.55913 -4.29599 -1.18896 667 -0.377415 -0.446515 
8.98332 -2.89638 -0.0875092 671 0.0985596 -0.210414 
6.39838 -4.3888 1.60708 675 -0.332229 0.190766 
9.50215 -2.59683 -1.80067 679 0.15794 -0.493646 
8.96859 -2.90489 1.45636 680 0.10964 0.0320413 
9.51544 -2.58916 0.00507541 681 0.163268 -0.194715 
8.52145 -3.16304 1.28747 684 0.0434816 0.0230501 
5.70419 -4.78959 -0.684915 686 -0.621958 -0.32537 
7.92479 -3.50752 1.32245 688 -0.043026 0.0555849 
8.15199 -3.37635 -0.280505 689 -0.0231906 -0.236015 
8.26763 -3.30959 0.733282 692 0.00693802 -0.060132 
5.39876 -4.96593 1.88504 697 -0.605332 0.340915 
8.01947 -3.45286 0.702216 699 -0.0347862 -0.055407 
7.30395 -3.86597 1.05537 703 -0.155667 0.0304624 
6.39348 -4.39163 0.914159 705 -0.354714 0.047056 
7.22497 -3.91156 0.961317 706 -0.172609 0.0165294 
5.49777 -4.90876 0.072566 709 -0.659178 -0.112477 
6.01108 -4.6124 1.08959 711 -0.445424 0.112091 
8.16644 -3.36801 1.19775 712 -0.00689384 0.0219219 
8.51548 -3.16649 1.61138 714 0.0461314 0.0759525 
5.45807 -4.93168 0.702726 724 -0.643616 0.0500835 
6.58729 -4.27973 1.46929 725 -0.291781 0.149142 
9.11375 -2.82108 -0.331225 726 0.11419 -0.249079 
7.50171 -3.75179 -1.28329 731 -0.156263 -0.444277 
7.13639 -3.96271 -0.718485 732 -0.2203 -0.323879 
6.09889 -4.56171 1.10908 735 -0.425519 0.110613 
9.21579 -2.76217 -1.66979 736 0.120816 -0.479883 
9.10626 -2.8254 1.29642 737 0.118722 0.00403627 
6.72719 -4.19896 0.433244 741 -0.284433 -0.0689292 
8.61615 -3.10837 -1.12108 742 0.0438519 -0.39131 
8.54451 -3.14973 -0.0560757 747 0.038703 -0.20587 
7.49302 -3.75681 0.49302 748 -0.123838 -0.0765149 
9.02166 -1.62597 0.310692 751 0.318446 -0.147359 
8.84921 -1.32728 1.80752 757 0.36195 0.103949 
9.23701 -1.99898 0.725578 758 0.253311 -0.0869529 
8.51992 -0.756939 0.408137 759 0.486909 -0.128051 
9.27207 -2.0597 -0.388348 784 0.244705 -0.265854 
8.5833 -0.866718 0.816146 801 0.457939 -0.0521792 
8.79364 -1.23104 1.71911 805 0.382001 0.089448 
8.27608 -0.334586 -0.00492856 815 0.596115 -0.215725 
8.79838 -1.23924 -0.076131 817 0.386574 -0.221384 
8.9917 -1.57408 -0.263508 820 0.324007 -0.250768 
9.26539 -2.04812 -1.79237 829 0.242819 -0.518938 
8.37839 -0.511796 0.804967 830 0.539229 -0.0467058 
9.00086 -1.58994 1.58986 834 0.317044 0.0596199 
8.22434 -0.244979 -0.782358 838 0.632219 -0.393512 
8.81824 -1.27364 -0.967993 842 0.384633 -0.395412 
9.4474 -2.36338 -1.09642 844 0.195973 -0.382037 
8.71228 -1.09011 -0.848161 845 0.418678 -0.375167 
8.83929 -1.31011 1.12568 849 0.370458 -0.0112968 
8.421 -0.585604 -0.76008 856 0.541568 -0.375539 
8.71634 -1.09715 -1.05762 862 0.422357 -0.415485 
8.79205 -1.22828 1.24024 880 0.382132 0.0106796 
9.26617 -2.04948 1.18971 881 0.24763 -0.0144794 
8.55161 -0.811824 0.960383 887 0.466976 -0.0259136 
8.75985 -1.1725 0.775444 893 0.395835 -0.0697278 
8.49526 -0.714226 0.0445874 902 0.498975 -0.201756 
9.19568 -1.92739 0.768329 913 0.260401 -0.0817392 
8.84897 -1.32687 1.20156 929 0.361518 0.00288238 
8.21418 -0.227369 1.2496 933 0.606863 0.0482231 
8.99498 -1.57975 1.82216 934 0.315719 0.0930653 
8.51325 -0.745376 -0.600431 941 0.498354 -0.33653 
8.81557 -1.26902 -1.19832 944 0.386394 -0.436269 
8.73736 -1.13355 1.94259 946 0.399127 0.137029 
8.23755 -0.267852 -0.0508432 959 0.613293 -0.22451 
9.40671 -2.2929 1.01021 963 0.208598 -0.0480897 
8.33271 -0.432673 -0.868744 976 0.578932 -0.403694 
9.36968 -2.22876 1.49865 979 0.216569 0.0267943 
9.47971 -2.41934 0.180696 982 0.190271 -0.172728 
8.14802 -0.112783 1.12075 986 0.637144 0.0231201 
8.42012 -0.584075 0.413676 987 0.525691 -0.125715 
8.18073 -0.169436 -0.844467 988 0.654679 -0.414158 
9.45187 -2.37112 -1.5872 989 0.194721 -0.465407 
8.99905 -1.58682 1.73484 994 0.319558 0.0833566 
8.82589 -1.28688 1.75285 1000 0.370104 0.0963078 
