-4.80195 0.41523 7 21 0.490622 -0.0270809 
-5.92999 -1.73451 7 23 0.3205 -0.453151 
-5.37012 0.037908 7 24 0.388133 -0.112549 
-5.21106 1.44812 7 29 0.393349 0.163574 
-5.40598 0.152698 7 30 0.379998 -0.0903372 
-5.875 -0.508694 7 36 0.312511 -0.217512 
-5.59816 -0.619665 7 42 0.358967 -0.241789 
-6.33365 0.109205 7 44 0.239187 -0.106543 
-6.25916 0.145289 7 48 0.248827 -0.0997608 
-7 -0.503339 4.01391 52 -0.302625 -0.25161 
-7 -0.64261 4.44771 54 -0.213852 -0.273148 
-7 1.81819 2.50338 57 -0.669361 0.311695 
-7 0.78654 5.75191 68 -0.00280932 0.00559179 
-7 -0.100249 4.19611 69 -0.263601 -0.160497 
-7 -0.527577 4.46053 71 -0.211379 -0.248312 
-7 -0.14175 5.47309 72 -0.0390405 -0.159448 
-7 1.61955 6.53315 73 0.0929641 0.12834 
-7 1.51818 2.67054 81 -0.624241 0.231255 
-7 0.883221 6.2108 82 0.0580521 0.0168273 
-7 -0.72299 3.2493 84 -0.488042 -0.324005 
-7 1.48523 2.57162 86 -0.653924 0.228128 
-7 1.20864 2.59145 88 -0.652125 0.159956 
-7 1.46933 5.82185 93 0.003392 0.119599 
-7 -0.576654 5.65743 96 -0.00942628 -0.238061 
