3.31453 -6.16926 -0.82277 507 488.75 88.6727 
2.55081 -6.61019 -1.05696 510 351.377 85.9377 
0.697982 -7.67992 -1.90184 511 51.1083 38.1012 
2.60042 -6.58155 1.54168 513 422.057 448.117 
1.01972 -7.49417 -0.323822 518 138.582 237.093 
1.55304 -7.18626 -0.142317 519 217.881 243.79 
3.60364 -6.00234 1.48237 523 594.472 422.104 
3.18104 -6.24633 1.49572 527 518.688 429.651 
3.62183 -5.99184 -0.708902 530 549.129 96.7437 
0.57886 -7.7487 0.424617 532 98.9241 338.899 
1.74656 -7.07452 -0.649775 536 233.543 170.727 
3.84209 -5.86467 0.762035 537 622.421 313.535 
3.27776 -6.19049 1.48571 543 537.666 426.796 
1.31384 -7.32436 1.35338 549 224.114 443.052 
0.488173 -7.80106 0.703509 550 96.3718 376.49 
2.76135 -6.48864 -0.835611 556 391.195 111.079 
2.50813 -6.63483 -1.62398 557 327.508 5.26363 
0.766945 -7.64011 0.115194 558 116.725 297.832 
0.990941 -7.51078 -1.55331 559 101.737 73.1971 
1.77128 -7.06025 -1.32111 560 218.556 78.0318 
0.285019 -7.91835 -1.67271 565 2.78817 83.804 
1.27527 -7.34662 -0.861902 571 156.126 157.727 
2.61049 -6.57574 0.28437 581 393.488 274.696 
1.33215 -7.31379 -0.490916 582 177.404 203.664 
0.848258 -7.59316 -0.946016 591 98.0657 158.577 
1.26618 -7.35187 -0.159086 592 177.593 251.845 
0.587659 -7.74362 -1.86164 595 34.5664 48.1255 
2.00616 -6.92464 -1.64027 600 245.043 25.0823 
2.48133 -6.65031 0.492331 604 378.817 307.061 
2.61487 -6.57321 0.0112596 607 388.3 236.318 
2.89706 -6.41029 -1.2274 611 403.747 47.1402 
2.4848 -6.64831 0.119285 615 367.667 253.262 
0.337754 -7.8879 -1.59112 620 12.2119 92.6786 
2.90013 -6.40851 0.80747 626 455.975 341.067 
-0.197251 -8.19679 0.70261 629 8.66124 389.725 
3.2896 -6.18365 -0.831285 632 483.899 90.133 
0.695133 -7.68157 0.336635 637 112.501 328.097 
1.97066 -6.94514 1.58752 638 325.433 462.384 
3.83992 -5.86592 -0.579006 640 590.978 108.531 
2.18105 -6.82367 0.572736 650 332.67 325.565 
2.35902 -6.72093 0.562621 651 359.415 321.077 
1.77898 -7.05581 0.424263 655 266.142 314.437 
0.279953 -7.92127 1.12217 656 77.8202 430.937 
0.172776 -7.98315 1.03516 658 62.2175 422.665 
1.12851 -7.43136 0.338853 661 170.238 318.226 
2.3244 -6.74091 -0.546464 673 325.063 167.473 
3.62073 -5.99248 0.99023 683 588.156 349.35 
0.0842166 -8.03428 0.452304 685 36.4321 353.972 
1.16029 -7.41301 -1.93088 690 113.007 16.4723 
1.43203 -7.25612 -1.20582 693 171.164 106.292 
3.83179 -5.87062 1.26855 694 631.476 385.512 
0.676712 -7.6922 0.794688 695 121.228 382.076 
2.99296 -6.35491 0.665465 696 469.209 318.014 
0.242541 -7.94287 -1.30659 700 8.4308 131.977 
0.735422 -7.65831 -0.141939 702 104.309 267.772 
-0.0286901 -8.09947 1.01989 704 37.7046 424.877 
2.02484 -6.91386 0.215523 713 298.074 280.617 
2.26921 -6.77278 -0.294944 715 322.482 203.039 
1.12928 -7.43091 0.660268 716 178.955 359.159 
1.34298 -7.30754 -1.15975 722 161.11 115.452 
3.52361 -6.04855 -0.447866 727 534.347 139.899 
3.90444 -5.82868 0.777906 744 633.447 312.479 
2.78119 -6.47718 -1.18276 749 386.579 59.6375 
