-7 0.21307 2.3409 51 330.585 273.272 
-7 -0.503339 4.01391 52 488.015 204.407 
-7 -0.64261 4.44771 54 524.071 192.971 
-7 -0.441068 2.32778 56 331.379 203.276 
-7 1.81819 2.50338 57 341.742 441.102 
-7 1.50288 1.91462 59 281.887 413.251 
-7 1.26508 -0.184774 63 22.3205 404.46 
-7 -1.45394 1.58819 66 254.856 84.8594 
-7 0.78654 5.75191 68 615.575 324.385 
-7 -0.100249 4.19611 69 501.618 243.841 
-7 -1.07602 2.04225 70 303.577 132.22 
-7 -0.527577 4.46053 71 524.652 203.938 
-7 -0.14175 5.47309 72 599.634 242.435 
-7 -1.87164 2.51938 75 355.62 51.1614 
-7 1.51818 2.67054 81 359.212 408.629 
-7 -1.9255 2.82609 83 386.098 49.734 
-7 -0.72299 3.2493 84 421.74 178.719 
-7 1.48523 2.57162 86 349.603 406.005 
-7 -0.166603 0.216342 87 81.158 225.754 
-7 1.20864 2.59145 88 352.475 377.199 
-7 0.312724 -0.335245 92 2.16305 284.996 
-7 1.46933 5.82185 93 617.692 383.466 
-7 -0.576654 5.65743 96 614.437 204.198 
-7 -1.0576 1.73598 99 270.218 131.364 
