-7 1.12101 -6.65735 79 590.9 466.843 
-7 0.592834 -6.66606 94 596.058 419.647 
-5.46333 -1.29075 -7 102 504.682 232.692 
-4.55559 -0.250499 -7 105 426.653 318.817 
-2.11042 -0.0563179 -7 106 168.506 309.156 
-5.09885 0.316864 -7 107 458.202 379.598 
-5.05591 -0.451909 -7 117 466.354 304.644 
-3.07632 -1.96878 -7 120 327.139 100.938 
-3.56835 0.827876 -7 121 320.496 430.927 
-6.20015 -0.954561 -7 122 543.749 273.602 
-1.05355 -1.5594 -7 126 47.932 59.0696 
-2.10211 -0.684594 -7 129 184.14 224.512 
-3.11373 -0.303232 -7 130 296.772 293.902 
-1.30535 -1.94469 -7 131 102.566 18.7137 
-1.59533 0.795126 -7 132 64.0881 427.56 
-6.2831 -0.370457 -7 140 541.454 324.605 
-5.05277 -1.83336 -7 148 485.615 174.681 
-6.46998 0.52855 -7 150 541.203 403.413 
