6.30632 -1.54879 -7 115 0.682386 -0.222587 
6.6867 0.183154 -7 127 0.644211 0.0945193 
6.46481 -1.88245 -7 128 0.649016 -0.269958 
6.59087 -1.1778 -7 141 0.638879 -0.144156 
6.4687 -1.97232 -7 149 0.646927 -0.284759 
7 -0.0623122 -3.31422 152 0.0229977 0.0417453 
7 0.36994 -1.65205 155 -0.364067 0.142346 
7 -1.59791 -6.35011 157 0.490449 -0.205788 
7 1.75895 -5.06184 159 0.347225 0.410524 
7 0.343459 -2.54532 160 -0.14133 0.132729 
7 1.08732 -1.94397 162 -0.291867 0.324548 
7 0.863395 -4.44339 163 0.236877 0.234773 
7 -0.724268 -3.10497 165 -0.0206295 -0.102504 
7 -0.863938 -6.09367 166 0.466287 -0.0872167 
7 1.33843 -4.95324 172 0.325552 0.325961 
7 0.759759 -5.08223 173 0.340003 0.208016 
7 -0.518283 -3.0968 179 -0.0219468 -0.0585821 
7 0.741437 -4.00824 180 0.159158 0.213218 
7 -0.563655 -4.89557 181 0.298284 -0.0469661 
7 0.831841 -5.58946 182 0.416807 0.21792 
7 1.69172 -5.79597 183 0.456931 0.381299 
7 -0.443496 -0.586995 184 -0.6676 -0.078894 
7 -1.20096 -0.713027 185 -0.613787 -0.273678 
7 -0.746732 -0.782938 186 -0.600221 -0.154931 
7 0.0865561 -4.29161 189 0.204881 0.0759829 
7 -1.97934 -4.46413 190 0.218688 -0.316386 
7 -1.56385 -0.742436 193 -0.598671 -0.363317 
7 0.781169 -6.98961 200 0.600611 0.198585 
