-3.11304 -8.60806 -1.9166 254 400.294 98.5831 
-3.48222 -7.96863 1.84681 255 401.208 442.988 
-2.75039 -9.23619 0.329719 263 475.537 280.812 
-3.07463 -8.67459 -1.54793 266 411.934 129.04 
-2.57499 -9.53998 1.60069 268 514.405 378.757 
-2.72709 -9.27655 -1.48729 269 453.414 137.814 
-3.88769 -7.26632 -1.50954 277 290.016 118.508 
-4.24528 -6.64697 0.694015 279 246.486 348.186 
-5.01096 -5.32075 -0.777348 280 35.6559 185.294 
-3.32874 -8.23445 -1.42324 285 377.712 136.983 
-3.49888 -7.93976 0.772929 286 382.599 335.089 
-4.95189 -5.42307 -0.262658 289 55.5268 249.546 
-4.9932 -5.35153 -1.23628 292 37.9201 128.336 
-3.44968 -8.02497 0.167007 293 383.786 276.513 
-3.04378 -8.72802 1.54345 294 457.752 393.81 
-3.22332 -8.41705 1.89644 304 438.131 433.383 
-3.93868 -7.178 -1.57121 306 279.653 115.94 
-3.32508 -8.2408 -1.51403 315 380.381 128.796 
-3.63057 -7.71167 -1.43695 316 334.628 132.701 
-4.92427 -5.47091 0.898447 318 71.6223 405.891 
-4.81248 -5.66455 -1.64507 319 87.7015 84.3331 
-3.09129 -8.64573 1.79249 320 455.376 417.864 
-4.10365 -6.89227 -1.45523 322 249.708 120.999 
-3.06428 -8.69251 -0.666718 324 424.499 202.689 
-4.30377 -6.54565 0.385968 326 230.667 315.221 
-4.07384 -6.9439 0.0649336 330 274.182 276.585 
-4.85494 -5.591 -1.94807 331 74.4621 48.5648 
-3.49997 -7.93787 0.446165 333 377.902 300.662 
-3.35488 -8.18918 1.50964 334 415.145 402.562 
-4.50583 -6.19567 0.376914 336 184.556 319.628 
-4.09708 -6.90364 0.281542 338 272.471 300.151 
-3.77569 -7.46032 0.825581 340 337.837 347.096 
-4.16753 -6.78163 0.981089 341 265.953 378.794 
-4.78378 -5.71426 0.966713 344 115.996 407.102 
-4.31667 -6.52331 1.57757 348 242.861 460.759 
-3.62005 -7.72989 0.845456 350 365.965 344.523 
-4.2793 -6.58803 -1.32765 353 215.717 131.637 
-2.64072 -9.42615 1.95256 355 514.397 413.342 
-3.10287 -8.62567 -0.357131 361 423.261 226.164 
-4.93982 -5.44397 -1.05261 362 54.3595 151.064 
-4.34584 -6.47278 1.58859 363 235.749 462.65 
-3.98712 -7.09411 0.170839 364 290.884 283.488 
-4.44212 -6.30602 -1.20213 365 183.423 140.523 
-3.32955 -8.23305 -1.41411 368 379.121 135.128 
-2.62582 -9.45194 -1.96759 374 457.394 104.32 
-5.0994 -5.16757 -0.624233 381 9.02075 204.194 
-3.72571 -7.54688 0.335972 382 341.576 296.425 
-3.02092 -8.76762 -1.67324 386 416.325 121.272 
-4.55591 -6.10892 1.47438 387 182.496 461.405 
-3.14704 -8.54917 1.54174 390 444.787 396.953 
-4.97755 -5.37862 1.00983 392 56.5877 425.995 
-4.85021 -5.5992 -1.40794 394 78.291 109.825 
-2.75281 -9.23199 0.225616 395 474.343 270.951 
-3.18967 -8.47533 1.85927 400 444.536 427.854 
-3.33676 -8.22056 -0.399899 404 391.863 221.796 
-3.20418 -8.4502 0.757211 405 425.954 324.954 
-3.32846 -8.23494 1.89335 407 425.127 437.574 
-4.67743 -5.89845 0.0191106 408 137.04 282.461 
-4.7162 -5.8313 -1.22464 411 116.723 136.46 
-3.05904 -8.70159 0.925619 412 445.629 336.016 
-2.74941 -9.23788 0.292754 416 475.571 276.314 
-4.24744 -6.64321 -1.92173 418 218.969 71.9314 
-4.59318 -6.04438 0.332137 419 160.416 316.642 
-3.28794 -8.30512 -0.582867 425 396.07 207.202 
-4.10084 -6.89714 -0.211774 427 264.209 246.243 
-2.88356 -9.00553 1.61269 428 479.206 393.952 
-3.57786 -7.80296 1.13653 429 374.316 372.682 
-4.2527 -6.63411 -0.951124 431 226.429 168.934 
-4.54469 -6.12836 -1.52013 432 153.887 104.983 
-3.71801 -7.56021 -1.73791 433 317.571 102.74 
-2.84073 -9.07972 -1.27039 435 443.986 153.844 
-4.68557 -5.88436 -1.8811 438 118.908 61.6782 
-4.8407 -5.61566 -0.0396453 440 91.0215 274.774 
-4.21563 -6.69831 -0.927394 445 234.538 172.343 
-4.75369 -5.76637 0.970583 446 122.634 408.393 
-4.02746 -7.02424 -1.63148 447 264.671 106.994 
-2.97704 -8.84361 -0.559065 449 438.982 209.442 
-4.46089 -6.27351 1.45209 451 204.978 452.294 
-3.13049 -8.57784 0.930095 453 435.804 339.036 
-2.83311 -9.09292 -0.904736 454 449.741 183.72 
-3.07985 -8.66554 0.939564 456 444.347 337.426 
-2.82678 -9.10387 0.818773 460 475.048 322.018 
-4.41902 -6.34603 0.58457 470 205.749 342.344 
-4.6459 -5.95307 0.77707 474 151.575 376.448 
-2.94605 -8.89729 1.87197 478 475.1 419.527 
-3.62908 -7.71426 0.283949 480 356.448 289.073 
-4.72984 -5.80768 1.01961 483 131.315 412.111 
-3.75747 -7.49188 -0.114405 484 329.72 251.814 
-4.07094 -6.94893 1.07534 490 287.874 387.114 
-4.92481 -5.46997 -1.54112 491 56.4812 92.3513 
-2.61113 -9.47739 -1.5069 492 466.346 138.538 
-3.63585 -7.70252 0.600044 494 358.88 321.776 
-3.6271 -7.71768 0.36592 497 358.856 298.885 
-3.46213 -8.00341 0.473249 499 384.216 304.199 
-3.9326 -7.18855 1.52347 500 320.018 431.367 
-1.33469 -8.85349 -0.250941 535 601.271 203.661 
-1.55768 -8.98223 1.00965 540 602.493 329.541 
-0.942173 -8.62687 -1.81306 542 612.085 36.221 
-2.54087 -9.54988 -1.96382 546 466.632 104.135 
-2.17518 -9.33875 -0.02102 551 523.373 241.725 
-1.37853 -8.8788 -0.140968 554 597.43 214.255 
-1.35618 -8.8659 -1.86663 561 564.444 58.1133 
-2.39776 -9.46725 -1.50147 566 483.391 133.055 
-2.13398 -9.31496 -0.61668 585 519.302 193.15 
-1.80668 -9.12599 1.44164 586 583.485 372.557 
-1.05884 -8.69422 -0.500411 598 628.069 168.829 
-1.85453 -9.15362 1.00414 599 568.922 331.378 
-0.918376 -8.61313 -1.76208 603 618.093 39.2637 
-2.0658 -9.2756 0.128408 612 535.001 252.856 
-2.28434 -9.40177 0.767727 616 524.307 310.846 
-1.43619 -8.91209 -1.99412 619 556.123 51.3301 
-1.39269 -8.88697 -0.919729 622 579.027 143.447 
-1.85496 -9.15386 1.85126 623 585.023 410.865 
-2.10532 -9.29841 0.971801 625 545.183 330.046 
-1.41788 -8.90152 -1.16565 639 573.578 123.762 
-1.37552 -8.87706 0.232198 643 607.376 251.933 
-1.56414 -8.98596 -0.787846 645 565.448 162.312 
-1.00763 -8.66466 -0.50403 660 633.182 167.346 
-1.48552 -8.94057 0.517606 676 599.212 281.74 
-1.10245 -8.71941 -0.567007 677 621.04 165.552 
-2.31293 -9.41827 1.81431 707 542.08 400.729 
-1.908 -9.18449 1.52916 719 575.257 378.766 
-1.49578 -8.94649 0.981389 746 607.556 327.326 
