-4.57399 -6.07762 1.59563 258 550.786 331.438 
-6.64917 -2.4833 -0.440182 261 54.7145 47.2947 
-5.66157 -4.19387 -0.652214 270 318.555 39.0447 
-4.57341 -6.07862 1.60241 272 548.878 332.813 
-5.23237 -4.93727 0.70564 274 413.477 221.944 
-6.17442 -3.3056 1.44019 275 181.415 298.535 
-6.35803 -2.98756 0.146678 278 135.751 136.28 
-5.01096 -5.32075 -0.777348 280 487.798 37.0928 
-6.14897 -3.34967 0.179673 281 189.615 143.691 
-6.80803 -2.20814 1.05615 282 20.869 245.267 
-5.29126 -4.83526 1.87037 284 388.475 352.447 
-4.95189 -5.42307 -0.262658 289 493.792 105.98 
-6.64642 -2.48807 1.41126 310 63.4407 290.959 
-4.92427 -5.47091 0.898447 318 482.885 248.366 
-4.30377 -6.54565 0.385968 326 632.762 196.194 
-5.70343 -4.12137 0.704539 329 299.017 216.747 
-4.50583 -6.19567 0.376914 336 589.298 192.275 
-5.29142 -4.83499 -0.290764 343 412.056 98.0407 
-4.78378 -5.71426 0.966713 344 514.311 258.475 
-6.83154 -2.16742 0.486301 345 10.7227 172.451 
-4.31667 -6.52331 1.57757 348 606.37 330.64 
-5.42884 -4.59697 1.28117 351 360.864 288.06 
-5.36533 -4.70697 -0.794508 356 398.922 29.5205 
-5.82827 -3.90515 1.73075 357 264.937 335.104 
-4.93982 -5.44397 -1.05261 362 511.111 0.477494 
-4.34584 -6.47278 1.58859 363 599.497 332.48 
-6.57086 -2.61894 0.112404 367 79.0119 128.583 
-6.73207 -2.33972 -0.455992 369 33.193 45.9083 
-5.20485 -4.98493 0.860305 376 417.125 241.382 
-5.0994 -5.16757 -0.624233 381 464.304 56.51 
-6.69448 -2.40482 0.483031 384 46.0517 174.41 
-5.96156 -3.67428 1.39164 385 233.473 294.707 
-4.55591 -6.10892 1.47438 387 555.157 319.398 
-5.24676 -4.91235 0.215207 389 417.537 161.886 
-4.97755 -5.37862 1.00983 392 468.872 260.594 
-6.74479 -2.31769 0.740399 393 36.8125 205.105 
-5.6307 -4.24734 -0.845678 398 331.002 14.6632 
-4.67743 -5.89845 0.0191106 408 554.589 146.381 
-6.46686 -2.79907 -0.256321 409 105.124 80.0391 
-4.59318 -6.04438 0.332137 419 568.954 188.014 
-6.00176 -3.60464 0.426871 430 224.223 178.257 
-6.84225 -2.14887 1.74644 436 16.4273 326.581 
-5.16969 -5.04583 -0.141549 437 439.553 119.994 
-4.8407 -5.61566 -0.0396453 440 516.366 137.851 
-6.44049 -2.84475 -0.804824 441 112.486 2.70603 
-6.48803 -2.7624 0.108587 442 99.6582 129.119 
-5.69392 -4.13784 -0.92901 443 313.54 2.55167 
-4.75369 -5.76637 0.970583 446 521.338 261.03 
-4.46089 -6.27351 1.45209 451 578.682 315.885 
-6.50928 -2.7256 -0.0902829 452 95.0005 102.943 
-6.03331 -3.55 -0.591601 458 220.9 42.2545 
-6.65278 -2.47704 -0.576839 463 53.542 31.0892 
-5.68074 -4.16068 0.111245 466 308.662 142.578 
-5.94183 -3.70845 -0.699449 468 246.901 27.5009 
-4.41902 -6.34603 0.58457 470 604.028 217.971 
-6.23302 -3.2041 1.90527 471 166.337 347.618 
-5.14801 -5.08339 0.214391 472 439.958 165.629 
-5.88723 -3.80302 -0.421933 473 258.965 70.6362 
-4.6459 -5.95307 0.77707 474 548.591 237.645 
-4.72984 -5.80768 1.01961 483 526.784 264.911 
-6.7498 -2.309 -0.746357 485 24.756 2.92733 
-5.72951 -4.0762 -0.498216 489 299.1 62.7975 
-5.30136 -4.81777 0.489233 495 399.656 194.67 
