-1.97014 0.361326 7 3 436.642 272.51 
-3.49077 1.97493 7 8 266.391 479.969 
-2.93389 0.906698 7 9 320.866 348.35 
-2.14837 -1.21575 7 10 397.876 73.0044 
-4.80195 0.41523 7 21 147.758 296.695 
-3.28746 -0.347612 7 22 277.022 200.659 
-5.92999 -1.73451 7 23 73.9618 112.217 
-5.37012 0.037908 7 24 107.41 262.823 
-5.21106 1.44812 7 29 117.752 402.635 
-5.40598 0.152698 7 30 104.931 273.989 
-2.84657 -0.836733 7 31 320.076 136.551 
-3.76175 1.7333 7 32 238.484 446.274 
-2.21352 -0.0799941 7 33 399.834 216.622 
-5.875 -0.508694 7 36 75.6437 217.056 
-4.02466 -0.174699 7 39 209.492 229.307 
-3.22548 0.288125 7 40 286.168 273.539 
-5.59816 -0.619665 7 42 93.0038 204.03 
-3.26615 1.27581 7 43 286.667 393.893 
-6.33365 0.109205 7 44 47.5633 275.376 
-2.70348 -0.732172 7 47 336.352 145.495 
-6.25916 0.145289 7 48 51.7849 278.164 
