5.64257 -0.481715 -7 109 297.329 177.012 
2.26927 0.767181 -7 111 636.81 347.328 
2.74139 -0.240151 -7 113 574.004 205.762 
6.30632 -1.54879 -7 115 258.524 90.0797 
4.50714 -1.04124 -7 119 381.233 119.239 
2.98659 0.138239 -7 123 536.764 251.668 
4.46367 -0.542201 -7 125 383.604 169.943 
6.6867 0.183154 -7 127 239.494 228.219 
6.46481 -1.88245 -7 128 249.846 64.1639 
3.77354 -0.887468 -7 133 450.325 129.539 
6.08103 -0.977971 -7 134 271.208 136.075 
3.34213 1.4046 -7 137 485.119 389.062 
4.29646 -0.0380129 -7 139 396.64 221.233 
6.59087 -1.1778 -7 141 243.576 122.78 
4.8725 1.3091 -7 142 347.437 340.686 
6.26277 1.2623 -7 143 261.417 313.481 
6.4687 -1.97232 -7 149 249.603 56.7377 
7 -1.59791 -6.35011 157 180.222 84.1729 
7 1.75895 -5.06184 159 82.9446 380.792 
7 0.863395 -4.44339 163 12.2665 311.395 
7 -0.863938 -6.09367 166 162.721 143.567 
7 1.33843 -4.95324 172 70.5425 345.855 
7 0.759759 -5.08223 173 80.7509 290.327 
7 -0.563655 -4.89557 181 55.4717 164.028 
7 0.831841 -5.58946 182 126.853 289.476 
7 1.69172 -5.79597 183 145.799 356.716 
7 0.781169 -6.98961 200 224.5 269.931 
