4.31342 6.52894 -1.60055 753 397.632 71.4414 
3.95041 7.15768 -0.115486 754 466.822 235.332 
5.20903 4.97769 -0.50044 755 193.331 198.433 
4.55568 6.10933 1.89736 756 351.856 461.279 
4.31954 6.51834 0.440036 760 398.206 297.413 
2.79672 9.15593 1.45335 762 639.936 363.196 
3.65369 7.67162 -0.409443 763 518.343 201.909 
3.63308 7.70731 -0.253667 767 522.076 218.779 
4.46197 6.27165 0.273057 769 370.752 281.578 
4.61126 6.01306 1.59096 770 339.005 428.925 
3.94821 7.16151 -0.305332 771 466.205 215.599 
5.03444 5.28009 -1.71136 772 232.539 44.1488 
3.17581 8.49933 -0.450529 776 592.168 194.661 
4.57465 6.07647 -0.980151 777 341.258 139.78 
2.96438 8.86554 -0.466828 778 623.802 195.739 
3.01964 8.76982 1.66075 782 608.573 387.098 
2.91765 8.94648 -1.66232 783 632.744 81.3754 
5.15479 5.07165 1.79947 785 218.847 475.703 
5.70086 4.12582 1.37764 788 70.9441 452.016 
4.09862 6.90098 -0.651429 789 438.564 177.783 
3.94393 7.16891 1.20445 790 466.977 368.006 
5.12308 5.12656 1.56711 791 226.702 446.935 
5.18216 5.02423 -0.915456 795 198.225 146.369 
4.59582 6.03981 -1.8766 800 336.88 31.5653 
4.05686 6.97332 -1.81735 802 447.67 50.2454 
3.73411 7.53233 -1.49404 804 504.948 90.5103 
4.51996 6.17121 -1.82406 806 352.34 39.1557 
3.68413 7.6189 -0.207288 807 512.238 222.575 
5.66896 4.18107 1.48268 810 79.181 462.211 
5.10188 5.16328 -1.16456 819 215.367 113.968 
5.52148 4.43652 -0.0547931 822 109.256 259.859 
3.75485 7.49641 -1.09591 823 502.899 132.798 
5.84215 3.8811 1.25316 824 25.7635 439.29 
5.5405 4.40357 -1.44396 835 93.7815 70.2304 
3.57856 7.80176 -0.875216 840 531.927 155.019 
4.78716 5.7084 1.97587 843 305.765 477.293 
3.12713 8.58365 0.949699 846 596.015 325.403 
4.15625 6.80116 -0.0422045 847 427.658 242.677 
4.99376 5.35056 -0.727822 848 246.948 171.722 
3.4808 7.97107 -1.62753 851 548.247 80.8235 
3.61746 7.73437 -1.94874 852 526.624 43.0907 
3.11682 8.6015 1.29664 853 596.863 358.039 
3.59494 7.77338 0.739111 854 526.904 315.769 
5.62913 4.25005 -0.845981 855 71.5043 152.296 
3.21408 8.43306 1.15774 858 583.193 346.743 
3.63106 7.71081 -1.67758 859 523.197 71.4184 
3.27878 8.32099 -1.03834 860 577.191 140.781 
4.56207 6.09827 -1.67131 861 344.007 58.8673 
5.34442 4.7432 -0.804129 863 156.657 159.396 
4.3546 6.4576 0.374594 864 392.12 292.541 
4.06751 6.95487 -1.6458 865 444.516 71.3858 
3.50474 7.92962 1.97827 867 539.239 428.491 
4.94977 5.42675 -0.328941 868 258.639 219.854 
3.62176 7.72692 0.659348 870 521.102 308.626 
4.25903 6.62315 1.93355 875 410.957 452.114 
4.41808 6.34766 -1.43643 876 375.782 87.9344 
5.30638 4.80908 -0.846641 879 166.154 153.491 
4.56699 6.08973 -1.84141 883 343.115 36.064 
4.79043 5.70272 0.841803 884 300.885 353.324 
5.48992 4.49117 1.01765 885 125.178 397.044 
3.47475 7.98155 1.30736 888 543.929 365.262 
3.96207 7.13749 -0.131759 891 463.575 233.622 
4.38822 6.39938 -1.26668 892 381.612 108.128 
5.33186 4.76494 0.690372 894 168.759 350.092 
5.07479 5.21021 -0.592079 897 226.976 187.865 
3.79506 7.42677 -1.15471 899 493.851 126.884 
4.24153 6.65346 -1.08896 903 410.369 130.86 
4.97651 5.38043 -1.78963 905 247.331 37.1579 
5.14042 5.09654 0.266927 906 213.482 295.457 
4.61439 6.00765 -1.15812 909 331.505 118.384 
4.70431 5.85189 0.465414 910 315.905 309.063 
4.24347 6.65009 0.760465 912 412.704 330.154 
3.15471 8.53588 -0.806247 915 595.554 162.943 
3.62319 7.72445 -0.430218 916 521.395 202.12 
3.37491 8.15449 -1.18787 917 566.772 125.306 
3.88292 7.27458 0.732852 918 478.954 321.711 
4.81756 5.65573 0.693441 919 292.869 335.299 
3.5513 7.84897 1.93783 920 530.17 427.827 
4.74735 5.77734 -1.4318 921 303.121 84.0714 
3.89561 7.2526 -0.984565 922 475.723 143.07 
3.15548 8.53455 -1.95746 923 601.157 48.2629 
3.45706 8.01219 0.602811 925 546.969 299.151 
4.92972 5.46147 0.685045 928 265.986 337.923 
3.20202 8.45395 0.188458 931 588.406 256.764 
4.89688 5.51835 -1.08993 939 268.403 123.298 
4.93218 5.45722 -0.369873 940 264.115 212.568 
3.59191 7.77864 1.36064 942 523.316 373.292 
5.5287 4.42402 0.271974 943 108.438 302.688 
5.34394 4.74403 -0.45553 947 156.89 205.329 
5.80798 3.94029 0.203205 953 26.2857 298.578 
3.89811 7.24827 1.30532 954 475.36 377.852 
3.02515 8.76029 0.646829 955 609.991 297.399 
2.99518 8.81219 -1.02389 956 621.169 143.544 
4.95506 5.41758 -0.74361 957 256.451 166.847 
2.88729 8.99907 -0.922446 958 635.043 153.043 
5.615 4.27453 -0.380425 961 79.05 216.83 
5.29086 4.83597 -1.98418 962 162.147 2.69788 
5.54904 4.38878 0.419383 964 106.555 321.601 
4.28105 6.58501 -0.348295 969 402.983 212.663 
5.19076 5.00935 -1.7233 970 190.102 37.8116 
5.51039 4.45573 1.34352 972 124.236 437.529 
4.4012 6.3769 -1.37641 973 380.772 96.7369 
4.30329 6.54648 1.81023 975 400.969 439.655 
4.12313 6.85854 -0.122495 977 434.134 233.84 
4.93575 5.45104 -0.7803 984 261.076 163.417 
5.51818 4.44223 -1.47775 990 101.255 66.3624 
5.75493 4.03217 1.14041 991 50.783 420.449 
4.40456 6.37107 0.274064 992 381.024 280.482 
4.26624 6.61065 0.689474 996 409.052 323.753 
4.40907 6.36327 1.15293 997 380.368 374.689 
4.63799 5.96676 0.669191 998 333.686 329.086 
