-7 0.21307 2.3409 51 0.418493 0.345505 
-7 -0.29883 -1.326 55 -0.530241 0.224622 
-7 -0.441068 2.32778 56 0.400856 0.178356 
-7 -1.05185 -1.49538 60 -0.557401 0.0271327 
-7 -1.45394 1.58819 66 0.211755 -0.063105 
-7 -1.07602 2.04225 70 0.322137 0.025369 
-7 -1.87164 2.51938 75 0.414231 -0.152549 
-7 0.577231 -1.47952 76 -0.597804 0.475849 
-7 -1.9255 2.82609 83 0.479676 -0.162738 
-7 -0.72299 3.2493 84 0.604563 0.108948 
-7 -0.166603 0.216342 87 -0.118309 0.254846 
-7 0.312724 -0.335245 92 -0.26892 0.389483 
-7 -1.0576 1.73598 99 0.251276 0.0293727 
