-5.37012 0.037908 7 24 615.203 130.99 
-5.21106 1.44812 7 29 602.779 267.094 
-5.40598 0.152698 7 30 609.341 142.222 
-5.875 -0.508694 7 36 578.283 79.5312 
-5.59816 -0.619665 7 42 605.895 66.2432 
-6.33365 0.109205 7 44 531.885 136.005 
-6.25916 0.145289 7 48 536.818 139.217 
-7 0.21307 2.3409 51 103.038 99.7473 
-7 -0.503339 4.01391 52 289.246 45.3795 
-7 -0.64261 4.44771 54 328.293 38.6904 
-7 -0.441068 2.32778 56 100.352 15.4969 
-7 1.81819 2.50338 57 124.342 282.181 
-7 1.50288 1.91462 59 49.232 251.523 
-7 0.78654 5.75191 68 409.547 182.528 
-7 -0.100249 4.19611 69 302.577 90.4229 
-7 -0.527577 4.46053 71 328.4 50.7702 
-7 -0.14175 5.47309 72 400.669 101.44 
-7 1.61955 6.53315 73 446.808 246.408 
-7 1.51818 2.67054 81 143.708 249.911 
-7 0.883221 6.2108 82 436.28 191.324 
-7 -0.72299 3.2493 84 213.838 3.74225 
-7 1.48523 2.57162 86 132.31 246.822 
-7 1.20864 2.59145 88 134.7 217.045 
-7 1.46933 5.82185 93 407.276 236.757 
-7 -0.576654 5.65743 96 417.504 64.5035 
