-7 1.12101 -6.65735 79 0.50674 0.493942 
-7 -1.84392 -6.0007 85 0.694077 -0.0549837 
-7 0.592834 -6.66606 94 0.516197 0.391883 
-7 -0.609874 -5.90804 100 0.692104 0.190147 
-5.46333 -1.29075 -7 102 0.31945 -0.00789294 
-4.55559 -0.250499 -7 105 0.152852 0.174276 
-2.11042 -0.0563179 -7 106 -0.421881 0.146926 
-5.09885 0.316864 -7 107 0.222142 0.3066 
-5.05591 -0.451909 -7 117 0.238623 0.144651 
-3.07632 -1.96878 -7 120 -0.0646051 -0.296786 
-3.56835 0.827876 -7 121 -0.0808248 0.418598 
-6.20015 -0.954561 -7 122 0.403486 0.0804163 
-1.05355 -1.5594 -7 126 -0.688282 -0.406512 
-2.10211 -0.684594 -7 129 -0.38409 -0.0386314 
-3.11373 -0.303232 -7 130 -0.132745 0.116861 
-1.30535 -1.94469 -7 131 -0.562116 -0.488912 
-1.59533 0.795126 -7 132 -0.667804 0.410989 
-6.2831 -0.370457 -7 140 0.399956 0.189228 
-5.05277 -1.83336 -7 148 0.277682 -0.131564 
-6.46998 0.52855 -7 150 0.401509 0.358906 
