-7 1.11392 -6.02536 65 0.528466 0.487933 
-7 0.886694 -5.35798 67 0.682199 0.488804 
-7 0.694743 -5.33965 78 0.688778 0.444993 
-7 1.12101 -6.65735 79 0.413086 0.447363 
-7 -1.84392 -6.0007 85 0.570198 -0.0893864 
-7 0.592834 -6.66606 94 0.419662 0.347653 
-7 -0.609874 -5.90804 100 0.574137 0.141939 
-5.46333 -1.29075 -7 102 0.22099 -0.0391872 
-4.55559 -0.250499 -7 105 0.0595906 0.136063 
-2.11042 -0.0563179 -7 106 -0.533835 0.100583 
-5.09885 0.316864 -7 107 0.131495 0.267366 
-6.22725 1.4028 -7 110 0.264137 0.487818 
-5.05591 -0.451909 -7 117 0.144528 0.10811 
-3.07632 -1.96878 -7 120 -0.167412 -0.331548 
-3.56835 0.827876 -7 121 -0.173924 0.378145 
-6.20015 -0.954561 -7 122 0.305238 0.0480911 
-2.10211 -0.684594 -7 129 -0.49503 -0.0859157 
-3.11373 -0.303232 -7 130 -0.231521 0.0749122 
-6.2831 -0.370457 -7 140 0.304429 0.153807 
-5.05277 -1.83336 -7 148 0.177259 -0.159973 
-6.46998 0.52855 -7 150 0.310085 0.319776 
