-5.875 -0.508694 7 36 628.711 78.4786 
-6.33365 0.109205 7 44 577.55 136.547 
-6.25916 0.145289 7 48 582.856 139.808 
-7 0.21307 2.3409 51 155.668 98.6584 
-7 -0.503339 4.01391 52 334.563 45.1841 
-7 -0.64261 4.44771 54 372.861 38.4016 
-7 -0.441068 2.32778 56 155.3 16.648 
-7 1.81819 2.50338 57 171.015 277.377 
-7 1.50288 1.91462 59 101.709 245.883 
-7 0.78654 5.75191 68 450.086 183.106 
-7 -0.100249 4.19611 69 346.496 89.9696 
-7 -0.527577 4.46053 71 372.688 50.4485 
-7 -0.14175 5.47309 72 443.028 101.263 
-7 1.61955 6.53315 73 486.115 248.418 
-7 1.51818 2.67054 81 190.086 246.076 
-7 0.883221 6.2108 82 476.713 192.35 
-7 -0.72299 3.2493 84 262.825 4.4095 
-7 1.48523 2.57162 86 179.412 242.829 
-7 1.20864 2.59145 88 182.415 213.649 
-7 1.46933 5.82185 93 446.604 237.88 
-7 -0.576654 5.65743 96 460.668 64.0788 
