-2.93389 0.906698 7 9 0.418405 0.331428 
-2.14837 -1.21575 7 10 0.524506 -0.308174 
-4.80195 0.41523 7 21 -0.00995291 0.229378 
-3.28746 -0.347612 7 22 0.259043 0.00841372 
-5.92999 -1.73451 7 23 -0.225512 -0.139356 
-5.37012 0.037908 7 24 -0.108391 0.16272 
-5.21106 1.44812 7 29 -0.042281 0.449984 
-5.40598 0.152698 7 30 -0.110199 0.185871 
-2.84657 -0.836733 7 31 0.344173 -0.14236 
-2.21352 -0.0799941 7 33 0.580448 0.0236036 
-5.875 -0.508694 7 36 -0.189656 0.0729427 
-4.02466 -0.174699 7 39 0.108023 0.0807022 
-3.22548 0.288125 7 40 0.305946 0.167617 
-5.59816 -0.619665 7 42 -0.157318 0.0440609 
-3.26615 1.27581 7 43 0.347646 0.433109 
-6.33365 0.109205 7 44 -0.229685 0.193626 
-2.70348 -0.732172 7 47 0.388552 -0.126062 
-6.25916 0.145289 7 48 -0.220184 0.198877 
-7 0.78654 5.75191 68 -0.495481 0.379982 
-7 -0.14175 5.47309 72 -0.570973 0.201055 
-7 1.61955 6.53315 73 -0.339464 0.49319 
-7 0.883221 6.2108 82 -0.408122 0.372854 
-7 1.46933 5.82185 93 -0.468012 0.517694 
-7 -0.576654 5.65743 96 -0.540117 0.109142 
