-3.17768 1.79522 -7 101 585.56 335.876 
0.794442 1.97164 -7 103 39.732 457.084 
-2.11042 -0.0563179 -7 106 443.766 103.347 
-0.235026 1.16667 -7 114 190.767 310.656 
-0.0787955 1.33173 -7 116 169.35 338.601 
-1.66978 1.93068 -7 118 405.842 384.938 
-3.56835 0.827876 -7 121 625.094 208.142 
0.474792 -0.485198 -7 124 32.368 55.1485 
-2.10211 -0.684594 -7 129 436.548 10.0212 
-3.11373 -0.303232 -7 130 568.222 60.9625 
-1.59533 0.795126 -7 132 383.623 231.751 
-3.58737 1.4874 -7 135 629.228 290.636 
-0.615215 -0.161545 -7 146 225.941 100.421 
