5.98522 3.63329 1.2144 752 -0.100393 0.462295 
4.31342 6.52894 -1.60055 753 0.647836 -0.344923 
5.20903 4.97769 -0.50044 755 0.261159 -0.0509737 
6.15778 3.33441 -0.551726 764 -0.229595 -0.0211459 
6.72499 2.35198 -0.698686 765 -0.528092 -0.0341037 
6.84891 2.13734 -1.72634 766 -0.592586 -0.272447 
4.46197 6.27165 0.273057 769 0.680324 0.108262 
4.61126 6.01306 1.59096 770 0.687693 0.489732 
5.03444 5.28009 -1.71136 772 0.303091 -0.344561 
5.86576 3.8402 -1.56683 775 -0.0943127 -0.281389 
4.57465 6.07647 -0.980151 777 0.554371 -0.195722 
5.7277 4.07932 -1.90892 781 -0.034806 -0.364837 
6.61901 2.53554 -1.90015 786 -0.475877 -0.322662 
5.84347 3.87882 -1.54309 787 -0.0879615 -0.272402 
5.70086 4.12582 1.37764 788 0.0647991 0.496349 
5.12308 5.12656 1.56711 791 0.400413 0.511887 
6.3358 3.02608 -0.89504 793 -0.32362 -0.0985157 
5.18216 5.02423 -0.915456 795 0.261986 -0.155275 
6.99287 1.88799 0.446143 798 -0.681457 0.293306 
5.95878 3.67909 -1.91848 799 -0.151951 -0.354988 
4.59582 6.03981 -1.8766 800 0.503759 -0.399719 
4.51996 6.17121 -1.82406 806 0.538228 -0.38651 
6.6228 2.52897 -1.96054 809 -0.474233 -0.337735 
5.10188 5.16328 -1.16456 819 0.288967 -0.218661 
5.52148 4.43652 -0.0547931 822 0.117648 0.0761538 
5.84215 3.8811 1.25316 824 -0.0207117 0.466474 
5.5405 4.40357 -1.44396 835 0.0648676 -0.265941 
6.68672 2.41826 0.33091 836 -0.50932 0.241665 
4.99376 5.35056 -0.727822 848 0.364513 -0.120857 
6.64876 2.484 -1.60616 850 -0.49232 -0.254275 
5.62913 4.25005 -0.845981 855 0.0368652 -0.117678 
4.56207 6.09827 -1.67131 861 0.52591 -0.352885 
5.34442 4.7432 -0.804129 863 0.183852 -0.124305 
6.53997 2.67244 -0.861665 866 -0.434947 -0.0818644 
4.94977 5.42675 -0.328941 868 0.401782 -0.0272135 
6.4243 2.87279 -0.337461 872 -0.368823 0.0450728 
5.87176 3.82982 -1.86513 873 -0.104252 -0.347965 
4.41808 6.34766 -1.43643 876 0.610747 -0.307681 
5.30638 4.80908 -0.846641 879 0.198942 -0.131759 
6.67343 2.44128 -1.01357 882 -0.507202 -0.111912 
4.56699 6.08973 -1.84141 883 0.51862 -0.391012 
4.79043 5.70272 0.841803 884 0.545094 0.281922 
5.48992 4.49117 1.01765 885 0.171506 0.372373 
6.14997 3.34793 -0.772956 886 -0.228965 -0.0774764 
6.38369 2.94312 -0.846468 889 -0.350483 -0.0850696 
4.38822 6.39938 -1.26668 892 0.628571 -0.273192 
5.33186 4.76494 0.690372 894 0.24387 0.267809 
5.88934 3.79937 -0.91473 896 -0.0972582 -0.127961 
5.07479 5.21021 -0.592079 897 0.328051 -0.0815519 
6.93416 1.98968 -1.06451 904 -0.642026 -0.116964 
4.97651 5.38043 -1.78963 905 0.327829 -0.368073 
5.14042 5.09654 0.266927 906 0.328477 0.142279 
6.87866 2.08582 -0.0270921 907 -0.616237 0.154976 
6.77251 2.26967 -0.747548 908 -0.558083 -0.0445106 
4.61439 6.00765 -1.15812 909 0.528561 -0.241961 
4.70431 5.85189 0.465414 910 0.56734 0.172283 
6.05282 3.51621 -1.75001 911 -0.191324 -0.315204 
4.81756 5.65573 0.693441 919 0.519538 0.242926 
4.74735 5.77734 -1.4318 921 0.44954 -0.291187 
5.93483 3.72057 -1.99581 926 -0.138184 -0.374788 
4.92972 5.46147 0.685045 928 0.456695 0.248271 
6.12516 3.3909 1.11897 932 -0.183354 0.443585 
6.67513 2.43834 -0.321965 935 -0.508514 0.0610368 
6.75528 2.29951 -0.729401 938 -0.544629 -0.0377556 
4.89688 5.51835 -1.08993 939 0.395157 -0.209677 
4.93218 5.45722 -0.369873 940 0.408522 -0.0360642 
5.5287 4.42402 0.271974 943 0.121638 0.162058 
5.34394 4.74403 -0.45553 947 0.197451 -0.0336842 
5.85587 3.85734 -1.13495 948 -0.0848982 -0.177755 
6.22795 3.21288 -0.545567 952 -0.266482 -0.0180773 
5.80798 3.94029 0.203205 953 -0.0306843 0.159517 
4.95506 5.41758 -0.74361 957 0.381186 -0.125134 
6.10007 3.43436 0.816237 960 -0.177542 0.345273 
5.615 4.27453 -0.380425 961 0.0565058 -0.00100223 
5.29086 4.83597 -1.98418 962 0.169584 -0.398562 
5.54904 4.38878 0.419383 964 0.114972 0.207849 
6.0817 3.46619 -1.62949 965 -0.201649 -0.28474 
6.53207 2.68613 -0.981663 967 -0.427703 -0.114212 
6.68153 2.42724 -0.314303 968 -0.506886 0.0681375 
5.19076 5.00935 -1.7233 970 0.227459 -0.345292 
5.51039 4.45573 1.34352 972 0.169489 0.474905 
4.4012 6.3769 -1.37641 973 0.617265 -0.29553 
6.2372 3.19685 0.871776 983 -0.254693 0.374804 
4.93575 5.45104 -0.7803 984 0.387016 -0.133844 
5.51818 4.44223 -1.47775 990 0.0732289 -0.273238 
5.75493 4.03217 1.14041 991 0.0258461 0.424937 
5.53617 4.41107 -1.97751 993 0.0523411 -0.383822 
5.97808 3.64567 0.0489525 995 -0.122175 0.124462 
4.63799 5.96676 0.669191 998 0.61288 0.226466 
6.58202 2.59961 -0.970701 999 -0.454157 -0.112264 
