1.69792 -0.977731 -7 104 477.75 48.7819 
5.64257 -0.481715 -7 109 75.6733 94.8063 
2.26927 0.767181 -7 111 357.987 278.168 
2.74139 -0.240151 -7 113 324.155 141.29 
4.50714 -1.04124 -7 119 168.226 40.7336 
2.98659 0.138239 -7 123 289.112 184.765 
4.46367 -0.542201 -7 125 163.442 93.9132 
6.6867 0.183154 -7 127 3.38852 149.061 
3.77354 -0.887468 -7 133 230.008 58.0654 
6.08103 -0.977971 -7 134 54.3988 47.0125 
3.34213 1.4046 -7 137 228.187 325.875 
0.97797 0.750031 -7 138 544.738 315.877 
4.29646 -0.0380129 -7 139 168.744 148.814 
6.59087 -1.1778 -7 141 26.3491 29.0005 
4.8725 1.3091 -7 142 102.364 278.735 
6.26277 1.2623 -7 143 13.3987 249.15 
1.9715 1.13953 -7 144 387.076 335.969 
1.45576 0.553777 -7 145 473.914 271.623 
