-5.21737 5.07065 -0.784054 2 518.199 210.767 
-4.28285 5.6102 -0.35009 4 381.083 249.985 
-2.36095 6.71981 0.0648834 6 59.2613 272.466 
-3.05032 6.3218 1.27862 8 154.71 467.081 
-4.55705 5.45189 0.173982 17 417.573 323.254 
-3.41844 6.10927 -1.82689 21 271.782 47.3027 
-3.01817 6.34036 -1.63356 23 207.458 59.868 
-2.57331 6.5972 -0.0115366 25 99.4396 267.314 
-2.71663 6.51445 0.575812 32 111.075 354.452 
-5.58769 4.85685 -0.0889875 33 563.249 305.132 
-4.90516 5.25091 0.957061 35 462.646 438.703 
-3.74583 5.92025 -0.779907 36 307.778 183.731 
-3.03012 6.33346 -0.976834 38 197.526 143.481 
-4.01906 5.7625 0.688089 42 328.55 388.671 
-5.48126 4.9183 1.10702 45 546.048 465.556 
-5.01404 5.18805 -1.36312 47 490.935 137.997 
-5.40315 4.96339 -0.284863 49 539.344 277.235 
-2.14768 6.84294 -0.101629 51 27.3172 246.053 
-3.33545 6.15718 -0.435976 52 234.847 219.957 
-3.617 5.99463 -1.57595 71 296.079 82.4568 
-4.04408 5.74805 -1.06717 77 355.923 154.23 
-4.14277 5.69108 0.84443 78 346.481 414.589 
-3.86191 5.85323 -1.48589 82 330.797 97.8582 
-2.18179 6.82325 0.0567123 84 28.7534 269.254 
-2.31638 6.74554 0.814643 87 32.0247 385.293 
-4.13014 5.69837 -1.41351 88 370.598 111.504 
-3.16889 6.25334 -1.4501 90 228.685 87.4514 
-4.96883 5.21415 -1.7676 92 488.135 90.2472 
-6.07518 4.57539 0.411442 94 630.215 376.773 
-5.96131 4.64114 0.2828 99 615.129 356.244 
-5.72779 4.77596 -0.0479517 100 584.345 313.422 
-3.51194 6.05528 0.00121058 101 257.702 280.38 
-4.97487 5.21066 0.882942 102 474.487 426.658 
-5.91646 4.66703 -1.82728 105 611.009 103.43 
-2.27819 6.76759 -0.186085 109 53.445 235.222 
-5.86459 4.69698 1.11578 115 601.358 468.631 
-4.62783 5.41102 -0.263344 122 433.746 267.985 
-5.82616 4.71917 1.05356 123 595.925 460.221 
-4.37657 5.55609 0.727218 125 384.934 399.594 
-4.73475 5.34929 -1.6572 126 457.686 97.9703 
-2.44383 6.67196 -0.385326 131 87.7169 210.648 
-2.20806 6.80808 -1.59639 140 76.5558 45.1342 
-5.45173 4.93535 -0.474326 153 548.357 255.993 
-2.79823 6.46735 0.492322 157 128.043 342.638 
-3.75274 5.91626 -1.57757 159 318.738 85.0536 
-2.15233 6.84026 -0.0957294 160 30.2355 245.367 
-2.43306 6.67818 0.0756168 161 74.0192 275.19 
-5.18032 5.09204 -1.54133 165 515.616 120.62 
-2.12399 6.85662 0.667081 166 0.153588 357.283 
-5.69185 4.79671 -0.755463 167 580.295 221.57 
-5.70558 4.78878 -0.80519 184 581.168 217.516 
-4.00147 5.77265 1.17768 189 319.53 461.299 
-2.76342 6.48744 -1.86079 195 174.445 25.6559 
-3.97857 5.78587 -1.48671 197 349.711 99.3094 
-3.48498 6.07085 0.402763 199 245.867 341.375 
-2.50658 6.63573 -0.864936 203 108.499 145.381 
-2.60244 6.58039 -0.419929 205 115.862 208.76 
-4.54546 5.45858 1.2223 207 406.333 474.122 
-2.88473 6.41741 -0.980824 212 174.692 140.619 
-2.20564 6.80948 0.351964 217 24.9476 311.49 
-5.75689 4.75916 -1.40167 219 588.727 148.425 
-4.56488 5.44737 -0.00874334 220 419.568 296.961 
-3.28265 6.18767 0.466932 221 211.14 347.496 
-2.92339 6.39508 1.13342 229 134.434 444.185 
-5.83224 4.71566 -1.67191 237 597.795 120.979 
-2.63039 6.56425 -0.0067306 240 110.914 266.273 
-4.83444 5.29174 -0.69456 244 465.231 216.919 
-2.65581 6.54957 -0.244999 247 122.91 233.003 
-3.8183 5.87841 -0.432496 250 311.869 230.219 
