-7 -1.78251 -2.62609 53 214.063 36.635 
-7 -0.29883 -1.326 55 342.939 186.187 
-7 0.46862 -2.98529 58 168.681 267.239 
-7 -1.05185 -1.49538 60 326.516 105.102 
-7 -1.03485 -3.75523 61 105.733 116.084 
-7 -0.184126 -2.39523 62 229.894 199.243 
-7 1.26508 -0.184774 63 475.157 371.682 
-7 0.577231 -1.47952 76 323.595 283.53 
-7 -1.86155 -2.22478 77 253.734 25.7574 
-7 0.821262 -3.48263 80 119.637 302.427 
-7 -0.166603 0.216342 87 525.985 200.262 
-7 1.69039 -1.92004 89 271.804 407.181 
-7 1.40697 -4.3308 91 39.4944 358.404 
-7 0.312724 -0.335245 92 456.986 256.416 
-7 -1.56958 -3.12031 95 166.289 60.8779 
-7 -1.20087 -3.87679 97 95.9819 100.536 
-7 1.52805 -2.92335 98 169.185 380.752 
