-7 -1.78251 -2.62609 53 -0.448314 -0.287418 
-7 -0.29883 -1.326 55 -0.180165 0.039421 
-7 0.46862 -2.98529 58 -0.58889 0.223691 
-7 -1.05185 -1.49538 60 -0.210472 -0.134771 
-7 -0.184126 -2.39523 62 -0.433748 0.0657908 
-7 1.26508 -0.184774 63 0.100192 0.454619 
-7 -1.45394 1.58819 66 0.527906 -0.234724 
-7 -1.07602 2.04225 70 0.652976 -0.148801 
-7 0.577231 -1.47952 76 -0.229244 0.258042 
-7 -1.86155 -2.22478 77 -0.360203 -0.305547 
-7 -0.166603 0.216342 87 0.199575 0.0734679 
-7 0.312724 -0.335245 92 0.0604643 0.194125 
-7 -1.56958 -3.12031 95 -0.559238 -0.241338 
-7 1.52805 -2.92335 98 -0.60878 0.503728 
-7 -1.0576 1.73598 99 0.574384 -0.143672 
