-7 -0.29883 -1.326 55 445.043 158.723 
-7 0.46862 -2.98529 58 267.208 241.882 
-7 -1.05185 -1.49538 60 426.991 70.2249 
-7 -1.03485 -3.75523 61 195.597 89.766 
-7 -0.184126 -2.39523 62 325.511 173.797 
-7 1.26508 -0.184774 63 584.874 349.828 
-7 0.0943094 -5.21035 64 82.671 202.286 
-7 1.11392 -6.02536 65 30.4043 288.414 
-7 0.886694 -5.35798 67 74.795 272.183 
-7 1.34911 -4.82912 74 114.469 315.793 
-7 0.577231 -1.47952 76 424.324 259.304 
-7 0.694743 -5.33965 78 75.4385 255.458 
-7 0.821262 -3.48263 80 222.2 274.976 
-7 -1.84392 -6.0007 85 19.9473 29.5884 
-7 1.69039 -1.92004 89 373.148 375.964 
-7 -0.295975 -5.19552 90 82.4445 166.851 
-7 1.40697 -4.3308 91 152.697 324.63 
-7 0.312724 -0.335245 92 570.114 232.625 
-7 -1.56958 -3.12031 95 253.229 27.7382 
-7 -1.20087 -3.87679 97 184.713 73.6595 
-7 1.52805 -2.92335 98 273.394 348.373 
-7 -0.609874 -5.90804 100 31.3356 140.239 
