1.50492 8.95177 -1.01173 5 0.451483 -0.276218 
2.56137 9.56171 -1.26435 9 0.264714 -0.29897 
0.882168 8.59222 -0.707979 12 0.589363 -0.21987 
0.899845 8.60243 -1.45278 14 0.623202 -0.390878 
1.53151 8.96712 0.925447 27 0.367908 0.112034 
1.89409 9.17646 -0.898766 30 0.366333 -0.245531 
1.20489 8.77855 1.35968 34 0.420727 0.219026 
0.643979 8.45471 0.172026 37 0.622611 -0.0115661 
1.0009 8.66077 1.01151 39 0.48758 0.16502 
1.35417 8.86473 -1.19204 41 0.492347 -0.313639 
2.2299 9.37034 -1.63427 48 0.33046 -0.37532 
1.11916 8.72905 0.11871 59 0.490265 -0.0419626 
2.502 9.52743 1.21213 60 0.195315 0.115546 
0.976565 8.64672 0.659001 63 0.502938 0.0870357 
2.48091 9.51526 -1.52748 64 0.286731 -0.348005 
1.84359 9.1473 -0.734752 70 0.369558 -0.215625 
2.0992 9.29488 1.12901 72 0.254022 0.12001 
2.43447 9.48845 -1.27169 74 0.283726 -0.301579 
0.772201 8.52873 0.816256 76 0.551617 0.133435 
2.20527 9.35612 0.861552 89 0.249962 0.0693736 
1.53832 8.97105 -0.336704 110 0.414153 -0.137119 
1.39446 8.888 1.03195 114 0.389817 0.14303 
1.29458 8.83033 1.97538 118 0.381466 0.334867 
1.68572 9.05615 0.970133 121 0.333201 0.110914 
1.04442 8.6859 0.452906 133 0.497254 0.0385585 
2.0713 9.27877 -0.869126 143 0.331362 -0.237157 
2.40916 9.47383 1.43867 146 0.202853 0.157925 
2.34296 9.43561 0.313575 151 0.24862 -0.0342724 
1.8128 9.12952 -1.61907 155 0.413285 -0.385956 
1.66029 9.04147 -0.791988 162 0.410758 -0.22792 
1.18573 8.76749 -1.30616 163 0.538249 -0.344829 
0.840218 8.568 1.74362 168 0.488681 0.332672 
0.827608 8.56072 -0.196826 177 0.582957 -0.0999543 
0.817645 8.55497 1.17423 181 0.521597 0.21048 
1.11154 8.72465 -0.22035 188 0.513098 -0.110201 
1.01143 8.66685 -1.03298 194 0.572805 -0.294137 
1.63059 9.02433 -0.54542 202 0.407044 -0.17996 
0.530427 8.38915 0.212413 206 0.651537 0.00453019 
0.498224 8.37055 -0.257251 218 0.686602 -0.111207 
1.50761 8.95332 1.78202 225 0.340473 0.279904 
0.843826 8.57009 1.93717 228 0.480547 0.379341 
0.842776 8.56948 1.16326 230 0.516291 0.209509 
2.3848 9.45977 -0.140995 231 0.255554 -0.111819 
1.20088 8.77623 0.396294 235 0.463775 0.0195784 
2.1672 9.33414 0.137181 241 0.279051 -0.058542 
2.5324 9.54499 -0.521146 243 0.244336 -0.174491 
2.29158 9.40595 0.467399 249 0.252649 -0.0025825 
3.95041 7.15768 -0.115486 754 -0.203723 -0.219489 
4.55568 6.10933 1.89736 756 -0.598054 0.242337 
4.31954 6.51834 0.440036 760 -0.406795 -0.125163 
2.79672 9.15593 1.45335 762 0.12263 0.149197 
3.65369 7.67162 -0.409443 763 -0.0779174 -0.252902 
3.63308 7.70731 -0.253667 767 -0.0769488 -0.216682 
4.46197 6.27165 0.273057 769 -0.480362 -0.182196 
4.61126 6.01306 1.59096 770 -0.624233 0.16393 
3.94821 7.16151 -0.305332 771 -0.199888 -0.26129 
3.17581 8.49933 -0.450529 776 0.0782372 -0.211461 
2.96438 8.86554 -0.466828 778 0.139592 -0.194024 
3.01964 8.76982 1.66075 782 0.0564791 0.184397 
2.91765 8.94648 -1.66232 783 0.19441 -0.410037 
4.09862 6.90098 -0.651429 789 -0.253917 -0.368795 
3.94393 7.16891 1.20445 790 -0.253492 0.0844525 
2.7584 9.22231 -0.310632 792 0.188051 -0.156559 
3.73411 7.53233 -1.49404 804 -0.0647389 -0.504516 
3.68413 7.6189 -0.207288 807 -0.0988984 -0.21232 
2.74211 9.25053 -1.73828 813 0.2392 -0.405224 
3.75485 7.49641 -1.09591 823 -0.0914239 -0.416341 
3.57856 7.80176 -0.875216 840 -0.0376187 -0.343063 
2.75988 9.21974 0.955628 841 0.145618 0.0641483 
3.12713 8.58365 0.949699 846 0.0478067 0.0524045 
4.15625 6.80116 -0.0422045 847 -0.304502 -0.227194 
3.4808 7.97107 -1.62753 851 0.0269798 -0.488606 
3.11682 8.6015 1.29664 853 0.0377038 0.116429 
3.59494 7.77338 0.739111 854 -0.0979125 -0.00528703 
3.21408 8.43306 1.15774 858 0.0116959 0.0870745 
3.27878 8.32099 -1.03834 860 0.0652794 -0.344841 
4.3546 6.4576 0.374594 864 -0.420565 -0.146591 
3.50474 7.92962 1.97827 867 -0.110294 0.245089 
2.83011 9.0981 -0.827008 869 0.183388 -0.251586 
3.62176 7.72692 0.659348 870 -0.100203 -0.0198969 
4.25903 6.62315 1.93355 875 -0.42853 0.245826 
2.74336 9.24836 0.533191 877 0.163237 -0.00716568 
3.47475 7.98155 1.30736 888 -0.0738855 0.113531 
3.96207 7.13749 -0.131759 891 -0.212948 -0.224112 
3.79506 7.42677 -1.15471 899 -0.100242 -0.444237 
4.24153 6.65346 -1.08896 903 -0.303658 -0.509606 
4.70431 5.85189 0.465414 910 -0.636733 -0.15726 
4.24347 6.65009 0.760465 912 -0.377192 -0.0371288 
3.15471 8.53588 -0.806247 915 0.100501 -0.27753 
3.62319 7.72445 -0.430218 916 -0.0648007 -0.254573 
3.37491 8.15449 -1.18787 917 0.0454908 -0.37929 
3.88292 7.27458 0.732852 918 -0.211102 -0.0185763 
3.5513 7.84897 1.93783 920 -0.124667 0.241883 
3.89561 7.2526 -0.984565 922 -0.146361 -0.41714 
3.15548 8.53455 -1.95746 923 0.1397 -0.506473 
2.665 9.38408 0.586617 924 0.182885 0.00596321 
3.45706 8.01219 0.602811 925 -0.0443067 -0.0251949 
3.20202 8.45395 0.188458 931 0.0504654 -0.0929433 
2.78152 9.18227 -1.96749 936 0.238611 -0.452433 
3.59191 7.77864 1.36064 942 -0.115275 0.123716 
3.89811 7.24827 1.30532 954 -0.239134 0.103907 
3.02515 8.76029 0.646829 955 0.0881099 0.00147699 
2.99518 8.81219 -1.02389 956 0.150926 -0.309668 
2.88729 8.99907 -0.922446 958 0.174022 -0.275489 
4.28105 6.58501 -0.348295 969 -0.354342 -0.323938 
2.80084 9.14881 -0.0563065 974 0.166204 -0.114422 
4.30329 6.54648 1.81023 975 -0.448157 0.220026 
4.12313 6.85854 -0.122495 977 -0.28118 -0.243077 
2.74799 9.24035 0.800252 981 0.149653 0.0406266 
4.40456 6.37107 0.274064 992 -0.446068 -0.176213 
4.26624 6.61065 0.689474 996 -0.387127 -0.0569007 
4.40907 6.36327 1.15293 997 -0.481078 0.0539719 
4.63799 5.96676 0.669191 998 -0.606344 -0.092719 
