-4.80195 0.41523 7 21 427.812 326.368 
-3.28746 -0.347612 7 22 579.142 243.084 
-5.92999 -1.73451 7 23 331.014 147.154 
-5.37012 0.037908 7 24 381.168 290.622 
-5.21106 1.44812 7 29 404.925 417.596 
-5.40598 0.152698 7 30 379.639 300.648 
-2.84657 -0.836733 7 31 636.72 174.088 
-5.875 -0.508694 7 36 343.784 245.95 
-4.02466 -0.174699 7 39 494.005 267.519 
-3.22548 0.288125 7 40 595.862 320.886 
-5.59816 -0.619665 7 42 360.302 234.879 
-3.26615 1.27581 7 43 603.099 442.524 
-6.33365 0.109205 7 44 321.971 296.337 
-6.25916 0.145289 7 48 326.366 299.2 
-7 -0.503339 4.01391 52 40.2391 275.001 
-7 -0.64261 4.44771 54 88.3951 256.463 
-7 0.78654 5.75191 68 214.473 367.216 
-7 -0.100249 4.19611 69 65.2988 314.927 
-7 -0.527577 4.46053 71 90.7256 267.819 
-7 -0.14175 5.47309 72 186.314 292.737 
-7 1.61955 6.53315 73 271.897 416.035 
-7 0.883221 6.2108 82 246.657 365.847 
-7 1.46933 5.82185 93 224.62 422.657 
-7 -0.576654 5.65743 96 197.235 254.021 
