-4.80195 0.41523 7 21 531.499 238.483 
-5.92999 -1.73451 7 23 451.486 44.8082 
-5.37012 0.037908 7 24 484.708 199.482 
-5.21106 1.44812 7 29 489.454 325.752 
-5.40598 0.152698 7 30 481.241 209.601 
-3.76175 1.7333 7 32 634.198 398.915 
-5.875 -0.508694 7 36 449.819 151.62 
-4.02466 -0.174699 7 39 622.139 181.208 
-5.59816 -0.619665 7 42 470.5 140.656 
-6.33365 0.109205 7 44 417.655 202.116 
-6.25916 0.145289 7 48 422.059 205.22 
-7 -0.503339 4.01391 52 166.609 140.135 
-7 -0.64261 4.44771 54 207.809 129.473 
-7 0.78654 5.75191 68 307.44 255.08 
-7 -0.100249 4.19611 69 185.243 181.532 
-7 -0.527577 4.46053 71 209.091 140.807 
-7 -0.14175 5.47309 72 289.568 179.822 
-7 1.61955 6.53315 73 352.676 310.421 
-7 1.51818 2.67054 81 17.3731 366.766 
-7 0.883221 6.2108 82 335.71 259.577 
-7 -0.72299 3.2493 84 79.7114 108.629 
-7 1.48523 2.57162 86 3.30524 365.681 
-7 1.20864 2.59145 88 3.98082 333.889 
-7 1.46933 5.82185 93 311.084 307.438 
-7 -0.576654 5.65743 96 302.754 143.635 
