-1.97014 0.361326 7 3 547.553 280.065 
-2.93389 0.906698 7 9 430.087 366.276 
-2.14837 -1.21575 7 10 479.292 81.2997 
-4.80195 0.41523 7 21 245.945 327.095 
-3.28746 -0.347612 7 22 366.125 222.257 
-5.92999 -1.73451 7 23 154.791 157.609 
-5.37012 0.037908 7 24 202.755 297.472 
-5.21106 1.44812 7 29 227.968 431.619 
-5.40598 0.152698 7 30 201.549 308.359 
-2.84657 -0.836733 7 31 403.637 154.238 
-3.76175 1.7333 7 32 354.89 469.108 
-2.21352 -0.0799941 7 33 499.468 226.27 
-5.875 -0.508694 7 36 167.345 256.44 
-4.02466 -0.174699 7 39 300.163 256.635 
-3.22548 0.288125 7 40 384.293 293.776 
-5.59816 -0.619665 7 42 182.588 242.563 
-3.26615 1.27581 7 43 399.192 414.249 
-6.33365 0.109205 7 44 146.757 313.92 
-2.70348 -0.732172 7 47 421.968 161.313 
-6.25916 0.145289 7 48 151.044 316.255 
-7 0.78654 5.75191 68 7.16417 398.555 
-7 1.61955 6.53315 73 86.1382 456.825 
-7 0.883221 6.2108 82 53.4973 397.36 
-7 1.46933 5.82185 93 17.7936 466.051 
