7 -1.49784 0.349314 151 13.7835 53.8588 
7 -0.0623122 -3.31422 152 433.431 247.207 
7 0.36994 -1.65205 155 265.072 292.028 
7 0.947338 -0.351981 158 107.139 362.575 
7 1.75895 -5.06184 159 570.141 415.014 
7 0.343459 -2.54532 160 358.853 288.48 
7 -0.647617 -0.188366 161 88.3456 168.439 
7 1.08732 -1.94397 162 294.588 369.323 
7 0.863395 -4.44339 163 526.074 336.185 
7 -0.724268 -3.10497 165 416.651 178.993 
7 1.33843 -4.95324 172 563.766 377.79 
7 0.759759 -5.08223 173 575.971 324.866 
7 -0.518283 -3.0968 179 415.111 200.135 
7 0.741437 -4.00824 180 490.91 325.885 
7 -0.563655 -4.89557 181 567.585 203.219 
7 0.831841 -5.58946 182 612.664 330.023 
7 1.69172 -5.79597 183 623.36 404.211 
7 -0.443496 -0.586995 184 140.396 195.96 
7 -1.20096 -0.713027 185 158.129 105.853 
7 -0.746732 -0.782938 186 165.851 160.983 
7 0.0865561 -4.29161 189 517.043 263.006 
7 -1.97934 -4.46413 190 539.805 65.4935 
7 -1.56385 -0.742436 193 162.693 62.3868 
7 -1.07027 0.309808 197 19.0281 110.027 
7 1.83558 -1.14915 198 203.771 458.119 
