-4.80195 0.41523 7 21 502.565 263.166 
-5.92999 -1.73451 7 23 418.29 74.0801 
-5.37012 0.037908 7 24 456.202 224.863 
-5.21106 1.44812 7 29 466.107 350.128 
-5.40598 0.152698 7 30 453.307 234.828 
-3.76175 1.7333 7 32 608.127 421.676 
-5.875 -0.508694 7 36 420.87 177.869 
-4.02466 -0.174699 7 39 585.51 206.958 
-5.59816 -0.619665 7 42 440.205 167.203 
-6.33365 0.109205 7 44 391.881 227.526 
-6.25916 0.145289 7 48 396.248 230.589 
-7 -0.503339 4.01391 52 135.821 176.384 
-7 -0.64261 4.44771 54 178.05 163.882 
-7 0.78654 5.75191 68 283.587 284.117 
-7 -0.100249 4.19611 69 155.986 216.82 
-7 -0.527577 4.46053 71 179.637 175.071 
-7 -0.14175 5.47309 72 263.05 209.973 
-7 1.61955 6.53315 73 331.578 337.158 
-7 0.883221 6.2108 82 312.563 287.081 
-7 -0.72299 3.2493 84 44.938 148.95 
-7 1.46933 5.82185 93 288.973 336.574 
-7 -0.576654 5.65743 96 275.365 173.532 
