5.64257 -0.481715 -7 109 0.422828 0.00183597 
6.30632 -1.54879 -7 115 0.293657 -0.147623 
4.50714 -1.04124 -7 119 0.622993 -0.1724 
4.46367 -0.542201 -7 125 0.658493 -0.0678452 
6.6867 0.183154 -7 127 0.290675 0.14512 
6.46481 -1.88245 -7 128 0.265348 -0.19004 
6.08103 -0.977971 -7 134 0.339901 -0.0664429 
6.59087 -1.1778 -7 141 0.267646 -0.0758259 
4.8725 1.3091 -7 142 0.653702 0.365751 
6.26277 1.2623 -7 143 0.381584 0.334523 
6.4687 -1.97232 -7 149 0.262652 -0.203343 
7 -0.0623122 -3.31422 152 -0.34975 0.154638 
7 -1.59791 -6.35011 157 0.136549 -0.127928 
7 1.75895 -5.06184 159 0.0284264 0.497036 
7 0.343459 -2.54532 160 -0.550996 0.276101 
7 0.863395 -4.44339 163 -0.0986457 0.331343 
7 -0.724268 -3.10497 165 -0.406114 0.00480287 
7 -0.863938 -6.09367 166 0.120201 -0.0146083 
7 1.33843 -4.95324 172 0.00102938 0.412649 
7 0.759759 -5.08223 173 0.00984069 0.289106 
7 -0.518283 -3.0968 179 -0.406486 0.0517158 
7 0.741437 -4.00824 180 -0.185806 0.320079 
7 -0.563655 -4.89557 181 -0.0467826 0.0367893 
7 0.831841 -5.58946 182 0.0890019 0.288828 
7 1.69172 -5.79597 183 0.138969 0.447734 
7 0.0865561 -4.29161 189 -0.140931 0.170312 
7 -1.97934 -4.46413 190 -0.143193 -0.224781 
7 0.781169 -6.98961 200 0.265764 0.246711 
