-7 0.21307 2.3409 51 361.037 310.951 
-7 -0.503339 4.01391 52 517.906 238.199 
-7 -0.64261 4.44771 54 554.178 225.814 
-7 -0.441068 2.32778 56 360.753 240.72 
-7 1.50288 1.91462 59 314.026 454.88 
-7 1.26508 -0.184774 63 57.7726 447.907 
-7 -1.45394 1.58819 66 284.423 126.607 
-7 -0.100249 4.19611 69 533.05 277.796 
-7 -1.07602 2.04225 70 332.364 171.257 
-7 -0.527577 4.46053 71 555.165 236.859 
-7 -0.14175 5.47309 72 633.797 274.308 
-7 -1.87164 2.51938 75 382.168 90.7936 
-7 1.51818 2.67054 81 392.229 449.46 
-7 -1.9255 2.82609 83 412.054 88.3883 
-7 -0.72299 3.2493 84 450.345 214.072 
-7 1.48523 2.57162 86 382.409 446.807 
-7 -0.166603 0.216342 87 116.809 268.447 
-7 1.20864 2.59145 88 384.803 416.892 
-7 0.312724 -0.335245 92 40.4381 328.36 
-7 -1.0576 1.73598 99 299.73 171.349 
