1.69792 -0.977731 -7 104 0.554601 -0.508572 
5.64257 -0.481715 -7 109 -0.368454 -0.378284 
2.26927 0.767181 -7 111 0.254136 0.0151762 
2.74139 -0.240151 -7 113 0.181403 -0.286688 
4.50714 -1.04124 -7 119 -0.16972 -0.502971 
2.98659 0.138239 -7 123 0.100053 -0.189258 
4.46367 -0.542201 -7 125 -0.179478 -0.384771 
6.6867 0.183154 -7 127 -0.516538 -0.259576 
3.77354 -0.887468 -7 133 -0.0318303 -0.468588 
6.08103 -0.977971 -7 134 -0.415495 -0.480881 
3.34213 1.4046 -7 137 -0.03697 0.113134 
0.97797 0.750031 -7 138 0.694436 0.103799 
4.29646 -0.0380129 -7 139 -0.167141 -0.264981 
6.59087 -1.1778 -7 141 -0.475468 -0.518138 
4.8725 1.3091 -7 142 -0.305931 0.011142 
6.26277 1.2623 -7 143 -0.490615 -0.0512501 
1.9715 1.13953 -7 144 0.318331 0.141187 
1.45576 0.553777 -7 145 0.526686 0.00315094 
7 0.781169 -6.98961 200 -0.564827 -0.158286 
