-7 0.21307 2.3409 51 476.969 394.828 
-7 -0.29883 -1.326 55 37.9034 341.605 
-7 -0.441068 2.32778 56 470.791 319.333 
-7 -1.05185 -1.49538 60 24.5799 248.688 
-7 -1.45394 1.58819 66 387.088 208.41 
-7 -1.07602 2.04225 70 436.708 249.459 
-7 -1.87164 2.51938 75 480.316 167.847 
-7 0.577231 -1.47952 76 5.90801 458.686 
-7 -1.9255 2.82609 83 510.052 163.451 
-7 -0.72299 3.2493 84 562.742 287.856 
-7 -0.166603 0.216342 87 232.534 354.946 
-7 0.312724 -0.335245 92 161.728 417.302 
-7 -1.0576 1.73598 99 404.396 251.175 
