-5.46333 -1.29075 -7 102 563.392 201.01 
-4.55559 -0.250499 -7 105 483.756 291.088 
-2.11042 -0.0563179 -7 106 232.141 285.477 
-5.09885 0.316864 -7 107 515.995 351.858 
-6.22725 1.4028 -7 110 575.332 453.158 
-0.689565 -1.47331 -7 112 41.9712 35.0552 
-5.05591 -0.451909 -7 117 523.967 276.052 
-3.07632 -1.96878 -7 120 380.457 70.0587 
-3.56835 0.827876 -7 121 380.48 402.884 
-6.20015 -0.954561 -7 122 604.07 242.567 
-1.05355 -1.5594 -7 126 108.403 40.3054 
-2.10211 -0.684594 -7 129 243.949 201.596 
-3.11373 -0.303232 -7 130 354.543 268.255 
-1.59533 0.795126 -7 132 140.674 399.645 
-3.58737 1.4874 -7 135 371.073 478.11 
-6.2831 -0.370457 -7 140 601.395 295.241 
-5.05277 -1.83336 -7 148 543.506 140.847 
-6.46998 0.52855 -7 150 600.726 375.336 
