-7 -1.78251 -2.62609 53 -0.132252 -0.495838 
-7 -0.29883 -1.326 55 0.162098 -0.159055 
-7 0.46862 -2.98529 58 -0.217447 0.0194894 
-7 -1.05185 -1.49538 60 0.124244 -0.343099 
-7 -1.03485 -3.75523 61 -0.364217 -0.309684 
-7 -0.184126 -2.39523 62 -0.0890079 -0.128317 
-7 1.26508 -0.184774 63 0.457181 0.249426 
-7 0.0943094 -5.21035 64 -0.625208 -0.0673955 
-7 0.886694 -5.35798 67 -0.651458 0.0899117 
-7 1.34911 -4.82912 74 -0.565237 0.188682 
-7 0.577231 -1.47952 76 0.119579 0.0558357 
-7 0.694743 -5.33965 78 -0.647965 0.0519344 
-7 0.821262 -3.48263 80 -0.318482 0.093548 
-7 -0.166603 0.216342 87 0.584687 -0.129933 
-7 1.69039 -1.92004 89 0.00940923 0.316251 
-7 -0.295975 -5.19552 90 -0.621661 -0.145732 
-7 1.40697 -4.3308 91 -0.47871 0.207765 
-7 0.312724 -0.335245 92 0.420727 -0.00279865 
-7 -1.56958 -3.12031 95 -0.2369 -0.437163 
-7 -1.20087 -3.87679 97 -0.386654 -0.344064 
-7 1.52805 -2.92335 98 -0.208997 0.257728 
