1.69792 -0.977731 -7 104 -0.515734 -0.120406 
2.26927 0.767181 -7 111 -0.605979 0.479421 
-0.689565 -1.47331 -7 112 0.219362 -0.428424 
-0.235026 1.16667 -7 114 0.240084 0.470514 
0.474792 -0.485198 -7 124 -0.0983802 -0.0375315 
-1.05355 -1.5594 -7 126 0.332847 -0.479615 
-1.59533 0.795126 -7 132 0.678824 0.262159 
1.03314 -1.58354 -7 136 -0.339091 -0.352525 
0.97797 0.750031 -7 138 -0.189457 0.39984 
1.45576 0.553777 -7 145 -0.356126 0.362033 
-0.615215 -0.161545 -7 146 0.279841 0.000972268 
0.206379 -1.0164 -7 147 -0.043165 -0.225344 
