7 -0.0623122 -3.31422 152 0.158225 0.0277234 
7 0.36994 -1.65205 155 -0.213152 0.125764 
7 -1.59791 -6.35011 157 0.655445 -0.237239 
7 0.947338 -0.351981 158 -0.580097 0.28806 
7 1.75895 -5.06184 159 0.465931 0.395421 
7 0.343459 -2.54532 160 -0.00340237 0.117712 
7 -0.647617 -0.188366 161 -0.613431 -0.150224 
7 1.08732 -1.94397 162 -0.145833 0.29963 
7 0.863395 -4.44339 163 0.364133 0.221631 
7 -0.724268 -3.10497 165 0.118595 -0.11899 
7 -0.863938 -6.09367 166 0.620568 -0.108724 
7 1.33843 -4.95324 172 0.448709 0.312763 
7 0.759759 -5.08223 173 0.469775 0.196308 
7 -0.518283 -3.0968 179 0.116254 -0.0738839 
7 0.741437 -4.00824 180 0.28751 0.199383 
7 -0.563655 -4.89557 181 0.440829 -0.0645513 
7 0.831841 -5.58946 182 0.547966 0.207155 
7 1.69172 -5.79597 183 0.578652 0.369793 
7 -0.443496 -0.586995 184 -0.495054 -0.0884214 
7 -1.20096 -0.713027 185 -0.451537 -0.283592 
7 -0.746732 -0.782938 186 -0.435823 -0.164321 
7 0.0865561 -4.29161 189 0.339001 0.0623842 
7 -1.97934 -4.46413 190 0.371382 -0.351041 
7 -1.56385 -0.742436 193 -0.439918 -0.375928 
7 1.83558 -1.14915 198 -0.355901 0.508335 
