5.64257 -0.481715 -7 109 281.113 161.13 
2.26927 0.767181 -7 111 609.954 332.605 
2.74139 -0.240151 -7 113 552.962 192.022 
6.30632 -1.54879 -7 115 243.676 72.4112 
4.50714 -1.04124 -7 119 365.612 103.425 
2.98659 0.138239 -7 123 515.572 237.585 
4.46367 -0.542201 -7 125 366.972 154.686 
6.6867 0.183154 -7 127 222.529 212.54 
6.46481 -1.88245 -7 128 235.352 45.8369 
3.77354 -0.887468 -7 133 433.71 114.542 
6.08103 -0.977971 -7 134 255.674 119.38 
3.34213 1.4046 -7 137 462.044 373.902 
4.29646 -0.0380129 -7 139 378.849 206.409 
6.59087 -1.1778 -7 141 228.173 105.573 
4.8725 1.3091 -7 142 327.999 325.888 
6.26277 1.2623 -7 143 243.144 298.541 
6.4687 -1.97232 -7 149 235.221 38.2397 
7 -1.59791 -6.35011 157 163.779 64.0949 
7 1.75895 -5.06184 159 59.4863 362.456 
7 -0.863938 -6.09367 166 144.874 124.127 
7 1.33843 -4.95324 172 46.8983 326.799 
7 0.759759 -5.08223 173 58.0412 270.76 
7 -0.563655 -4.89557 181 32.7032 140.867 
7 0.831841 -5.58946 182 105.984 271.311 
7 1.69172 -5.79597 183 124.829 339.791 
7 0.781169 -6.98961 200 206.91 254.584 
