-1.69835 7.10236 -1.49702 1 191.415 91.7362 
-4.28285 5.6102 -0.35009 4 591.172 315.361 
-2.36095 6.71981 0.0648834 6 258.279 323.304 
-1.18389 7.39938 -0.935763 10 100.769 153.995 
-0.882633 7.57332 -1.15265 15 59.417 119.377 
-4.55705 5.45189 0.173982 17 629.971 402.381 
-0.834292 7.60122 -0.745649 20 45.0437 170.821 
-3.41844 6.10927 -1.82689 21 470.903 80.7577 
-3.01817 6.34036 -1.63356 23 402.761 99.5186 
-2.57331 6.5972 -0.0115366 25 291.672 314.294 
-2.71663 6.51445 0.575812 32 304.028 403.178 
-3.74583 5.92025 -0.779907 36 504.415 238.9 
-3.03012 6.33346 -0.976834 38 388.694 191.739 
-4.01906 5.7625 0.688089 42 521.374 462.379 
-1.4565 7.24199 0.969849 43 95.3091 420.661 
-2.14768 6.84294 -0.101629 51 227.952 293.215 
-3.33545 6.15718 -0.435976 52 426.86 274.989 
-1.24468 7.36429 0.57792 55 74.1782 360.865 
-1.42581 7.25971 0.982136 67 90.448 421.236 
-3.617 5.99463 -1.57595 71 500.161 120.437 
-4.04408 5.74805 -1.06717 77 563.751 201.909 
-3.86191 5.85323 -1.48589 82 541.772 140.501 
-2.18179 6.82325 0.0567123 84 228.415 314.168 
-1.81168 7.03693 1.23812 85 143.585 468.643 
-2.31638 6.74554 0.814643 87 234.068 424.644 
-4.13014 5.69837 -1.41351 88 583.893 154.321 
-3.16889 6.25334 -1.4501 90 422.775 129.053 
-3.51194 6.05528 0.00121058 101 448.017 343.852 
-1.22592 7.37512 0.548265 107 71.1478 356.099 
-2.27819 6.76759 -0.186085 109 248.39 282.61 
-0.803108 7.61923 -0.814071 117 42.3375 161.46 
-0.964105 7.52628 0.885878 120 24.504 392.711 
-4.37657 5.55609 0.727218 125 583.782 477.512 
-1.20685 7.38613 1.22507 129 52.3698 447.937 
-2.44383 6.67196 -0.385326 131 280.602 258.944 
-1.33285 7.31338 0.696058 135 86.0017 379.892 
-2.20806 6.80808 -1.59639 140 271.025 85.9872 
-1.07075 7.46471 -0.23607 149 69.4515 244.935 
-1.34908 7.30401 -1.57982 156 138.716 72.012 
-2.79823 6.46735 0.492322 157 317.964 393.575 
-3.75274 5.91626 -1.57757 159 524.341 124.049 
-2.15233 6.84026 -0.0957294 160 228.588 293.012 
-2.43306 6.67818 0.0756168 161 270.026 323.952 
-0.717429 7.6687 0.357392 164 0.924078 315.953 
-2.12399 6.85662 0.667081 166 206.807 398.477 
-1.43641 7.25359 -1.07042 183 141.643 141.592 
-0.509556 7.78871 -1.73933 187 20.2439 35.8996 
-1.12203 7.4351 -0.763709 191 87.1724 176.546 
-1.58921 7.16537 -1.2695 193 169.533 119.011 
-2.76342 6.48744 -1.86079 195 364.052 62.0347 
-1.18082 7.40116 -1.11678 196 103.875 128.91 
-3.97857 5.78587 -1.48671 197 560.371 141.315 
-3.48498 6.07085 0.402763 199 435.682 403.617 
-2.50658 6.63573 -0.864936 203 304.414 194.34 
-1.65507 7.12735 -1.39271 204 181.955 101.529 
-2.60244 6.58039 -0.419929 205 305.63 259.716 
-2.88473 6.41741 -0.980824 212 365.735 187.37 
-1.32904 7.31558 0.826885 214 79.3056 397.674 
-2.20564 6.80948 0.351964 217 228.052 356.086 
-4.56488 5.44737 -0.00874334 220 635.014 374.565 
-3.28265 6.18767 0.466932 221 400.224 405.562 
-1.18272 7.40006 -0.335728 222 85.821 234.205 
-1.831 7.02577 -0.964452 224 199.175 165.39 
-1.58155 7.1698 -0.998108 227 162.368 155.209 
-2.63039 6.56425 -0.0067306 240 303.025 318.152 
-2.65581 6.54957 -0.244999 247 312.218 284.104 
-3.8183 5.87841 -0.432496 250 509.116 290.019 
