-1.97014 0.361326 7 3 618.861 300.811 
-2.93389 0.906698 7 9 492.599 386.188 
-2.14837 -1.21575 7 10 539.59 94.2043 
-4.80195 0.41523 7 21 298.926 342.197 
-3.28746 -0.347612 7 22 420.969 239.098 
-5.92999 -1.73451 7 23 201.218 173.206 
-5.37012 0.037908 7 24 254.112 312.018 
-5.21106 1.44812 7 29 283.804 444.612 
-5.40598 0.152698 7 30 253.238 322.733 
-2.84657 -0.836733 7 31 459.219 169.933 
-2.21352 -0.0799941 7 33 564.769 244.535 
-5.875 -0.508694 7 36 217.117 270.984 
-4.02466 -0.174699 7 39 352.726 272.992 
-3.22548 0.288125 7 40 442.04 311.778 
-5.59816 -0.619665 7 42 231.989 257.48 
-3.26615 1.27581 7 43 460.803 433.506 
-6.33365 0.109205 7 44 198.45 327.077 
-2.70348 -0.732172 7 47 479.087 177.206 
-6.25916 0.145289 7 48 202.801 329.45 
-7 0.78654 5.75191 68 72.6345 413.178 
-7 -0.14175 5.47309 72 37.6435 329.489 
-7 1.61955 6.53315 73 146.177 466.49 
-7 0.883221 6.2108 82 114.182 410.211 
-7 1.46933 5.82185 93 85.0054 477.546 
-7 -0.576654 5.65743 96 52.8313 286.968 
