9.02166 -1.62597 0.310692 751 -0.625635 -0.00667429 
5.98522 3.63329 1.2144 752 0.591833 0.34948 
8.84921 -1.32728 1.80752 757 -0.567755 0.259323 
9.23701 -1.99898 0.725578 758 -0.678135 0.0600606 
8.51992 -0.756939 0.408137 759 -0.481359 0.0191452 
8.29274 -0.363451 -1.35134 761 -0.420468 -0.325339 
6.15778 3.33441 -0.551726 764 0.541236 -0.133667 
6.72499 2.35198 -0.698686 765 0.222922 -0.178403 
6.84891 2.13734 -1.72634 766 0.175633 -0.447621 
7.18459 1.55593 0.710517 768 -0.00694466 0.13934 
7.75054 0.575679 1.75169 773 -0.22813 0.314357 
8.11102 -0.0486967 -1.08378 774 -0.361446 -0.272384 
7.65875 0.734657 0.495993 779 -0.193313 0.0676301 
6.87834 2.08637 1.48366 780 0.121713 0.328852 
9.27207 -2.0597 -0.388348 784 -0.69406 -0.138863 
6.61901 2.53554 -1.90015 786 0.303037 -0.505923 
6.3358 3.02608 -0.89504 793 0.446177 -0.231361 
7.07393 1.74759 -1.06522 794 0.0564512 -0.270531 
6.06707 3.49153 1.90256 796 0.527798 0.511233 
7.7677 0.545948 0.346374 797 -0.230771 0.0338259 
6.99287 1.88799 0.446143 798 0.0767304 0.0964088 
8.5833 -0.866718 0.816146 801 -0.5017 0.0940129 
8.13241 -0.0857393 -1.69052 803 -0.367108 -0.398012 
8.79364 -1.23104 1.71911 805 -0.549038 0.243772 
7.79816 0.49319 1.85753 808 -0.244708 0.335478 
7.13747 1.63753 -1.91994 811 0.0358965 -0.486152 
7.48096 1.04259 -1.87628 812 -0.120834 -0.463841 
7.81192 0.469365 1.38832 814 -0.250126 0.246376 
8.27608 -0.334586 -0.00492856 815 -0.405175 -0.0508913 
7.72815 0.61446 -0.217688 816 -0.218016 -0.0822902 
8.79838 -1.23924 -0.076131 817 -0.564382 -0.0709375 
7.65524 0.740743 -1.67984 818 -0.18697 -0.410704 
8.9917 -1.57408 -0.263508 820 -0.62205 -0.109665 
6.32015 3.05317 1.6683 821 0.395993 0.423903 
5.84215 3.8811 1.25316 824 0.683788 0.374273 
8.44778 -0.631981 -1.44841 825 -0.471486 -0.342821 
5.82897 3.90392 1.82637 826 0.681457 0.521401 
7.71438 0.638309 -0.336083 827 -0.211872 -0.109636 
7.15574 1.60589 0.615543 828 0.00413149 0.118521 
8.37839 -0.511796 0.804967 830 -0.439538 0.0998449 
7.85255 0.39899 0.707979 831 -0.262931 0.105868 
6.41513 2.88866 1.89263 832 0.336311 0.468239 
7.0505 1.78818 -1.26688 833 0.0693841 -0.320624 
9.00086 -1.58994 1.58986 834 -0.607752 0.212083 
6.68672 2.41826 0.33091 836 0.228564 0.0764146 
8.05704 0.0447927 0.347131 837 -0.338953 0.0262386 
8.22434 -0.244979 -0.782358 838 -0.394685 -0.20485 
7.41493 1.15696 -1.61534 839 -0.0896108 -0.403655 
8.81824 -1.27364 -0.967993 842 -0.581269 -0.245747 
8.71228 -1.09011 -0.848161 845 -0.547894 -0.221364 
8.83929 -1.31011 1.12568 849 -0.572203 0.13771 
6.64876 2.484 -1.60616 850 0.279431 -0.424216 
8.421 -0.585604 -0.76008 856 -0.4602 -0.202515 
7.47605 1.05111 -1.34417 857 -0.116369 -0.338107 
8.71634 -1.09715 -1.05762 862 -0.550124 -0.261341 
6.53997 2.67244 -0.861665 866 0.322736 -0.222802 
7.07604 1.74394 0.502742 871 0.0412203 0.100159 
6.4243 2.87279 -0.337461 872 0.379927 -0.0801691 
6.81272 2.20003 1.31801 874 0.151079 0.300318 
8.05963 0.040311 0.283874 878 -0.335731 0.0113982 
8.79205 -1.22828 1.24024 880 -0.556422 0.166737 
9.26617 -2.04948 1.18971 881 -0.6792 0.128657 
6.67343 2.44128 -1.01357 882 0.253839 -0.262911 
6.14997 3.34793 -0.772956 886 0.554818 -0.194088 
8.55161 -0.811824 0.960383 887 -0.489591 0.124037 
6.38369 2.94312 -0.846468 889 0.414236 -0.219431 
6.41 2.89756 1.35706 890 0.352157 0.342648 
8.75985 -1.1725 0.775444 893 -0.552305 0.0836378 
5.96932 3.66083 1.41731 895 0.599074 0.398659 
7.68639 0.686781 -1.10309 898 -0.20367 -0.276385 
7.3611 1.2502 0.0561545 900 -0.0730738 -0.0143382 
7.13224 1.6466 -0.977877 901 0.0289566 -0.250793 
8.49526 -0.714226 0.0445874 902 -0.480307 -0.0437366 
6.93416 1.98968 -1.06451 904 0.128707 -0.271315 
6.87866 2.08582 -0.0270921 907 0.137607 -0.0165732 
6.77251 2.26967 -0.747548 908 0.199466 -0.191755 
6.05282 3.51621 -1.75001 911 0.647322 -0.48869 
9.19568 -1.92739 0.768329 913 -0.665591 0.0675722 
7.05959 1.77242 -1.7808 914 0.0693569 -0.455705 
7.703 0.65802 -0.183774 927 -0.208834 -0.0741897 
8.84897 -1.32687 1.20156 929 -0.573051 0.152163 
7.30009 1.35587 1.86648 930 -0.060191 0.377033 
6.12516 3.3909 1.11897 932 0.516246 0.30857 
8.21418 -0.227369 1.2496 933 -0.386929 0.190476 
8.99498 -1.57975 1.82216 934 -0.607841 0.252991 
6.67513 2.43834 -0.321965 935 0.244493 -0.0812716 
7.22829 1.48023 1.7576 937 -0.0340577 0.361759 
6.75528 2.29951 -0.729401 938 0.208761 -0.186794 
8.51325 -0.745376 -0.600431 941 -0.48835 -0.167135 
8.81557 -1.26902 -1.19832 944 -0.57899 -0.285429 
6.43723 2.85038 1.42602 945 0.337563 0.357428 
8.73736 -1.13355 1.94259 946 -0.535258 0.285558 
7.78699 0.51253 1.89064 949 -0.244844 0.340972 
7.05329 1.78334 -1.18945 950 0.0679035 -0.299245 
7.15835 1.60138 1.8444 951 -0.000302639 0.379953 
6.22795 3.21288 -0.545567 952 0.501288 -0.131683 
8.23755 -0.267852 -0.0508432 959 -0.396894 -0.0570205 
6.10007 3.43436 0.816237 960 0.537896 0.234209 
6.0817 3.46619 -1.62949 965 0.624478 -0.451838 
6.29783 3.09184 1.91783 966 0.40294 0.486348 
6.53207 2.68613 -0.981663 967 0.332496 -0.256829 
6.68153 2.42724 -0.314303 968 0.243533 -0.0854741 
7.36792 1.23839 -0.614933 971 -0.0754251 -0.166072 
8.33271 -0.432673 -0.868744 976 -0.43131 -0.223494 
7.61247 0.814808 -0.677047 978 -0.173244 -0.180686 
6.66636 2.45352 1.76174 980 0.213496 0.41314 
6.2372 3.19685 0.871776 983 0.45809 0.238959 
8.49831 -0.719498 -1.83038 985 -0.49019 -0.426102 
8.14802 -0.112783 1.12075 986 -0.362003 0.175346 
8.42012 -0.584075 0.413676 987 -0.452856 0.0274307 
8.18073 -0.169436 -0.844467 988 -0.38262 -0.219925 
8.99905 -1.58682 1.73484 994 -0.6094 0.237057 
5.97808 3.64567 0.0489525 995 0.634275 0.0394885 
6.58202 2.59961 -0.970701 999 0.303913 -0.246574 
8.82589 -1.28688 1.75285 1000 -0.561449 0.249878 
