7 -1.49784 0.349314 151 150.027 16.0261 
7 -0.0623122 -3.31422 152 558.555 203.291 
7 0.36994 -1.65205 155 385.373 248.142 
7 0.947338 -0.351981 158 242.325 310.691 
7 0.343459 -2.54532 160 477.793 245.286 
7 -0.647617 -0.188366 161 221.307 129.247 
7 1.08732 -1.94397 162 411.195 321.553 
7 -0.724268 -3.10497 165 546.263 130.869 
7 0.725336 0.960833 171 87.4692 288.924 
7 1.97211 0.0439567 176 200.158 415.783 
7 1.44234 0.716532 178 121.825 365.56 
7 -0.518283 -3.0968 179 542.815 153.756 
7 0.741437 -4.00824 180 612.935 284.255 
7 -0.443496 -0.586995 184 269.147 155.244 
7 -1.20096 -0.713027 185 284.883 62.6633 
7 -0.746732 -0.782938 186 292.538 119.5 
7 -1.56385 -0.742436 193 288.995 15.8661 
7 -1.07027 0.309808 197 157.455 73.3388 
7 1.83558 -1.14915 198 326.686 396.962 
