7 0.36994 -1.65205 155 497.58 188.379 
7 0.947338 -0.351981 158 347.866 252.659 
7 0.343459 -2.54532 160 599.462 185.416 
7 -0.647617 -0.188366 161 330.913 64.3159 
7 1.08732 -1.94397 162 522.758 267.413 
7 0.725336 0.960833 171 199.733 228.442 
7 1.97211 0.0439567 176 304.346 357.912 
7 1.44234 0.716532 178 230.731 305.097 
7 -0.443496 -0.586995 184 378.627 90.4932 
7 -0.746732 -0.782938 186 403.638 51.7783 
7 0.475489 2.44893 191 26.027 200.247 
7 -1.07027 0.309808 197 269.036 8.09955 
7 1.83558 -1.14915 198 431.025 344.066 
