5.64257 -0.481715 -7 109 325.823 201.95 
2.74139 -0.240151 -7 113 613.216 225.789 
6.30632 -1.54879 -7 115 284.468 117.855 
4.50714 -1.04124 -7 119 409.178 143.402 
2.98659 0.138239 -7 123 576.112 272.814 
4.46367 -0.542201 -7 125 413.389 193.366 
6.6867 0.183154 -7 127 268.879 253.377 
6.46481 -1.88245 -7 128 275.163 93.0094 
3.77354 -0.887468 -7 133 480.452 151.997 
6.08103 -0.977971 -7 134 298.37 162.32 
3.34213 1.4046 -7 137 527.898 413.697 
4.29646 -0.0380129 -7 139 428.634 244.146 
6.59087 -1.1778 -7 141 270.365 149.959 
4.8725 1.3091 -7 142 382.1 364.763 
6.26277 1.2623 -7 143 293.228 337.93 
6.4687 -1.97232 -7 149 274.736 85.8526 
7 -1.59791 -6.35011 157 208.468 115.55 
7 1.75895 -5.06184 159 121.775 410.365 
7 0.863395 -4.44339 163 54.6791 344.285 
7 -0.863938 -6.09367 166 193.143 173.907 
7 1.33843 -4.95324 172 109.58 376.1 
7 0.759759 -5.08223 173 118.412 320.967 
7 0.741437 -4.00824 180 1.72478 342.606 
7 -0.563655 -4.89557 181 93.1634 199.269 
7 0.831841 -5.58946 182 161.903 318.279 
7 1.69172 -5.79597 183 181.151 384.291 
7 0.0865561 -4.29161 189 31.6237 268.242 
7 -1.97934 -4.46413 190 36.6165 49.4137 
7 0.781169 -6.98961 200 254.831 294.875 
