-3.17768 1.79522 -7 101 622.681 327.28 
0.794442 1.97164 -7 103 79.603 458.366 
-2.11042 -0.0563179 -7 106 469.844 94.6991 
-0.235026 1.16667 -7 114 222.873 310.355 
-0.0787955 1.33173 -7 116 202.583 338.66 
-1.66978 1.93068 -7 118 439.539 380.836 
0.474792 -0.485198 -7 124 63.0947 62.6845 
-2.10211 -0.684594 -7 129 459.803 0.86237 
-3.11373 -0.303232 -7 130 596.076 46.7274 
-1.59533 0.795126 -7 132 412.677 226.34 
0.97797 0.750031 -7 138 12.3533 276.542 
-0.615215 -0.161545 -7 146 252.014 99.9679 
