5.64257 -0.481715 -7 109 460.259 250.067 
6.30632 -1.54879 -7 115 405.441 177.28 
4.50714 -1.04124 -7 119 547.42 176.914 
4.46367 -0.542201 -7 125 560.933 225.526 
6.6867 0.183154 -7 127 402.274 311.365 
6.46481 -1.88245 -7 128 393.267 156.522 
3.77354 -0.887468 -7 133 634.444 170.706 
6.08103 -0.977971 -7 134 425.046 216.331 
4.29646 -0.0380129 -7 139 588.905 275.4 
6.59087 -1.1778 -7 141 393.601 209.715 
4.8725 1.3091 -7 142 553.064 417.108 
6.26277 1.2623 -7 143 439.835 398.034 
6.4687 -1.97232 -7 149 392.158 150.2 
7 -0.0623122 -3.31422 152 93.072 331.217 
7 -1.59791 -6.35011 157 333.716 184.775 
7 1.75895 -5.06184 159 278.554 478.625 
7 0.863395 -4.44339 163 218.303 407.118 
7 -0.724268 -3.10497 165 63.3532 259.545 
7 -0.863938 -6.09367 166 325.102 238.851 
7 1.33843 -4.95324 172 265.959 441.154 
7 0.759759 -5.08223 173 270.713 383.882 
7 -0.518283 -3.0968 179 63.402 282.62 
7 0.741437 -4.00824 180 175.661 404.848 
7 -0.563655 -4.89557 181 244.382 266.831 
7 0.831841 -5.58946 182 308.297 381.222 
7 1.69172 -5.79597 183 330.613 452.032 
7 0.0865561 -4.29161 189 197.896 332.744 
7 -1.97934 -4.46413 190 197.272 141.796 
7 0.781169 -6.98961 200 390.88 356.522 
