-2.57499 -9.53998 1.60069 268 -0.650837 0.132683 
-2.64072 -9.42615 1.95256 355 -0.674824 0.199081 
-0.751588 -8.51683 0.0534651 508 -0.363812 -0.184889 
-0.489466 -8.3655 1.99316 509 -0.282506 0.261335 
2.60042 -6.58155 1.54168 513 0.683988 0.258403 
1.01972 -7.49417 -0.323822 518 0.0815649 -0.323735 
1.55304 -7.18626 -0.142317 519 0.261185 -0.291221 
0.57886 -7.7487 0.424617 532 -0.0450748 -0.106601 
-1.33469 -8.85349 -0.250941 535 -0.481493 -0.246883 
1.74656 -7.07452 -0.649775 536 0.33342 -0.463446 
-0.805849 -8.54816 -1.1322 539 -0.39309 -0.466671 
-1.55768 -8.98223 1.00965 540 -0.503861 0.0241351 
-0.435565 -8.33438 0.0499532 548 -0.295269 -0.190476 
1.31384 -7.32436 1.35338 549 0.181454 0.148038 
0.488173 -7.80106 0.703509 550 -0.0667568 -0.0324609 
-2.17518 -9.33875 -0.02102 551 -0.616116 -0.179362 
-1.37853 -8.8788 -0.140968 554 -0.487626 -0.219353 
-0.337383 -8.27769 -1.23289 555 -0.290795 -0.51343 
0.766945 -7.64011 0.115194 558 0.00774782 -0.194484 
-0.751362 -8.5167 -0.54808 562 -0.373058 -0.325251 
-2.39776 -9.46725 -1.50147 566 -0.680654 -0.480998 
-0.453946 -8.34499 1.0501 568 -0.288729 0.0489779 
1.27527 -7.34662 -0.861902 571 0.163393 -0.502573 
-0.48463 -8.36271 0.158388 572 -0.306463 -0.162386 
2.47927 -6.6515 1.93554 574 0.620911 0.377135 
-1.19047 -8.77022 1.45663 578 -0.429638 0.124771 
-0.0029851 -8.08463 -0.961949 580 -0.209861 -0.464355 
1.33215 -7.31379 -0.490916 582 0.185763 -0.38843 
-0.413276 -8.32151 0.783569 583 -0.284461 -0.0110215 
-1.13416 -8.73771 1.81808 584 -0.416517 0.20093 
-2.13398 -9.31496 -0.61668 585 -0.625804 -0.305352 
-1.80668 -9.12599 1.44164 586 -0.53443 0.111419 
0.848258 -7.59316 -0.946016 591 0.0213007 -0.501209 
1.26618 -7.35187 -0.159086 592 0.1612 -0.289464 
-0.665112 -8.46691 -0.0591155 593 -0.349506 -0.210487 
-1.05884 -8.69422 -0.500411 598 -0.432056 -0.301891 
-1.85453 -9.15362 1.00414 599 -0.550104 0.0254505 
-0.29479 -8.2531 -0.936867 601 -0.281302 -0.437616 
-1.02236 -8.67316 1.83715 602 -0.39553 0.209346 
2.48133 -6.65031 0.492331 604 0.636949 -0.100537 
-0.41102 -8.32021 0.556759 610 -0.285923 -0.0666488 
-2.0658 -9.2756 0.128408 612 -0.601824 -0.151258 
2.4848 -6.64831 0.119285 615 0.64968 -0.235119 
-2.28434 -9.40177 0.767727 616 -0.620006 -0.0255368 
-0.478158 -8.35897 -0.638973 621 -0.31917 -0.353512 
-1.39269 -8.88697 -0.919729 622 -0.505799 -0.391253 
-1.85496 -9.15386 1.85126 623 -0.53646 0.191221 
-2.10532 -9.29841 0.971801 625 -0.58867 0.0205252 
-0.802806 -8.5464 1.53266 628 -0.354323 0.149645 
-0.197251 -8.19679 0.70261 629 -0.23518 -0.033888 
0.695133 -7.68157 0.336635 637 -0.0114555 -0.133752 
1.97066 -6.94514 1.58752 638 0.413255 0.243779 
-1.41788 -8.90152 -1.16565 639 -0.51042 -0.445266 
-0.795119 -8.54197 -0.566815 642 -0.380191 -0.334757 
-1.37552 -8.87706 0.232198 643 -0.478378 -0.139836 
-1.56414 -8.98596 -0.787846 645 -0.536664 -0.357183 
-0.814491 -8.55315 0.400562 646 -0.373106 -0.101541 
-0.0537926 -8.11396 -0.334741 647 -0.212324 -0.298483 
2.18105 -6.82367 0.572736 650 0.505995 -0.0762796 
2.35902 -6.72093 0.562621 651 0.585029 -0.0725503 
0.479792 -7.8059 1.79524 652 -0.0597608 0.246335 
1.77898 -7.05581 0.424263 655 0.346614 -0.115088 
0.279953 -7.92127 1.12217 656 -0.117394 0.0742348 
-0.574829 -8.41478 0.349602 657 -0.328201 -0.118772 
0.172776 -7.98315 1.03516 658 -0.144659 0.0489835 
-1.00763 -8.66466 -0.50403 660 -0.423384 -0.312613 
1.12851 -7.43136 0.338853 661 0.11695 -0.1349 
-0.613939 -8.43736 -0.547652 664 -0.343025 -0.329187 
-0.867771 -8.58391 0.768917 668 -0.374326 -0.0200342 
-0.769826 -8.52736 1.76192 670 -0.341353 0.200708 
2.3244 -6.74091 -0.546464 673 0.582191 -0.469291 
-1.48552 -8.94057 0.517606 676 -0.499401 -0.0764611 
-1.10245 -8.71941 -0.567007 677 -0.444721 -0.320931 
0.0842166 -8.03428 0.452304 685 -0.175662 -0.0970816 
0.676712 -7.6922 0.794688 695 -0.0139742 -0.0089285 
0.735422 -7.65831 -0.141939 702 -0.00386874 -0.268093 
-0.0286901 -8.09947 1.01989 704 -0.192016 0.0390773 
-2.31293 -9.41827 1.81431 707 -0.613104 0.173418 
2.02484 -6.91386 0.215523 713 0.442224 -0.193009 
2.26921 -6.77278 -0.294944 715 0.555625 -0.370038 
1.12928 -7.43091 0.660268 716 0.119632 -0.0385401 
-0.939569 -8.62536 -0.32294 718 -0.408662 -0.265881 
-1.908 -9.18449 1.52916 719 -0.545953 0.129583 
-0.734402 -8.50691 1.2467 730 -0.345013 0.0877848 
1.28778 -7.33941 1.94479 733 0.176034 0.310321 
-0.562661 -8.40776 1.95132 740 -0.302273 0.242143 
-0.329699 -8.27326 1.956 745 -0.250932 0.253104 
-1.49578 -8.94649 0.981389 746 -0.491787 0.0218155 
-0.0589625 -8.11695 -0.531896 750 -0.218409 -0.351837 
