-2.93389 0.906698 7 9 602.134 410.24 
-4.80195 0.41523 7 21 389.476 343.956 
-3.28746 -0.347612 7 22 527.984 253.555 
-5.92999 -1.73451 7 23 288.97 168.718 
-5.37012 0.037908 7 24 342.818 310.04 
-5.21106 1.44812 7 29 371.386 439.222 
-5.40598 0.152698 7 30 341.742 320.294 
-2.84657 -0.836733 7 31 576.415 184.368 
-5.875 -0.508694 7 36 304.798 266.654 
-4.02466 -0.174699 7 39 449.743 281.46 
-3.22548 0.288125 7 40 548.363 329.75 
-5.59816 -0.619665 7 42 320.412 254.798 
-3.26615 1.27581 7 43 563.064 452.344 
-6.33365 0.109205 7 44 285.249 318.817 
-2.70348 -0.732172 7 47 599.617 193.706 
-6.25916 0.145289 7 48 289.665 321.52 
-7 -0.64261 4.44771 54 36.4051 285.995 
-7 0.78654 5.75191 68 174.728 397.075 
-7 -0.100249 4.19611 69 10.608 348.205 
-7 -0.527577 4.46053 71 38.9542 297.756 
-7 -0.14175 5.47309 72 143.317 320.411 
-7 1.61955 6.53315 73 237.485 445.785 
-7 0.883221 6.2108 82 209.356 394.189 
-7 1.46933 5.82185 93 186.615 455.279 
-7 -0.576654 5.65743 96 154.592 280.125 
