5.64257 -0.481715 -7 109 -0.0594289 -0.146637 
2.26927 0.767181 -7 111 0.671552 0.224341 
2.74139 -0.240151 -7 113 0.538816 -0.0827074 
6.30632 -1.54879 -7 115 -0.142919 -0.336712 
4.50714 -1.04124 -7 119 0.123296 -0.272133 
2.98659 0.138239 -7 123 0.457777 0.0168288 
4.46367 -0.542201 -7 125 0.127813 -0.16158 
6.6867 0.183154 -7 127 -0.185587 -0.0352401 
6.46481 -1.88245 -7 128 -0.161564 -0.393455 
3.77354 -0.887468 -7 133 0.272835 -0.24921 
6.08103 -0.977971 -7 134 -0.115776 -0.236128 
3.34213 1.4046 -7 137 0.34432 0.314695 
4.29646 -0.0380129 -7 139 0.155411 -0.0498323 
6.59087 -1.1778 -7 141 -0.175751 -0.265352 
4.8725 1.3091 -7 142 0.0474398 0.209757 
6.26277 1.2623 -7 143 -0.138757 0.150519 
6.4687 -1.97232 -7 149 -0.162022 -0.409704 
7 -1.59791 -6.35011 157 -0.314093 -0.350999 
7 1.75895 -5.06184 159 -0.529779 0.294802 
7 0.863395 -4.44339 163 -0.684963 0.142283 
7 -0.863938 -6.09367 166 -0.352989 -0.221487 
7 1.33843 -4.95324 172 -0.556846 0.218459 
7 0.759759 -5.08223 173 -0.534097 0.0974744 
7 -0.563655 -4.89557 181 -0.589084 -0.179174 
7 0.831841 -5.58946 182 -0.432784 0.0964415 
7 1.69172 -5.79597 183 -0.391671 0.2433 
7 0.781169 -6.98961 200 -0.218558 0.055612 
