1.69792 -0.977731 -7 104 -0.5321 -0.13136 
2.26927 0.767181 -7 111 -0.620203 0.46989 
-0.689565 -1.47331 -7 112 0.203875 -0.441007 
-0.235026 1.16667 -7 114 0.225956 0.455948 
-0.0787955 1.33173 -7 116 0.18438 0.521563 
0.474792 -0.485198 -7 124 -0.112881 -0.0493432 
-1.05355 -1.5594 -7 126 0.317022 -0.492255 
-1.59533 0.795126 -7 132 0.661191 0.246558 
1.03314 -1.58354 -7 136 -0.355345 -0.36465 
0.97797 0.750031 -7 138 -0.202731 0.387999 
1.45576 0.553777 -7 145 -0.369802 0.351149 
-0.615215 -0.161545 -7 146 0.264833 -0.0119467 
0.206379 -1.0164 -7 147 -0.0581196 -0.237439 
