1.69792 -0.977731 -7 104 0.668061 -0.503661 
5.64257 -0.481715 -7 109 -0.28457 -0.355278 
2.26927 0.767181 -7 111 0.353143 0.0333196 
2.74139 -0.240151 -7 113 0.273975 -0.270335 
4.50714 -1.04124 -7 119 -0.0889572 -0.48269 
2.98659 0.138239 -7 123 0.191134 -0.171626 
4.46367 -0.542201 -7 125 -0.0964749 -0.364382 
6.6867 0.183154 -7 127 -0.426654 -0.237108 
3.77354 -0.887468 -7 133 0.0516093 -0.450827 
6.08103 -0.977971 -7 134 -0.333349 -0.455924 
3.34213 1.4046 -7 137 0.0560792 0.128525 
4.29646 -0.0380129 -7 139 -0.0817563 -0.245347 
6.59087 -1.1778 -7 141 -0.39315 -0.491587 
4.8725 1.3091 -7 142 -0.214212 0.0267018 
6.26277 1.2623 -7 143 -0.396242 -0.0345339 
1.9715 1.13953 -7 144 0.421365 0.160017 
1.45576 0.553777 -7 145 0.640565 0.02246 
7 -0.863938 -6.09367 166 -0.612926 -0.489992 
7 0.781169 -6.98961 200 -0.470681 -0.138188 
