-3.11304 -8.60806 -1.9166 254 -0.289021 -0.373816 
-3.48222 -7.96863 1.84681 255 -0.58131 0.391188 
-2.75039 -9.23619 0.329719 263 -0.248774 0.0768797 
-3.07463 -8.67459 -1.54793 266 -0.284639 -0.295086 
-2.57499 -9.53998 1.60069 268 -0.240454 0.286624 
-2.72709 -9.27655 -1.48729 269 -0.183216 -0.239761 
-3.88769 -7.26632 -1.50954 277 -0.652859 -0.422678 
-3.32874 -8.23445 -1.42324 285 -0.384155 -0.301555 
-3.49888 -7.93976 0.772929 286 -0.544862 0.159411 
-3.44968 -8.02497 0.167007 293 -0.498574 0.0270137 
-3.04378 -8.72802 1.54345 294 -0.391173 0.301696 
-3.22332 -8.41705 1.89644 304 -0.468304 0.378106 
-3.93868 -7.178 -1.57121 306 -0.676632 -0.453874 
-3.32508 -8.2408 -1.51403 315 -0.376086 -0.322794 
-3.63057 -7.71167 -1.43695 316 -0.517916 -0.354383 
-3.09129 -8.64573 1.79249 320 -0.420152 0.348228 
-3.06428 -8.69251 -0.666718 324 -0.31134 -0.121844 
-3.49997 -7.93787 0.446165 333 -0.533769 0.0834463 
-3.35488 -8.18918 1.50964 334 -0.507252 0.303287 
-3.77569 -7.46032 0.825581 340 -0.689614 0.170602 
-3.62005 -7.72989 0.845456 350 -0.605238 0.177292 
-2.64072 -9.42615 1.95256 355 -0.272711 0.354288 
-3.10287 -8.62567 -0.357131 361 -0.339333 -0.0674489 
-3.32955 -8.23305 -1.41411 368 -0.38593 -0.302485 
-2.62582 -9.45194 -1.96759 374 -0.140251 -0.312742 
-3.72571 -7.54688 0.335972 382 -0.644086 0.0507396 
-3.02092 -8.76762 -1.67324 386 -0.263427 -0.308275 
-3.14704 -8.54917 1.54174 390 -0.42896 0.30333 
-2.75281 -9.23199 0.225616 395 -0.249308 0.0582986 
-3.18967 -8.47533 1.85927 400 -0.456048 0.369443 
-3.33676 -8.22056 -0.399899 404 -0.426267 -0.0890405 
-3.20418 -8.4502 0.757211 405 -0.416188 0.150975 
-3.32846 -8.23494 1.89335 407 -0.513772 0.388855 
-3.05904 -8.70159 0.925619 412 -0.368554 0.182778 
-2.74941 -9.23788 0.292754 416 -0.249879 0.0668472 
-3.28794 -8.30512 -0.582867 425 -0.396839 -0.123989 
-2.88356 -9.00553 1.61269 428 -0.336051 0.307255 
-3.57786 -7.80296 1.13653 429 -0.600352 0.235287 
-3.71801 -7.56021 -1.73791 433 -0.547317 -0.445102 
-2.84073 -9.07972 -1.27039 435 -0.220531 -0.211845 
-2.97704 -8.84361 -0.559065 449 -0.29298 -0.0921748 
-3.13049 -8.57784 0.930095 453 -0.396606 0.184247 
-2.83311 -9.09292 -0.904736 454 -0.23284 -0.146543 
-3.07985 -8.66554 0.939564 456 -0.377081 0.183289 
-2.82678 -9.10387 0.818773 460 -0.290985 0.159188 
-2.94605 -8.89729 1.87197 478 -0.363149 0.352874 
-3.62908 -7.71426 0.283949 480 -0.586664 0.0470545 
-3.75747 -7.49188 -0.114405 484 -0.640664 -0.0536545 
-2.61113 -9.47739 -1.5069 492 -0.144941 -0.232443 
-3.63585 -7.70252 0.600044 494 -0.608928 0.116377 
-3.6271 -7.71768 0.36592 497 -0.589077 0.0610742 
-3.46213 -8.00341 0.473249 499 -0.515487 0.0900253 
-0.751588 -8.51683 0.0534651 508 0.0990225 0.118236 
0.697982 -7.67992 -1.90184 511 0.607166 -0.319655 
-0.577812 -8.4165 -1.88021 514 0.222365 -0.303881 
1.01972 -7.49417 -0.323822 518 0.634793 0.155433 
0.57886 -7.7487 0.424617 532 0.424621 0.318145 
-1.33469 -8.85349 -0.250941 535 0.00257337 0.02661 
-0.805849 -8.54816 -1.1322 539 0.13604 -0.136475 
-1.55768 -8.98223 1.00965 540 -0.0822599 0.25803 
-0.942173 -8.62687 -1.81306 542 0.139148 -0.28731 
-2.54087 -9.54988 -1.96382 546 -0.122639 -0.305875 
-0.435565 -8.33438 0.0499532 548 0.165972 0.134759 
0.488173 -7.80106 0.703509 550 0.380399 0.387914 
-2.17518 -9.33875 -0.02102 551 -0.136396 0.0346222 
-1.37853 -8.8788 -0.140968 554 -0.010596 0.0439158 
-0.337383 -8.27769 -1.23289 555 0.2499 -0.151749 
0.766945 -7.64011 0.115194 558 0.50957 0.260101 
-1.35618 -8.8659 -1.86663 561 0.0604919 -0.293819 
-0.751362 -8.5167 -0.54808 562 0.129195 -0.00937413 
0.285019 -7.91835 -1.67271 565 0.449476 -0.25642 
-2.39776 -9.46725 -1.50147 566 -0.117654 -0.230752 
-0.453946 -8.34499 1.0501 568 0.11518 0.362894 
-0.48463 -8.36271 0.158388 572 0.152259 0.155028 
-1.19047 -8.77022 1.45663 578 -0.0416502 0.374288 
-0.0029851 -8.08463 -0.961949 580 0.326321 -0.0775468 
-0.413276 -8.32151 0.783569 583 0.139452 0.306145 
-1.13416 -8.73771 1.81808 584 -0.0458354 0.448688 
-2.13398 -9.31496 -0.61668 585 -0.109833 -0.0701485 
-1.80668 -9.12599 1.44164 586 -0.138069 0.319689 
0.848258 -7.59316 -0.946016 591 0.604435 -0.045272 
-0.665112 -8.46691 -0.0591155 593 0.127864 0.0992277 
0.587659 -7.74362 -1.86164 595 0.563128 -0.309747 
-1.05884 -8.69422 -0.500411 598 0.0582143 -0.0154969 
-1.85453 -9.15362 1.00414 599 -0.12698 0.232881 
-0.29479 -8.2531 -0.936867 601 0.248015 -0.0802336 
-1.02236 -8.67316 1.83715 602 -0.0273753 0.462896 
-0.918376 -8.61313 -1.76208 603 0.141173 -0.273708 
-0.41102 -8.32021 0.556759 610 0.151781 0.247581 
-2.0658 -9.2756 0.128408 612 -0.125877 0.0672435 
-2.28434 -9.40177 0.767727 616 -0.174495 0.164441 
-1.43619 -8.91209 -1.99412 619 0.0533967 -0.322158 
0.337754 -7.8879 -1.59112 620 0.463744 -0.231667 
-0.478158 -8.35897 -0.638973 621 0.19451 -0.0195041 
-1.39269 -8.88697 -0.919729 622 0.0166333 -0.111298 
-1.85496 -9.15386 1.85126 623 -0.157065 0.383871 
-2.10532 -9.29841 0.971801 625 -0.164954 0.209054 
-0.802806 -8.5464 1.53266 628 0.0245231 0.427251 
-0.197251 -8.19679 0.70261 629 0.193691 0.306759 
0.695133 -7.68157 0.336635 637 0.468217 0.311481 
-1.41788 -8.90152 -1.16565 639 0.021935 -0.157851 
-0.795119 -8.54197 -0.566815 642 0.115296 -0.0198981 
-1.37552 -8.87706 0.232198 643 -0.0250546 0.116868 
-1.56414 -8.98596 -0.787846 645 -0.016465 -0.0878681 
-0.814491 -8.55315 0.400562 646 0.0698896 0.188119 
-0.0537926 -8.11396 -0.334741 647 0.280888 0.069521 
0.279953 -7.92127 1.12217 656 0.295205 0.468802 
-0.574829 -8.41478 0.349602 657 0.125082 0.191396 
0.172776 -7.98315 1.03516 658 0.270948 0.432205 
-1.00763 -8.66466 -0.50403 660 0.0728544 -0.013475 
1.12851 -7.43136 0.338853 661 0.639763 0.371389 
-0.613939 -8.43736 -0.547652 664 0.156982 -0.00538865 
-0.867771 -8.58391 0.768917 668 0.0476179 0.25934 
-0.769826 -8.52736 1.76192 670 0.0231604 0.475965 
-0.250485 -8.22752 -1.46169 672 0.282818 -0.201015 
-1.48552 -8.94057 0.517606 676 -0.0570623 0.170258 
-1.10245 -8.71941 -0.567007 677 0.0574279 -0.0314826 
0.0842166 -8.03428 0.452304 685 0.275732 0.277455 
0.676712 -7.6922 0.794688 695 0.439829 0.436339 
0.242541 -7.94287 -1.30659 700 0.415206 -0.157157 
0.735422 -7.65831 -0.141939 702 0.510274 0.185508 
-0.0286901 -8.09947 1.01989 704 0.222378 0.400679 
-2.31293 -9.41827 1.81431 707 -0.215709 0.342871 
1.12928 -7.43091 0.660268 716 0.617082 0.46598 
0.300349 -7.9095 -1.99348 717 0.472451 -0.34374 
-0.939569 -8.62536 -0.32294 718 0.0753096 0.029094 
-1.908 -9.18449 1.52916 719 -0.154885 0.324362 
-0.734402 -8.50691 1.2467 730 0.0502464 0.377091 
-1.49578 -8.94649 0.981389 746 -0.0766766 0.25752 
-0.0589625 -8.11695 -0.531896 750 0.284679 0.0278393 
