-2.93389 0.906698 7 9 615.999 409.876 
-4.80195 0.41523 7 21 401.069 340.107 
-3.28746 -0.347612 7 22 543.054 251.919 
-5.92999 -1.73451 7 23 301.34 163.723 
-5.37012 0.037908 7 24 354.36 305.618 
-5.21106 1.44812 7 29 381.758 434.15 
-5.40598 0.152698 7 30 353.172 315.8 
-2.84657 -0.836733 7 31 593.891 182.843 
-5.875 -0.508694 7 36 316.46 261.841 
-4.02466 -0.174699 7 39 462.912 278.749 
-3.22548 0.288125 7 40 562.574 328.593 
-5.59816 -0.619665 7 42 332.305 250.239 
-3.26615 1.27581 7 43 575.412 450.962 
-6.33365 0.109205 7 44 296.354 313.429 
-2.70348 -0.732172 7 47 617.567 192.564 
-6.25916 0.145289 7 48 300.767 316.183 
-7 -0.503339 4.01391 52 0.628929 299.442 
-7 -0.64261 4.44771 54 52.3724 279.071 
-7 0.78654 5.75191 68 186.996 389.651 
-7 -0.100249 4.19611 69 27.5587 340.183 
-7 -0.527577 4.46053 71 54.8728 290.696 
-7 -0.14175 5.47309 72 156.463 313.741 
-7 1.61955 6.53315 73 248.17 438.235 
-7 0.883221 6.2108 82 220.843 387.13 
-7 1.46933 5.82185 93 198.451 446.993 
-7 -0.576654 5.65743 96 167.539 273.909 
