1.50492 8.95177 -1.01173 5 370.196 218.988 
-0.0798114 8.03682 -1.36918 7 541.934 161.499 
2.56137 9.56171 -1.26435 9 296.193 205.394 
-0.178643 7.97976 0.508014 11 558.738 390.349 
0.882168 8.59222 -0.707979 12 425.182 243.684 
0.899845 8.60243 -1.45278 14 424.119 170.827 
0.308716 8.26114 -0.602419 18 490.014 252.124 
1.53151 8.96712 0.925447 27 363.935 395.857 
1.89409 9.17646 -0.898766 30 341.113 229.833 
1.20489 8.77855 1.35968 34 391.14 446.419 
0.643979 8.45471 0.172026 37 449.759 336.21 
1.0009 8.66077 1.01151 39 411.492 417.436 
1.35417 8.86473 -1.19204 41 382.964 200.103 
2.2299 9.37034 -1.63427 48 317.532 174.36 
-0.421209 7.83972 -1.17149 54 593.586 179.659 
-0.449959 7.82312 -0.349133 56 598.822 284.358 
1.11916 8.72905 0.11871 59 400.556 323.749 
2.502 9.52743 1.21213 60 291.797 400.473 
0.976565 8.64672 0.659001 63 413.709 383.507 
2.48091 9.51526 -1.52748 64 302.841 185.346 
1.84359 9.1473 -0.734752 70 342.083 244.061 
2.0992 9.29488 1.12901 72 318.296 402.14 
2.43447 9.48845 -1.27169 74 305.408 204.473 
0.772201 8.52873 0.816256 76 433.067 401.962 
2.20527 9.35612 0.861552 89 313.526 377.459 
0.17216 8.1823 0.981234 106 505.985 439.865 
-0.30588 7.9063 0.0837691 108 578.279 340.093 
1.53832 8.97105 -0.336704 110 366.326 277.854 
-0.383025 7.86176 0.22409 112 590.271 360.436 
1.39446 8.888 1.03195 114 375.114 408.566 
1.68572 9.05615 0.970133 121 350.002 397.314 
0.0926466 8.13639 -1.10015 128 517.918 192.819 
1.04442 8.6859 0.452906 133 407.647 357.187 
2.0713 9.27877 -0.869126 143 325.786 231.748 
2.40916 9.47383 1.43867 146 295.851 421.852 
-0.582336 7.74669 0.181318 147 626.173 357.239 
-0.447254 7.82468 0.726916 148 602.143 430.568 
-0.106953 8.02115 -0.188349 150 546.802 303.062 
2.34296 9.43561 0.313575 151 304.593 330.232 
1.8128 9.12952 -1.61907 155 346.983 170.414 
1.66029 9.04147 -0.791988 162 356.986 238.655 
1.18573 8.76749 -1.30616 163 396.883 189.084 
0.827608 8.56072 -0.196826 177 430.754 295.4 
0.817645 8.55497 1.17423 181 429.058 438.454 
-0.0741699 8.04008 -1.61407 185 541.535 133.547 
-0.509556 7.78871 -1.73933 187 606.51 106.785 
1.11154 8.72465 -0.22035 188 402.144 291.402 
-0.560641 7.75922 -0.484044 192 619.966 268.028 
1.01143 8.66685 -1.03298 194 413.719 213.118 
1.63059 9.02433 -0.54542 202 358.882 260.092 
0.530427 8.38915 0.212413 206 460.914 339.979 
-0.0829147 8.03503 0.967789 213 543.627 448.238 
0.498224 8.37055 -0.257251 218 465.96 291.617 
0.842776 8.56948 1.16326 230 426.642 436.046 
2.3848 9.45977 -0.140995 231 303.87 293.226 
1.20088 8.77623 0.396294 235 393.552 350.047 
-0.177513 7.98042 -1.74127 236 554.361 116.162 
-0.477256 7.80736 0.692004 238 607.223 425.049 
2.1672 9.33414 0.137181 241 314.918 317.425 
2.5324 9.54499 -0.521146 243 295.033 261.863 
0.34969 8.2848 -0.208161 246 482.237 297.676 
2.29158 9.40595 0.467399 249 306.404 344.818 
3.95041 7.15768 -0.115486 754 53.88 290.78 
2.79672 9.15593 1.45335 762 257.002 427.463 
3.65369 7.67162 -0.409443 763 124.12 261.365 
3.63308 7.70731 -0.253667 767 127.916 277.439 
3.94821 7.16151 -0.305332 771 54.2481 269.577 
3.17581 8.49933 -0.450529 776 210.619 263.618 
2.96438 8.86554 -0.466828 778 244.439 264.036 
3.01964 8.76982 1.66075 782 224.772 453.976 
2.91765 8.94648 -1.66232 783 255.845 165.321 
4.09862 6.90098 -0.651429 789 18.5799 224.898 
3.94393 7.16891 1.20445 790 41.7826 451.268 
2.7584 9.22231 -0.310632 792 268.77 280.841 
4.05686 6.97332 -1.81735 802 44.4997 92.3602 
3.73411 7.53233 -1.49404 804 114.569 146.814 
3.68413 7.6189 -0.207288 807 116.387 282.092 
2.74211 9.25053 -1.73828 813 276.988 164.541 
3.75485 7.49641 -1.09591 823 111.045 188.183 
3.57856 7.80176 -0.875216 840 145.095 217.389 
2.75988 9.21974 0.955628 841 265.816 383.392 
3.12713 8.58365 0.949699 846 214.694 393.231 
3.4808 7.97107 -1.62753 851 167.037 145.773 
3.61746 7.73437 -1.94874 852 143.429 108.701 
3.11682 8.6015 1.29664 853 212.242 423.512 
3.59494 7.77338 0.739111 854 127.032 385.159 
3.21408 8.43306 1.15774 858 197.929 415.275 
3.63106 7.71081 -1.67758 859 136.55 133.322 
3.27878 8.32099 -1.03834 860 198.491 208.292 
4.06751 6.95487 -1.6458 865 38.7676 110.839 
2.83011 9.0981 -0.827008 869 261.222 234.053 
3.62176 7.72692 0.659348 870 122.391 374.907 
2.74336 9.24836 0.533191 877 269.85 348.641 
3.47475 7.98155 1.30736 888 149.988 439.43 
3.96207 7.13749 -0.131759 891 51.3073 290.938 
3.79506 7.42677 -1.15471 899 99.0652 181.048 
3.15471 8.53588 -0.806247 915 217.779 231.917 
3.62319 7.72445 -0.430218 916 132.827 260.899 
3.37491 8.15449 -1.18787 917 183.801 190.097 
3.88292 7.27458 0.732852 918 61.0077 391.568 
3.89561 7.2526 -0.984565 922 75.194 193.942 
3.15548 8.53455 -1.95746 923 223.391 132.57 
2.665 9.38408 0.586617 924 278.636 350.461 
3.45706 8.01219 0.602811 925 157.641 366.095 
3.20202 8.45395 0.188458 931 200.902 322.664 
2.78152 9.18227 -1.96749 936 271.753 146.131 
3.59191 7.77864 1.36064 942 124.957 453.495 
3.89811 7.24827 1.30532 954 51.9601 463.084 
3.02515 8.76029 0.646829 955 229.209 363.045 
2.99518 8.81219 -1.02389 956 241.318 216.666 
2.88729 8.99907 -0.922446 958 257.106 227.475 
2.80084 9.14881 -0.0563065 974 264.316 297.147 
4.12313 6.85854 -0.122495 977 5.44396 291.767 
2.74799 9.24035 0.800252 981 266.055 370.602 
