-7 0.46862 -2.98529 58 0.420498 -0.031959 
-7 -1.03485 -3.75523 61 0.220861 -0.362693 
-7 -0.184126 -2.39523 62 0.578033 -0.203791 
-7 0.0943094 -5.21035 64 -0.0223449 -0.0909997 
-7 1.11392 -6.02536 65 -0.115775 0.0856093 
-7 0.886694 -5.35798 67 -0.0284355 0.0512573 
-7 1.34911 -4.82912 74 0.0620017 0.137018 
-7 0.694743 -5.33965 78 -0.0295851 0.0177423 
-7 1.12101 -6.65735 79 -0.192918 0.0825868 
-7 0.821262 -3.48263 80 0.307633 0.046572 
-7 -1.84392 -6.0007 85 -0.179529 -0.432428 
-7 -0.295975 -5.19552 90 -0.0281697 -0.164063 
-7 1.40697 -4.3308 91 0.147938 0.154578 
-7 0.592834 -6.66606 94 -0.205535 0.000915376 
-7 -1.20087 -3.87679 97 0.192083 -0.395733 
-7 1.52805 -2.92335 98 0.445694 0.206331 
-7 -0.609874 -5.90804 100 -0.137902 -0.207958 
-5.46333 -1.29075 -7 102 -0.529743 -0.317033 
-4.55559 -0.250499 -7 105 -0.688268 -0.0829083 
-5.09885 0.316864 -7 107 -0.539554 0.0200655 
-6.22725 1.4028 -7 110 -0.318756 0.159784 
-5.05591 -0.451909 -7 117 -0.579998 -0.138623 
-6.20015 -0.954561 -7 122 -0.389469 -0.245036 
-6.2831 -0.370457 -7 140 -0.359835 -0.140504 
-5.05277 -1.83336 -7 148 -0.642001 -0.448913 
-6.46998 0.52855 -7 150 -0.309493 0.00748179 
