7 -1.49784 0.349314 151 -0.422608 -0.460925 
7 -0.0623122 -3.31422 152 0.46378 -0.0540346 
7 0.36994 -1.65205 155 0.0929431 0.0427544 
7 0.947338 -0.351981 158 -0.219827 0.180395 
7 0.343459 -2.54532 160 0.292421 0.0362557 
7 -0.647617 -0.188366 161 -0.266239 -0.215411 
7 1.08732 -1.94397 162 0.150248 0.202175 
7 0.863395 -4.44339 163 0.661264 0.142909 
7 -0.724268 -3.10497 165 0.435388 -0.208613 
7 0.725336 0.960833 171 -0.564808 0.133941 
7 1.97211 0.0439567 176 -0.313555 0.413583 
7 1.44234 0.716532 178 -0.488602 0.303514 
7 -0.518283 -3.0968 179 0.428775 -0.159903 
7 0.741437 -4.00824 180 0.582056 0.119412 
7 -0.443496 -0.586995 184 -0.161278 -0.158717 
7 -1.20096 -0.713027 185 -0.127401 -0.35794 
7 -0.746732 -0.782938 186 -0.110384 -0.235674 
7 0.0865561 -4.29161 189 0.655514 -0.0192209 
7 -1.56385 -0.742436 193 -0.118743 -0.457967 
7 -1.07027 0.309808 197 -0.40665 -0.337214 
7 1.83558 -1.14915 198 -0.0333226 0.368974 
