7.15996 -3.9491 0.231069 501 0.0310627 0.0236732 
7.75999 -3.60267 0.808332 502 0.13431 0.115711 
9.29836 -2.71449 1.94602 503 0.34267 0.242649 
9.54954 -2.56948 1.62614 504 0.370066 0.195717 
9.1254 -2.81435 -0.972402 505 0.333743 -0.206303 
8.36902 -3.25105 -1.59632 512 0.231868 -0.330394 
5.15051 -5.10926 0.655281 515 -0.472375 0.186288 
7.62157 -3.68259 0.309022 516 0.11108 0.0245609 
5.54127 -4.88365 0.584966 517 -0.353466 0.151918 
7.24861 -3.89792 -1.1423 520 0.0424859 -0.25663 
9.51565 -2.58904 1.12107 521 0.370073 0.119358 
6.5432 -4.30518 -1.86519 522 -0.109316 -0.435314 
4.96491 -5.21641 -0.162781 524 -0.548602 -0.022632 
5.3746 -4.97988 1.7937 525 -0.381986 0.444113 
8.29682 -3.29273 -0.961132 526 0.219268 -0.210201 
7.67594 -3.6512 1.18816 529 0.126809 0.185966 
9.28962 -2.71954 -1.63781 531 0.356317 -0.314154 
5.78814 -4.74112 0.731293 533 -0.279067 0.173342 
7.01301 -4.03394 -0.97463 534 -0.00558522 -0.226258 
6.50511 -4.32718 -1.71048 538 -0.117216 -0.404591 
7.77252 -3.59544 -0.54676 544 0.136571 -0.133783 
8.80092 -3.00169 1.19755 545 0.285288 0.146839 
5.8167 -4.72463 -0.692834 547 -0.287194 -0.17115 
5.94865 -4.64845 -0.108768 552 -0.243899 -0.0268945 
5.11501 -5.12975 -1.32998 563 -0.522473 -0.35751 
5.60572 -4.84644 -1.12497 564 -0.358633 -0.283099 
8.06725 -3.42528 1.6113 573 0.182838 0.242066 
4.78434 -5.32066 -1.81187 575 -0.66611 -0.517064 
7.62174 -3.68249 1.0201 577 0.112662 0.155549 
5.79079 -4.73959 0.326224 579 -0.282028 0.0787984 
6.08574 -4.5693 -0.422393 587 -0.212677 -0.105962 
5.95338 -4.64572 1.4698 588 -0.227138 0.326712 
6.59806 -4.27351 1.37278 589 -0.0824541 0.270886 
8.43181 -3.2148 -0.531218 590 0.240151 -0.134892 
7.71485 -3.62873 -1.31027 594 0.131001 -0.285929 
5.81744 -4.72421 1.86454 597 -0.2558 0.423052 
8.52047 -3.16361 0.124086 605 0.249434 -0.0194723 
4.89471 -5.25694 -0.199595 606 -0.575961 -0.0290775 
8.58348 -3.12723 -1.98018 608 0.265407 -0.393803 
8.21821 -3.33812 0.87683 609 0.20373 0.113319 
8.95105 -2.91501 -0.0284258 613 0.306849 -0.0505493 
8.58134 -3.12847 1.5153 614 0.251488 0.203574 
5.91431 -4.66828 0.963849 617 -0.244645 0.217465 
7.88394 -3.53111 -1.51631 618 0.157297 -0.321888 
8.24406 -3.3232 1.57934 624 0.208675 0.229397 
5.34694 -4.99584 -0.371774 630 -0.423085 -0.0886003 
8.74387 -3.03463 -1.74637 631 0.28506 -0.344853 
8.37201 -3.24932 -1.42691 633 0.232515 -0.296097 
7.92744 -3.50599 0.853241 634 0.159444 0.119048 
7.04767 -4.01393 1.30024 635 0.0092112 0.232163 
5.60109 -4.84911 1.5746 636 -0.321681 0.376156 
6.13888 -4.53862 1.31542 644 -0.182068 0.283176 
6.14497 -4.53511 -1.1835 648 -0.203677 -0.284992 
7.74644 -3.6105 0.0375105 649 0.134176 -0.0245222 
7.0982 -3.98476 0.68195 653 0.0139326 0.112042 
7.02559 -4.02668 0.448994 659 0.00319884 0.0662002 
4.82206 -5.29889 0.859675 662 -0.579712 0.260428 
4.88586 -5.26205 0.975449 663 -0.553326 0.285188 
8.5643 -3.13831 0.571234 665 0.255325 0.0531568 
8.78782 -3.00925 1.27741 666 0.280634 0.164226 
6.55913 -4.29599 -1.18896 667 -0.102268 -0.273894 
8.98332 -2.89638 -0.0875092 671 0.318717 -0.0591255 
4.78329 -5.32127 0.804293 674 -0.597514 0.244413 
6.39838 -4.3888 1.60708 675 -0.121964 0.328687 
5.20039 -5.08046 -0.0857982 678 -0.468379 -0.0036127 
9.50215 -2.59683 -1.80067 679 0.382872 -0.338654 
8.96859 -2.90489 1.45636 680 0.300162 0.186758 
9.51544 -2.58916 0.00507541 681 0.372584 -0.0529435 
4.99407 -5.19958 0.559179 682 -0.525538 0.172484 
8.52145 -3.16304 1.28747 684 0.246464 0.172535 
5.70419 -4.78959 -0.684915 686 -0.317531 -0.169296 
6.4204 -4.37608 -1.66156 687 -0.140491 -0.393585 
7.92479 -3.50752 1.32245 688 0.159078 0.200844 
8.15199 -3.37635 -0.280505 689 0.194309 -0.0889554 
8.26763 -3.30959 0.733282 692 0.209315 0.0887345 
5.39876 -4.96593 1.88504 697 -0.374844 0.459411 
4.82073 -5.29965 -1.08631 698 -0.632587 -0.29059 
8.01947 -3.45286 0.702216 699 0.176044 0.0863383 
5.29956 -5.0232 -0.579862 701 -0.441454 -0.138601 
7.30395 -3.86597 1.05537 703 0.0569501 0.175812 
6.39348 -4.39163 0.914159 705 -0.127583 0.185294 
7.22497 -3.91156 0.961317 706 0.0409663 0.163106 
5.49777 -4.90876 0.072566 709 -0.369142 0.0246312 
7.66579 -3.65706 -1.9146 710 0.119408 -0.407704 
6.01108 -4.6124 1.08959 711 -0.214642 0.241836 
8.16644 -3.36801 1.19775 712 0.193789 0.169157 
8.51548 -3.16649 1.61138 714 0.246799 0.224163 
6.54292 -4.30535 -1.87458 720 -0.108788 -0.439401 
5.45807 -4.93168 0.702726 724 -0.372166 0.18044 
6.58729 -4.27973 1.46929 725 -0.0837173 0.290564 
9.11375 -2.82108 -0.331225 726 0.323378 -0.104246 
5.30402 -5.02063 -1.37929 729 -0.452489 -0.35834 
7.50171 -3.75179 -1.28329 731 0.0894788 -0.282095 
7.13639 -3.96271 -0.718485 732 0.0245521 -0.167072 
5.1391 -5.11584 0.224599 734 -0.48385 0.0740214 
6.09889 -4.56171 1.10908 735 -0.199079 0.240495 
9.21579 -2.76217 -1.66979 736 0.349335 -0.323584 
9.10626 -2.8254 1.29642 737 0.317887 0.154378 
7.25901 -3.89191 -1.70188 738 0.0452232 -0.375987 
6.72719 -4.19896 0.433244 741 -0.0589864 0.0768017 
8.61615 -3.10837 -1.12108 742 0.267381 -0.234334 
5.33057 -5.0053 -0.178382 743 -0.426457 -0.0343698 
8.54451 -3.14973 -0.0560757 747 0.254015 -0.0483821 
7.49302 -3.75681 0.49302 748 0.0904061 0.0652724 
9.02166 -1.62597 0.310692 751 0.546151 0.0109426 
8.84921 -1.32728 1.80752 757 0.590673 0.289015 
9.23701 -1.99898 0.725578 758 0.469468 0.0753332 
9.27207 -2.0597 -0.388348 784 0.469034 -0.110772 
8.79364 -1.23104 1.71911 805 0.613836 0.282301 
8.79838 -1.23924 -0.076131 817 0.636602 -0.053069 
8.9917 -1.57408 -0.263508 820 0.559246 -0.0891343 
9.26539 -2.04812 -1.79237 829 0.482946 -0.361913 
9.00086 -1.58994 1.58986 834 0.53633 0.234518 
8.81824 -1.27364 -0.967993 842 0.638824 -0.225793 
9.4474 -2.36338 -1.09642 844 0.418437 -0.225059 
8.71228 -1.09011 -0.848161 845 0.681965 -0.199803 
8.83929 -1.31011 1.12568 849 0.605924 0.172073 
8.71634 -1.09715 -1.05762 862 0.688287 -0.24985 
8.79205 -1.22828 1.24024 880 0.621828 0.197136 
9.26617 -2.04948 1.18971 881 0.454228 0.145518 
8.75985 -1.1725 0.775444 893 0.642843 0.11287 
9.19568 -1.92739 0.768329 913 0.480892 0.0807481 
8.84897 -1.32687 1.20156 929 0.600081 0.18145 
8.99498 -1.57975 1.82216 934 0.541209 0.277452 
8.81557 -1.26902 -1.19832 944 0.63939 -0.26787 
8.73736 -1.13355 1.94259 946 0.630537 0.328663 
9.40671 -2.2929 1.01021 963 0.418482 0.109772 
9.36968 -2.22876 1.49865 979 0.428172 0.18637 
9.47971 -2.41934 0.180696 982 0.40258 -0.0193071 
9.45187 -2.37112 -1.5872 989 0.422156 -0.311165 
8.99905 -1.58682 1.73484 994 0.537679 0.259616 
8.82589 -1.28688 1.75285 1000 0.602271 0.281074 
