-7.4714 -1.05915 0.355818 260 -0.537552 -0.198041 
-6.64917 -2.4833 -0.440182 261 -0.14163 -0.38286 
-7.14741 -1.62032 1.76556 264 -0.392722 0.146716 
-5.66157 -4.19387 -0.652214 270 0.414752 -0.423968 
-6.94006 -1.97946 1.55981 271 -0.300055 0.114253 
-5.23237 -4.93727 0.70564 274 0.61268 -0.0142313 
-6.17442 -3.3056 1.44019 275 0.0731736 0.128821 
-6.35803 -2.98756 0.146678 278 0.00385927 -0.214193 
-6.14897 -3.34967 0.179673 281 0.111802 -0.195338 
-6.80803 -2.20814 1.05615 282 -0.23424 -0.0020452 
-5.29126 -4.83526 1.87037 284 0.525336 0.288559 
-6.95343 -1.95631 1.29159 291 -0.304528 0.0499171 
-6.93825 -1.9826 -0.53082 295 -0.283083 -0.417729 
-6.74023 -2.32557 -0.914689 296 -0.175151 -0.518909 
-7.01036 -1.8577 1.45833 300 -0.324126 0.0857892 
-7.19832 -1.53215 -0.65154 305 -0.410375 -0.452448 
-6.64642 -2.48807 1.41126 310 -0.16407 0.0966577 
-7.11395 -1.67828 -0.473701 317 -0.370666 -0.408672 
-7.51344 -0.986333 -0.814325 323 -0.559471 -0.503393 
-7.53876 -0.942491 0.491179 328 -0.567871 -0.169672 
-5.70343 -4.12137 0.704539 329 0.338074 -0.0362915 
-7.72464 -0.62053 -0.0248013 332 -0.647873 -0.303616 
-7.68847 -0.683171 1.35649 337 -0.628768 0.0336691 
-5.29142 -4.83499 -0.290764 343 0.622801 -0.305828 
-6.83154 -2.16742 0.486301 345 -0.236736 -0.139809 
-5.42884 -4.59697 1.28117 351 0.470217 0.12762 
-5.36533 -4.70697 -0.794508 356 0.606373 -0.459073 
-5.82827 -3.90515 1.73075 357 0.240455 0.213801 
-7.13206 -1.6469 0.386525 358 -0.377464 -0.179474 
-7.24008 -1.45982 0.239176 360 -0.434899 -0.22114 
-6.57086 -2.61894 0.112404 367 -0.103129 -0.233323 
-6.73207 -2.33972 -0.455992 369 -0.181119 -0.38864 
-6.90193 -2.0455 0.150108 371 -0.268776 -0.237206 
-5.20485 -4.98493 0.860305 376 0.615564 0.0313453 
-7.6338 -0.777869 -0.0587155 380 -0.609493 -0.310196 
-6.69448 -2.40482 0.483031 384 -0.17033 -0.141171 
-5.96156 -3.67428 1.39164 385 0.182949 0.124953 
-5.24676 -4.91235 0.215207 389 0.625539 -0.153955 
-6.74479 -2.31769 0.740399 393 -0.19947 -0.0761713 
-5.6307 -4.24734 -0.845678 398 0.446389 -0.479686 
-6.97577 -1.91761 -0.4901 401 -0.300977 -0.404701 
-7.81782 -0.459131 0.076778 403 -0.692686 -0.276327 
-7.52277 -0.970174 1.1088 406 -0.558737 -0.023017 
-6.46686 -2.79907 -0.256321 409 -0.042143 -0.326872 
-7.63883 -0.769162 -0.119058 410 -0.617334 -0.322988 
-6.97717 -1.91519 1.81959 414 -0.318596 0.168061 
-6.00176 -3.60464 0.426871 430 0.186917 -0.125492 
-6.84225 -2.14887 1.74644 436 -0.254653 0.160473 
-5.16969 -5.04583 -0.141549 437 0.692679 -0.2559 
-6.44049 -2.84475 -0.804824 441 -0.02181 -0.479932 
-6.48803 -2.7624 0.108587 442 -0.0667637 -0.225775 
-5.69392 -4.13784 -0.92901 443 0.404848 -0.507349 
-7.28007 -1.39054 -0.1606 450 -0.450577 -0.322736 
-6.50928 -2.7256 -0.0902829 452 -0.0700768 -0.284466 
-6.03331 -3.55 -0.591601 458 0.19636 -0.411074 
-7.48055 -1.0433 0.202815 459 -0.542346 -0.239623 
-6.65278 -2.47704 -0.576839 463 -0.139564 -0.418963 
-5.68074 -4.16068 0.111245 466 0.372171 -0.199085 
-7.42117 -1.14615 0.204588 467 -0.51323 -0.235707 
-5.94183 -3.70845 -0.699449 468 0.251427 -0.444517 
-6.23302 -3.2041 1.90527 471 0.0310956 0.228611 
-5.14801 -5.08339 0.214391 472 0.684953 -0.145008 
-5.88723 -3.80302 -0.421933 473 0.278427 -0.359592 
-7.72533 -0.619337 0.904189 476 -0.646847 -0.0779178 
-7.83655 -0.426699 0.919261 479 -0.692192 -0.0795112 
-6.7498 -2.309 -0.746357 485 -0.185262 -0.473981 
-5.72951 -4.0762 -0.498216 489 0.37054 -0.375445 
-5.30136 -4.81777 0.489233 495 0.582059 -0.0805489 
