1.69792 -0.977731 -7 104 0.327127 -0.405266 
5.64257 -0.481715 -7 109 -0.544338 -0.306702 
2.26927 0.767181 -7 111 0.0699267 0.0922272 
2.74139 -0.240151 -7 113 -0.00416965 -0.205236 
4.50714 -1.04124 -7 119 -0.342897 -0.423912 
2.98659 0.138239 -7 123 -0.0799402 -0.110814 
4.46367 -0.542201 -7 125 -0.353214 -0.308426 
3.77354 -0.887468 -7 133 -0.208672 -0.386066 
6.08103 -0.977971 -7 134 -0.590684 -0.410723 
3.34213 1.4046 -7 137 -0.211816 0.196656 
0.97797 0.750031 -7 138 0.474161 0.173572 
4.29646 -0.0380129 -7 139 -0.341595 -0.18904 
6.59087 -1.1778 -7 141 -0.651834 -0.450001 
4.8725 1.3091 -7 142 -0.486153 0.0942087 
6.26277 1.2623 -7 143 -0.680531 0.0298105 
1.9715 1.13953 -7 144 0.133354 0.217952 
1.45576 0.553777 -7 145 0.320798 0.0776716 
