9.29836 -2.71449 1.94602 503 112.938 435.944 
9.54954 -2.56948 1.62614 504 132.797 405.379 
9.1254 -2.81435 -0.972402 505 111.007 214.282 
8.36902 -3.25105 -1.59632 512 48.0322 151.448 
9.51565 -2.58904 1.12107 521 134.387 368.216 
8.29682 -3.29273 -0.961132 526 37.141 203.426 
9.28962 -2.71954 -1.63781 531 124.228 167.086 
8.80092 -3.00169 1.19755 545 76.1539 384.84 
8.43181 -3.2148 -0.531218 590 48.3547 241.199 
8.52047 -3.16361 0.124086 605 54.4702 296.119 
8.58348 -3.12723 -1.98018 608 70.1224 128.916 
8.21821 -3.33812 0.87683 609 18.9245 367.647 
8.95105 -2.91501 -0.0284258 613 93.0717 283.696 
8.58134 -3.12847 1.5153 614 53.6266 415.199 
8.24406 -3.3232 1.57934 624 16.7411 430.053 
8.74387 -3.03463 -1.74637 631 82.8405 149.639 
8.37201 -3.24932 -1.42691 633 47.7362 165.225 
8.5643 -3.13831 0.571234 665 57.2894 334.917 
8.78782 -3.00925 1.27741 666 72.7617 392.471 
8.98332 -2.89638 -0.0875092 671 95.9479 278.569 
9.50215 -2.59683 -1.80067 679 140.645 162.321 
8.96859 -2.90489 1.45636 680 92.0175 401.022 
9.51544 -2.58916 0.00507541 681 136.991 286.429 
8.52145 -3.16304 1.28747 684 50.9651 398.478 
8.15199 -3.37635 -0.280505 689 20.4328 260.863 
8.26763 -3.30959 0.733282 692 26.3603 351.004 
8.16644 -3.36801 1.19775 712 10.6355 395.338 
8.51548 -3.16649 1.61138 714 45.1135 424.731 
9.11375 -2.82108 -0.331225 726 107.562 261.288 
9.21579 -2.76217 -1.66979 736 118.665 163.881 
9.10626 -2.8254 1.29642 737 102.713 386.839 
8.61615 -3.10837 -1.12108 742 69.0539 195.842 
8.54451 -3.14973 -0.0560757 747 58.3439 280.436 
9.02166 -1.62597 0.310692 751 193.766 311.082 
8.84921 -1.32728 1.80752 757 210.733 435.063 
9.23701 -1.99898 0.725578 758 169.823 341.281 
8.51992 -0.756939 0.408137 759 256.82 322.662 
8.29274 -0.363451 -1.35134 761 288.908 169.502 
6.72499 2.35198 -0.698686 765 605.45 198.586 
6.84891 2.13734 -1.72634 766 565.364 86.1518 
7.18459 1.55593 0.710517 768 494.855 366.564 
7.75054 0.575679 1.75169 773 378.27 464.647 
8.11102 -0.0486967 -1.08378 774 314.502 188.174 
7.65875 0.734657 0.495993 779 394.48 335.65 
6.87834 2.08637 1.48366 780 578.389 470.256 
9.27207 -2.0597 -0.388348 784 170.808 257.595 
6.61901 2.53554 -1.90015 786 627.692 55.234 
7.07393 1.74759 -1.06522 794 513.054 166.857 
7.7677 0.545948 0.346374 797 374.613 320.213 
6.99287 1.88799 0.446143 798 541 337.71 
8.5833 -0.866718 0.816146 801 248.757 354.287 
8.13241 -0.0857393 -1.69052 803 312.657 140.251 
8.79364 -1.23104 1.71911 805 216.283 430.57 
7.79816 0.49319 1.85753 808 369.942 472.572 
6.6228 2.52897 -1.96054 809 626.24 47.8121 
7.13747 1.63753 -1.91994 811 496.244 77.3482 
7.48096 1.04259 -1.87628 812 422.821 100.786 
7.81192 0.469365 1.38832 814 366.628 424.362 
8.27608 -0.334586 -0.00492856 815 292.014 286.447 
7.72815 0.61446 -0.217688 816 379.333 262.947 
8.79838 -1.23924 -0.076131 817 221.63 279.843 
7.65524 0.740743 -1.67984 818 389.652 124.874 
8.9917 -1.57408 -0.263508 820 196.87 265.671 
8.44778 -0.631981 -1.44841 825 267.646 164.624 
7.71438 0.638309 -0.336083 827 380.76 253.159 
7.15574 1.60589 0.615543 828 499.844 357.414 
9.26539 -2.04812 -1.79237 829 172.918 158.488 
8.37839 -0.511796 0.804967 830 278.277 357.283 
7.85255 0.39899 0.707979 831 359.273 356.696 
7.0505 1.78818 -1.26688 833 517.1 146.146 
9.00086 -1.58994 1.58986 834 194.982 410.559 
6.68672 2.41826 0.33091 836 624.97 329.557 
8.05704 0.0447927 0.347131 837 322.452 318.984 
8.22434 -0.244979 -0.782358 838 297.353 217.056 
7.41493 1.15696 -1.61534 839 435.512 122.146 
8.81824 -1.27364 -0.967993 842 220.332 212.596 
9.4474 -2.36338 -1.09642 844 153.175 208.607 
8.71228 -1.09011 -0.848161 845 231.704 215.862 
8.83929 -1.31011 1.12568 849 215.187 376.473 
6.64876 2.484 -1.60616 850 621.057 91.0458 
8.421 -0.585604 -0.76008 856 270.423 221.194 
7.47605 1.05111 -1.34417 857 426.541 151.892 
8.71634 -1.09715 -1.05762 862 231.873 201.283 
7.07604 1.74394 0.502742 871 520.188 342.641 
6.81272 2.20003 1.31801 874 596.897 453.359 
8.05963 0.040311 0.283874 878 325.032 313.796 
8.79205 -1.22828 1.24024 880 219.742 388.197 
9.26617 -2.04948 1.18971 881 164.436 376.975 
6.67343 2.44128 -1.01357 882 617.833 161.13 
8.55161 -0.811824 0.960383 887 251.069 368.801 
8.75985 -1.1725 0.775444 893 227.13 347.846 
7.68639 0.686781 -1.10309 898 385.448 179.776 
7.3611 1.2502 0.0561545 900 453.385 291.302 
7.13224 1.6466 -0.977877 901 499.652 178.293 
8.49526 -0.714226 0.0445874 902 259.656 288.852 
6.93416 1.98968 -1.06451 904 545.434 163.984 
6.87866 2.08582 -0.0270921 907 569.655 283.081 
6.77251 2.26967 -0.747548 908 590.792 197.125 
9.19568 -1.92739 0.768329 913 173.639 342.683 
7.05959 1.77242 -1.7808 914 514.661 90.9756 
7.703 0.65802 -0.183774 927 383.469 268.873 
8.84897 -1.32687 1.20156 929 212.181 383.436 
8.21418 -0.227369 1.2496 933 301.027 402.328 
8.99498 -1.57975 1.82216 934 194.283 432.086 
6.67513 2.43834 -0.321965 935 625.107 245.966 
6.75528 2.29951 -0.729401 938 598.232 197.117 
8.51325 -0.745376 -0.600431 941 259.884 235.885 
8.81557 -1.26902 -1.19832 944 220.66 189.12 
8.73736 -1.13355 1.94259 946 227.388 449.685 
7.78699 0.51253 1.89064 949 372.19 477.672 
7.05329 1.78334 -1.18945 950 515.391 152.942 
8.23755 -0.267852 -0.0508432 959 295.814 280.161 
9.40671 -2.2929 1.01021 963 150.945 361.857 
6.68153 2.42724 -0.314303 968 623.296 247.934 
7.36792 1.23839 -0.614933 971 449.627 222.835 
8.33271 -0.432673 -0.868744 976 283.843 211.975 
7.61247 0.814808 -0.677047 978 399.78 219.443 
9.36968 -2.22876 1.49865 979 154.148 396.528 
9.47971 -2.41934 0.180696 982 148.063 299.002 
8.49831 -0.719498 -1.83038 985 260.854 137.564 
8.14802 -0.112783 1.12075 986 309.89 388.259 
8.42012 -0.584075 0.413676 987 269.746 322.479 
8.18073 -0.169436 -0.844467 988 304.62 210.205 
9.45187 -2.37112 -1.5872 989 153.794 174.509 
8.99905 -1.58682 1.73484 994 194.19 424.99 
8.82589 -1.28688 1.75285 1000 213.352 432.168 
