-7 0.0943094 -5.21035 64 0.452455 0.0771385 
-7 1.11392 -6.02536 65 0.307371 0.266357 
-7 0.886694 -5.35798 67 0.426625 0.23644 
-7 1.34911 -4.82912 74 0.543135 0.3524 
-7 0.694743 -5.33965 78 0.429433 0.197643 
-7 1.12101 -6.65735 79 0.212059 0.254239 
-7 -1.84392 -6.0007 85 0.308393 -0.254306 
-7 -0.295975 -5.19552 90 0.453558 -0.000685598 
-7 1.40697 -4.3308 91 0.671549 0.389411 
-7 0.592834 -6.66606 94 0.211449 0.163996 
-7 -0.609874 -5.90804 100 0.324451 -0.0470138 
-3.17768 1.79522 -7 101 -0.514048 0.497265 
-5.46333 -1.29075 -7 102 -0.00639169 -0.187454 
-4.55559 -0.250499 -7 105 -0.157157 -0.0200485 
-5.09885 0.316864 -7 107 -0.0716305 0.104621 
-6.22725 1.4028 -7 110 0.0786884 0.306235 
-5.05591 -0.451909 -7 117 -0.0718653 -0.0470344 
-3.07632 -1.96878 -7 120 -0.448344 -0.490815 
-3.56835 0.827876 -7 121 -0.383116 0.218429 
-6.20015 -0.954561 -7 122 0.084914 -0.103537 
-3.11373 -0.303232 -7 130 -0.477736 -0.0802199 
-3.58737 1.4874 -7 135 -0.392185 0.390958 
-6.2831 -0.370457 -7 140 0.0923451 -0.00421682 
-5.05277 -1.83336 -7 148 -0.0611516 -0.305042 
-6.46998 0.52855 -7 150 0.110662 0.150056 
