-1.69835 7.10236 -1.49702 1 6.77522 52.5002 
-5.21737 5.07065 -0.784054 2 532.618 225.851 
-4.28285 5.6102 -0.35009 4 395.401 263.007 
-2.36095 6.71981 0.0648834 6 76.2496 283.697 
-4.55705 5.45189 0.173982 17 431.116 338.604 
-3.41844 6.10927 -1.82689 21 287.205 57.5196 
-3.01817 6.34036 -1.63356 23 223.677 71.2073 
-2.57331 6.5972 -0.0115366 25 114.321 275.865 
-2.71663 6.51445 0.575812 32 124.203 366.77 
-5.58769 4.85685 -0.0889875 33 582.758 321.071 
-4.90516 5.25091 0.957061 35 476.226 454.078 
-3.74583 5.92025 -0.779907 36 321.457 196.98 
-3.03012 6.33346 -0.976834 38 213.971 152.837 
-4.01906 5.7625 0.688089 42 341.832 403.577 
-5.01404 5.18805 -1.36312 47 510.346 151.359 
-5.40315 4.96339 -0.284863 49 556.487 290.749 
-2.14768 6.84294 -0.101629 51 40.8863 254.902 
-3.33545 6.15718 -0.435976 52 249.481 233.887 
-3.617 5.99463 -1.57595 71 314.243 91.6662 
-4.04408 5.74805 -1.06717 77 368.938 166.63 
-4.14277 5.69108 0.84443 78 359.533 426.087 
-3.86191 5.85323 -1.48589 82 349.087 108.417 
-2.18179 6.82325 0.0567123 84 42.9111 277.342 
-2.31638 6.74554 0.814643 87 45.1994 397.502 
-4.13014 5.69837 -1.41351 88 386.564 124.744 
-3.16889 6.25334 -1.4501 90 241.148 97.1717 
-4.96883 5.21415 -1.7676 92 505.314 102.938 
-5.96131 4.64114 0.2828 99 633.32 375.928 
-5.72779 4.77596 -0.0479517 100 600.326 329.526 
-3.51194 6.05528 0.00121058 101 270.717 295.338 
-4.97487 5.21066 0.882942 102 487.853 443.147 
-5.91646 4.66703 -1.82728 105 628.401 115.854 
-2.27819 6.76759 -0.186085 109 68.3733 243.661 
-4.62783 5.41102 -0.263344 122 447.211 280.489 
-5.82616 4.71917 1.05356 123 610.556 476.76 
-4.37657 5.55609 0.727218 125 397.113 411.807 
-4.73475 5.34929 -1.6572 126 470.067 109.854 
-2.44383 6.67196 -0.385326 131 100.498 219.157 
-2.20806 6.80808 -1.59639 140 92.3046 54.2737 
-5.45173 4.93535 -0.474326 153 563.223 269.78 
-2.79823 6.46735 0.492322 157 139.6 354.215 
-3.75274 5.91626 -1.57757 159 332.74 98.0622 
-2.15233 6.84026 -0.0957294 160 42.1347 254.961 
-2.43306 6.67818 0.0756168 161 87.2971 285.388 
-5.18032 5.09204 -1.54133 165 531.685 132.804 
-2.12399 6.85662 0.667081 166 14.0778 369.975 
-5.69185 4.79671 -0.755463 167 598.685 236.715 
-5.70558 4.78878 -0.80519 184 599.375 232.492 
-4.00147 5.77265 1.17768 189 331.764 477.506 
-2.76342 6.48744 -1.86079 195 188.449 34.6669 
-3.97857 5.78587 -1.48671 197 362.915 111.056 
-3.48498 6.07085 0.402763 199 258.16 353.752 
-2.50658 6.63573 -0.864936 203 124.848 153.998 
-2.60244 6.58039 -0.419929 205 128.638 219.658 
-2.88473 6.41741 -0.980824 212 188.985 149.842 
-2.20564 6.80948 0.351964 217 39.4526 321.341 
-5.75689 4.75916 -1.40167 219 607.719 161.423 
-4.56488 5.44737 -0.00874334 220 433.74 313.689 
-3.28265 6.18767 0.466932 221 222.442 359.248 
-1.831 7.02577 -0.964452 224 12.0234 126.079 
-2.92339 6.39508 1.13342 229 146.012 456.599 
-5.83224 4.71566 -1.67191 237 616.611 132.232 
-2.63039 6.56425 -0.0067306 240 123.751 276.13 
-4.83444 5.29174 -0.69456 244 478.846 229.369 
-2.65581 6.54957 -0.244999 247 134.718 245.567 
-3.8183 5.87841 -0.432496 250 326.439 240.667 
