-5.37012 0.037908 7 24 0.649024 -0.238127 
-5.21106 1.44812 7 29 0.621433 0.0583449 
-5.40598 0.152698 7 30 0.63617 -0.213652 
-5.875 -0.508694 7 36 0.568449 -0.350159 
-5.59816 -0.619665 7 42 0.628867 -0.379159 
-6.33365 0.109205 7 44 0.46687 -0.227108 
-6.25916 0.145289 7 48 0.477641 -0.220122 
-7 0.21307 2.3409 51 -0.46434 -0.306802 
-7 -0.503339 4.01391 52 -0.0605255 -0.424631 
-7 -0.64261 4.44771 54 0.0242633 -0.439129 
-7 -0.441068 2.32778 56 -0.469836 -0.48977 
-7 1.81819 2.50338 57 -0.41891 0.0894471 
-7 1.50288 1.91462 59 -0.581343 0.0225479 
-7 0.78654 5.75191 68 0.200209 -0.126031 
-7 -0.100249 4.19611 69 -0.0317707 -0.326663 
-7 -0.527577 4.46053 71 0.0244491 -0.412856 
-7 -0.14175 5.47309 72 0.181242 -0.302498 
-7 1.61955 6.53315 73 0.280958 0.0131214 
-7 1.51818 2.67054 81 -0.37685 0.0194499 
-7 0.883221 6.2108 82 0.25829 -0.106801 
-7 -0.72299 3.2493 84 -0.223932 -0.515221 
-7 1.48523 2.57162 86 -0.401521 0.012693 
-7 1.20864 2.59145 88 -0.396232 -0.0519672 
-7 1.46933 5.82185 93 0.195052 -0.00804475 
-7 -0.576654 5.65743 96 0.217984 -0.382846 
