-7.4714 -1.05915 0.355818 260 -0.610941 -0.25824 
-6.64917 -2.4833 -0.440182 261 -0.206384 -0.442309 
-7.14741 -1.62032 1.76556 264 -0.453829 0.099523 
-5.66157 -4.19387 -0.652214 270 0.358231 -0.476939 
-6.94006 -1.97946 1.55981 271 -0.360555 0.0666736 
-5.23237 -4.93727 0.70564 274 0.539152 -0.068639 
-6.17442 -3.3056 1.44019 275 0.0128518 0.0738623 
-6.35803 -2.98756 0.146678 278 -0.0618589 -0.26728 
-6.14897 -3.34967 0.179673 281 0.0549873 -0.251442 
-6.80803 -2.20814 1.05615 282 -0.296326 -0.0509688 
-5.29126 -4.83526 1.87037 284 0.453864 0.230963 
-6.95343 -1.95631 1.29159 291 -0.370193 -0.000673138 
-6.93825 -1.9826 -0.53082 295 -0.348338 -0.479172 
-7.01036 -1.8577 1.45833 300 -0.393856 0.0389142 
-6.64642 -2.48807 1.41126 310 -0.219991 0.0456101 
-7.11395 -1.67828 -0.473701 317 -0.440772 -0.468319 
-7.53876 -0.942491 0.491179 328 -0.645185 -0.225655 
-5.70343 -4.12137 0.704539 329 0.2788 -0.0878781 
-5.29142 -4.83499 -0.290764 343 0.560707 -0.354792 
-6.83154 -2.16742 0.486301 345 -0.307243 -0.197889 
-5.42884 -4.59697 1.28117 351 0.407299 0.0765842 
-5.36533 -4.70697 -0.794508 356 0.54272 -0.516041 
-5.82827 -3.90515 1.73075 357 0.18341 0.16409 
-7.13206 -1.6469 0.386525 358 -0.450922 -0.227463 
-7.24008 -1.45982 0.239176 360 -0.504461 -0.282136 
-6.57086 -2.61894 0.112404 367 -0.167101 -0.287115 
-6.73207 -2.33972 -0.455992 369 -0.245491 -0.451726 
-6.90193 -2.0455 0.150108 371 -0.336802 -0.292778 
-5.20485 -4.98493 0.860305 376 0.550773 -0.0223308 
-7.6338 -0.777869 -0.0587155 380 -0.695106 -0.370699 
-6.69448 -2.40482 0.483031 384 -0.232953 -0.192695 
-5.96156 -3.67428 1.39164 385 0.120085 0.0709366 
-5.24676 -4.91235 0.215207 389 0.561284 -0.205085 
-4.97755 -5.37862 1.00983 392 0.673537 0.0312129 
-6.74479 -2.31769 0.740399 393 -0.263114 -0.126993 
-6.97577 -1.91761 -0.4901 401 -0.376891 -0.472675 
-7.52277 -0.970174 1.1088 406 -0.627976 -0.0734845 
-6.46686 -2.79907 -0.256321 409 -0.106959 -0.384975 
-7.63883 -0.769162 -0.119058 410 -0.691555 -0.387155 
-6.97717 -1.91519 1.81959 414 -0.381731 0.122998 
-6.00176 -3.60464 0.426871 430 0.127582 -0.173879 
-6.84225 -2.14887 1.74644 436 -0.317027 0.114062 
-5.16969 -5.04583 -0.141549 437 0.623971 -0.299747 
-6.48803 -2.7624 0.108587 442 -0.126503 -0.28693 
-7.28007 -1.39054 -0.1606 450 -0.524797 -0.382715 
-6.50928 -2.7256 -0.0902829 452 -0.136189 -0.338934 
-6.03331 -3.55 -0.591601 458 0.140187 -0.470135 
-7.48055 -1.0433 0.202815 459 -0.618634 -0.29601 
-6.65278 -2.47704 -0.576839 463 -0.201286 -0.484591 
-5.68074 -4.16068 0.111245 466 0.312353 -0.250587 
-7.42117 -1.14615 0.204588 467 -0.588714 -0.295949 
-5.94183 -3.70845 -0.699449 468 0.189768 -0.496688 
-6.23302 -3.2041 1.90527 471 -0.0325424 0.185419 
-5.14801 -5.08339 0.214391 472 0.614751 -0.201423 
-5.88723 -3.80302 -0.421933 473 0.214615 -0.415336 
-5.72951 -4.0762 -0.498216 489 0.311172 -0.431597 
-5.30136 -4.81777 0.489233 495 0.513788 -0.128252 
