-1.69835 7.10236 -1.49702 1 255.719 36.6413 
-2.36095 6.71981 0.0648834 6 338.438 262.207 
-0.0798114 8.03682 -1.36918 7 23.9338 41.8404 
-3.05032 6.3218 1.27862 8 432.98 449.346 
-1.18389 7.39938 -0.935763 10 171.359 110.29 
-0.178643 7.97976 0.508014 11 19.3707 281.535 
-0.882633 7.57332 -1.15265 15 132.53 76.4585 
-0.834292 7.60122 -0.745649 20 119.167 128.857 
-2.65363 6.55083 1.42287 22 365.92 458.306 
-3.01817 6.34036 -1.63356 23 476.043 24.6594 
-2.57331 6.5972 -0.0115366 25 375.759 255.752 
-1.29918 7.33282 1.56526 29 157.955 437.981 
-2.71663 6.51445 0.575812 32 388.405 341.701 
-3.74583 5.92025 -0.779907 36 596.7 162.153 
-3.03012 6.33346 -0.976834 38 467.539 122.086 
-4.01906 5.7625 0.688089 42 620.599 391.444 
-1.4565 7.24199 0.969849 43 187.216 364.949 
-2.14768 6.84294 -0.101629 51 306.664 236.431 
-3.33545 6.15718 -0.435976 52 513.57 207.686 
-0.421209 7.83972 -1.17149 54 68.7584 68.6032 
-1.24468 7.36429 0.57792 55 163.108 310.025 
-0.449959 7.82312 -0.349133 56 62.8197 178.964 
-3.74961 5.91807 1.32639 66 556.536 477.878 
-1.42581 7.25971 0.982136 67 184.883 365.643 
-3.617 5.99463 -1.57595 71 586.94 35.6746 
-3.86191 5.85323 -1.48589 82 631.497 49.6319 
-2.18179 6.82325 0.0567123 84 309.184 259.311 
-1.81168 7.03693 1.23812 85 237.906 411.445 
-2.31638 6.74554 0.814643 87 320.56 365.481 
-3.16889 6.25334 -1.4501 90 500.41 51.1283 
-3.51194 6.05528 0.00121058 101 537.31 276.095 
-1.22592 7.37512 0.548265 107 161.143 305.979 
-0.30588 7.9063 0.0837691 108 41.3451 230.855 
-2.27819 6.76759 -0.186085 109 328.484 225.082 
-0.383025 7.86176 0.22409 112 48.7963 248.193 
-0.803108 7.61923 -0.814071 117 115.046 121.251 
-0.964105 7.52628 0.885878 120 119.169 343.635 
-1.20685 7.38613 1.22507 129 150.189 393.322 
-2.44383 6.67196 -0.385326 131 356.304 200.233 
-1.33285 7.31338 0.696058 135 173.507 326.815 
-2.20806 6.80808 -1.59639 140 338.596 22.5207 
-0.621084 7.72432 1.104 141 71.3302 363.962 
-0.582336 7.74669 0.181318 147 77.7866 245.466 
-0.447254 7.82468 0.726916 148 52.7718 312.067 
-1.07075 7.46471 -0.23607 149 148.984 198.472 
-0.106953 8.02115 -0.188349 150 16.873 193.072 
-1.34908 7.30401 -1.57982 156 203.867 20.4747 
-2.79823 6.46735 0.492322 157 401.835 331.111 
-3.75274 5.91626 -1.57757 159 612.933 35.3524 
-2.15233 6.84026 -0.0957294 160 306.429 235.863 
-2.43306 6.67818 0.0756168 161 348.994 265.211 
-0.717429 7.6687 0.357392 164 92.3969 270.214 
-2.12399 6.85662 0.667081 166 293.372 340.247 
-1.43641 7.25359 -1.07042 183 210.768 91.58 
-0.0741699 8.04008 -1.61407 185 26.7598 10.8222 
-4.00147 5.77265 1.17768 189 606.963 464.249 
-1.12203 7.4351 -0.763709 191 158.776 132.494 
-0.560641 7.75922 -0.484044 192 79.6194 163.183 
-1.58921 7.16537 -1.2695 193 234.634 67.6792 
-1.18082 7.40116 -1.11678 196 173.267 81.8849 
-1.21876 7.37925 1.56713 198 146.317 437.096 
-3.48498 6.07085 0.402763 199 525.48 333.952 
-2.46086 6.66212 1.43715 200 332.472 454.034 
-2.50658 6.63573 -0.864936 203 377.099 130.932 
-1.65507 7.12735 -1.39271 204 246.194 48.8808 
-2.60244 6.58039 -0.419929 205 384.335 198.389 
-1.89242 6.99031 1.67854 209 242.569 469.492 
-2.88473 6.41741 -0.980824 212 441.595 121.989 
-0.0829147 8.03503 0.967789 213 4.03817 336.024 
-1.32904 7.31558 0.826885 214 170.527 344.941 
-2.20564 6.80948 0.351964 217 308.486 299.821 
-3.28265 6.18767 0.466932 221 487.061 338.665 
-1.18272 7.40006 -0.335728 222 164.604 188.228 
-1.831 7.02577 -0.964452 224 267.891 111.743 
-1.58155 7.1698 -0.998108 227 232.765 104.025 
-2.92339 6.39508 1.13342 229 415.148 426.046 
-0.477256 7.80736 0.692004 238 56.9198 309.857 
-2.63039 6.56425 -0.0067306 240 384.289 256.171 
-2.65581 6.54957 -0.244999 247 392.367 224.506 
-3.8183 5.87841 -0.432496 250 602.604 215.751 
