4.32541 -5.58563 0.848861 506 0.472604 0.426853 
3.31453 -6.16926 -0.82277 507 0.0646166 -0.0709789 
2.55081 -6.61019 -1.05696 510 -0.205106 -0.127841 
1.55304 -7.18626 -0.142317 519 -0.548848 0.186414 
4.96491 -5.21641 -0.162781 524 0.669092 0.09888 
4.45282 -5.51207 0.330289 528 0.501599 0.261767 
3.62183 -5.99184 -0.708902 530 0.18311 -0.044347 
1.74656 -7.07452 -0.649775 536 -0.484211 0.01969 
3.84209 -5.86467 0.762035 537 0.297334 0.408109 
4.08321 -5.72546 -0.0501395 541 0.358836 0.145477 
4.14699 -5.68864 -0.0739802 553 0.380828 0.140676 
2.76135 -6.48864 -0.835611 556 -0.124863 -0.0546517 
2.50813 -6.63483 -1.62398 557 -0.233257 -0.29188 
1.77128 -7.06025 -1.32111 560 -0.479483 -0.179972 
5.11501 -5.12975 -1.32998 563 0.687324 -0.27037 
4.17332 -5.67344 0.684667 567 0.410581 0.379403 
4.08949 -5.72184 0.309736 570 0.374638 0.261047 
1.27527 -7.34662 -0.861902 571 -0.656766 -0.0331755 
4.78434 -5.32066 -1.81187 575 0.556734 -0.402736 
2.35211 -6.72491 -1.73362 576 -0.29181 -0.31778 
2.61049 -6.57574 0.28437 581 -0.161062 0.291921 
1.33215 -7.31379 -0.490916 582 -0.626838 0.0810911 
1.26618 -7.35187 -0.159086 592 -0.641291 0.182717 
3.5218 -6.04959 -1.73721 596 0.121374 -0.347204 
2.00616 -6.92464 -1.64027 600 -0.403858 -0.284358 
2.48133 -6.65031 0.492331 604 -0.201427 0.360021 
4.89471 -5.25694 -0.199595 606 0.644275 0.0801583 
2.61487 -6.57321 0.0112596 607 -0.164228 0.202551 
2.89706 -6.41029 -1.2274 611 -0.086874 -0.181958 
2.4848 -6.64831 0.119285 615 -0.207681 0.242013 
2.90013 -6.40851 0.80747 626 -0.0419361 0.450926 
2.77919 -6.47834 -1.67587 627 -0.138292 -0.310513 
3.2896 -6.18365 -0.831285 632 0.0609682 -0.0699009 
3.83992 -5.86592 -0.579006 640 0.255675 -0.0117582 
2.18105 -6.82367 0.572736 650 -0.309217 0.392258 
2.35902 -6.72093 0.562621 651 -0.244366 0.38662 
3.74064 -5.92325 -1.9671 654 0.18747 -0.42396 
1.77898 -7.05581 0.424263 655 -0.455385 0.352064 
1.12851 -7.43136 0.338853 661 -0.693183 0.3441 
4.82206 -5.29889 0.859675 662 0.654082 0.414344 
4.88586 -5.26205 0.975449 663 0.683051 0.455927 
4.05549 -5.74146 -0.254187 669 0.347045 0.0908634 
2.3244 -6.74091 -0.546464 673 -0.275091 0.0399037 
4.78329 -5.32127 0.804293 674 0.638396 0.40133 
3.62073 -5.99248 0.99023 683 0.221016 0.488525 
4.226 -5.64302 0.28797 691 0.425132 0.251106 
1.43203 -7.25612 -1.20582 693 -0.605236 -0.139727 
2.99296 -6.35491 0.665465 696 -0.0156645 0.401636 
4.82073 -5.29965 -1.08631 698 0.592606 -0.18674 
4.30182 -5.59925 -1.21577 708 0.404301 -0.21272 
2.02484 -6.91386 0.215523 713 -0.371035 0.2842 
2.26921 -6.77278 -0.294944 715 -0.291741 0.119564 
1.12928 -7.43091 0.660268 716 -0.684582 0.445676 
1.34298 -7.30754 -1.15975 722 -0.634478 -0.123661 
4.48631 -5.49273 -1.46496 723 0.462943 -0.290472 
3.52361 -6.04855 -0.447866 727 0.152961 0.0372535 
4.48121 -5.49568 0.424736 739 0.514726 0.288131 
3.90444 -5.82868 0.777906 744 0.317235 0.416923 
2.78119 -6.47718 -1.18276 749 -0.126686 -0.16904 
