-7 0.0943094 -5.21035 64 0.614331 0.219526 
-7 1.11392 -6.02536 65 0.439247 0.402499 
-7 0.886694 -5.35798 67 0.577826 0.388806 
-7 0.694743 -5.33965 78 0.582678 0.346958 
-7 1.12101 -6.65735 79 0.332519 0.37473 
-7 -1.84392 -6.0007 85 0.463503 -0.149241 
-7 -0.295975 -5.19552 90 0.618677 0.135679 
-7 0.592834 -6.66606 94 0.336195 0.278662 
-7 -0.609874 -5.90804 100 0.472531 0.0700589 
-5.46333 -1.29075 -7 102 0.132474 -0.0933126 
-4.55559 -0.250499 -7 105 -0.0237833 0.0762826 
-2.11042 -0.0563179 -7 106 -0.638594 0.0360217 
-5.09885 0.316864 -7 107 0.052143 0.205282 
-6.22725 1.4028 -7 110 0.190313 0.419921 
-5.05591 -0.451909 -7 117 0.0605823 0.049571 
-3.07632 -1.96878 -7 120 -0.268262 -0.389095 
-3.56835 0.827876 -7 121 -0.254287 0.314717 
-6.20015 -0.954561 -7 122 0.218255 -0.00733655 
-2.10211 -0.684594 -7 129 -0.602926 -0.151363 
-3.11373 -0.303232 -7 130 -0.322497 0.0132944 
-3.58737 1.4874 -7 135 -0.274387 0.490858 
-6.2831 -0.370457 -7 140 0.220485 0.0952888 
-5.05277 -1.83336 -7 148 0.0855224 -0.211886 
-6.46998 0.52855 -7 150 0.230803 0.256425 
