-7 -0.29883 -1.326 55 472.633 157.266 
-7 0.46862 -2.98529 58 292.095 240.849 
-7 -1.05185 -1.49538 60 454.343 66.8685 
-7 -1.03485 -3.75523 61 218.551 88.6405 
-7 -0.184126 -2.39523 62 350.415 172.802 
-7 1.26508 -0.184774 63 615.101 350.065 
-7 0.0943094 -5.21035 64 108.481 201.445 
-7 1.11392 -6.02536 65 59.5255 285.671 
-7 0.886694 -5.35798 67 102.319 270.063 
-7 1.34911 -4.82912 74 141.982 312.789 
-7 0.577231 -1.47952 76 450.993 258.667 
-7 0.694743 -5.33965 78 102.574 253.709 
-7 1.12101 -6.65735 79 20.9235 283.018 
-7 0.821262 -3.48263 80 247.53 273.428 
-7 -1.84392 -6.0007 85 42.5329 29.4748 
-7 1.69039 -1.92004 89 399.033 373.782 
-7 -0.295975 -5.19552 90 107.478 166.376 
-7 1.40697 -4.3308 91 179.592 321.66 
-7 0.312724 -0.335245 92 601.522 232.2 
-7 0.592834 -6.66606 94 16.9461 241.148 
-7 -1.56958 -3.12031 95 276.001 25.0052 
-7 -1.20087 -3.87679 97 207.392 72.4311 
-7 1.52805 -2.92335 98 299.161 345.805 
-7 -0.609874 -5.90804 100 56.6489 140.118 
