-1.97014 0.361326 7 3 533.723 276.844 
-2.93389 0.906698 7 9 417.295 362.613 
-2.14837 -1.21575 7 10 468.301 78.981 
-4.80195 0.41523 7 21 234.838 323.443 
-3.28746 -0.347612 7 22 355.291 218.819 
-5.92999 -1.73451 7 23 145.363 153.258 
-5.37012 0.037908 7 24 191.992 293.707 
-5.21106 1.44812 7 29 215.893 428.266 
-5.40598 0.152698 7 30 190.68 304.626 
-2.84657 -0.836733 7 31 393.028 151.133 
-3.76175 1.7333 7 32 341.912 465.473 
-2.21352 -0.0799941 7 33 486.918 223.242 
-5.875 -0.508694 7 36 156.963 252.474 
-4.02466 -0.174699 7 39 289.501 252.983 
-3.22548 0.288125 7 40 372.643 290.249 
-5.59816 -0.619665 7 42 172.357 238.589 
-3.26615 1.27581 7 43 386.316 410.531 
-6.33365 0.109205 7 44 135.765 310.158 
-2.70348 -0.732172 7 47 411.079 158.273 
-6.25916 0.145289 7 48 140.04 312.507 
-7 1.61955 6.53315 73 72.8956 453.517 
-7 0.883221 6.2108 82 40.226 393.333 
-7 1.46933 5.82185 93 2.89862 462.184 
