-3.17768 1.79522 -7 101 0.195803 0.462894 
-4.55559 -0.250499 -7 105 0.524836 -0.0354477 
-2.11042 -0.0563179 -7 106 -0.0232832 -0.0311085 
-5.09885 0.316864 -7 107 0.602109 0.100089 
-0.235026 1.16667 -7 114 -0.683556 0.350637 
-5.05591 -0.451909 -7 117 0.616033 -0.0727092 
-3.56835 0.827876 -7 121 0.305097 0.217237 
-2.10211 -0.684594 -7 129 -0.00988858 -0.216713 
-3.11373 -0.303232 -7 130 0.235364 -0.077608 
-1.59533 0.795126 -7 132 -0.193241 0.21577 
-3.58737 1.4874 -7 135 0.29204 0.378594 
-0.615215 -0.161545 -7 146 -0.508318 -0.104312 
-5.05277 -1.83336 -7 148 0.654272 -0.391795 
