-2.11042 -0.0563179 -7 106 592.931 144.032 
-0.235026 1.16667 -7 114 353.922 382.03 
-0.0787955 1.33173 -7 116 335.596 411.578 
-1.66978 1.93068 -7 118 586.195 448.824 
0.474792 -0.485198 -7 124 196.213 155.481 
-2.10211 -0.684594 -7 129 573.723 51.2732 
-1.59533 0.795126 -7 132 542.891 284.792 
1.03314 -1.58354 -7 136 75.2226 3.46841 
0.97797 0.750031 -7 138 157.815 358.248 
1.9715 1.13953 -7 144 16.392 449.744 
1.45576 0.553777 -7 145 77.9031 343.793 
-0.615215 -0.161545 -7 146 370.661 171.999 
0.206379 -1.0164 -7 147 220.667 66.786 
