5.64257 -0.481715 -7 109 529.272 237.379 
6.30632 -1.54879 -7 115 468.731 169.304 
4.50714 -1.04124 -7 119 623.406 155.684 
6.6867 0.183154 -7 127 467.301 304.197 
6.46481 -1.88245 -7 128 455.512 150.001 
6.08103 -0.977971 -7 134 490.365 206.374 
6.59087 -1.1778 -7 141 456.563 202.492 
4.8725 1.3091 -7 142 638.486 405.092 
6.26277 1.2623 -7 143 509.97 391.455 
6.4687 -1.97232 -7 149 454.256 143.909 
7 -0.0623122 -3.31422 152 175.747 304.455 
7 -1.59791 -6.35011 157 396.022 178.578 
7 1.75895 -5.06184 159 346.865 464.085 
7 0.343459 -2.54532 160 85.7156 357.949 
7 0.863395 -4.44339 163 288.981 386.927 
7 -0.724268 -3.10497 165 150.626 236.221 
7 -0.863938 -6.09367 166 388.608 230.308 
7 1.33843 -4.95324 172 334.339 425.08 
7 0.759759 -5.08223 173 338.33 368.545 
7 -0.518283 -3.0968 179 150.419 257.446 
7 0.741437 -4.00824 180 249.496 381.015 
7 -0.563655 -4.89557 181 312.526 252.824 
7 0.831841 -5.58946 182 374.484 369.092 
7 1.69172 -5.79597 183 397.461 442.567 
7 0.0865561 -4.29161 189 269.833 313.079 
7 -1.97934 -4.46413 190 268.88 133.392 
7 0.781169 -6.98961 200 455.627 351.214 
