-4.80195 0.41523 7 21 537.093 234.067 
-5.92999 -1.73451 7 23 457.8 39.4805 
-5.37012 0.037908 7 24 490.174 194.94 
-5.21106 1.44812 7 29 493.979 321.488 
-5.40598 0.152698 7 30 486.598 205.096 
-3.76175 1.7333 7 32 639.399 394.934 
-5.875 -0.508694 7 36 455.335 146.911 
-4.02466 -0.174699 7 39 629.272 176.49 
-5.59816 -0.619665 7 42 476.285 135.871 
-6.33365 0.109205 7 44 422.553 197.616 
-6.25916 0.145289 7 48 426.968 200.726 
-7 -0.503339 4.01391 52 172.264 133.714 
-7 -0.64261 4.44771 54 213.312 123.361 
-7 1.81819 2.50338 57 2.59844 396.122 
-7 0.78654 5.75191 68 311.912 250.006 
-7 -0.100249 4.19611 69 190.624 175.313 
-7 -0.527577 4.46053 71 214.536 134.73 
-7 -0.14175 5.47309 72 294.524 174.494 
-7 1.61955 6.53315 73 356.671 305.793 
-7 1.51818 2.67054 81 23.5953 358.455 
-7 0.883221 6.2108 82 340.07 254.774 
-7 -0.72299 3.2493 84 86.0222 101.483 
-7 1.48523 2.57162 86 9.69758 357.225 
-7 1.20864 2.59145 88 10.4311 325.618 
-7 1.46933 5.82185 93 315.239 302.389 
-7 -0.576654 5.65743 96 307.883 138.323 
