-3.17768 1.79522 -7 101 0.280923 0.39415 
-4.55559 -0.250499 -7 105 0.604417 -0.117268 
-2.11042 -0.0563179 -7 106 0.0473347 -0.100634 
-5.09885 0.316864 -7 107 0.687356 0.0211928 
-0.235026 1.16667 -7 114 -0.578417 0.288343 
-0.0787955 1.33173 -7 116 -0.639917 0.347945 
-1.66978 1.93068 -7 118 -0.103678 0.477159 
-3.56835 0.827876 -7 121 0.384749 0.145621 
-2.10211 -0.684594 -7 129 0.0547485 -0.289929 
-3.11373 -0.303232 -7 130 0.306239 -0.153942 
-1.59533 0.795126 -7 132 -0.112277 0.150497 
-3.58737 1.4874 -7 135 0.375588 0.308965 
-0.615215 -0.161545 -7 146 -0.430747 -0.163317 
