1.69792 -0.977731 -7 104 430.462 82.5222 
5.64257 -0.481715 -7 109 34.3181 125.511 
2.26927 0.767181 -7 111 320.062 309.761 
2.74139 -0.240151 -7 113 284.066 172.702 
6.30632 -1.54879 -7 115 6.27545 24.6092 
4.50714 -1.04124 -7 119 127.896 71.9563 
2.98659 0.138239 -7 123 250.205 216.2 
0.474792 -0.485198 -7 124 619.451 164.287 
4.46367 -0.542201 -7 125 123.478 125.011 
3.77354 -0.887468 -7 133 189.759 89.6831 
6.08103 -0.977971 -7 134 12.5208 77.2084 
3.34213 1.4046 -7 137 191.128 360.254 
0.97797 0.750031 -7 138 502.535 345.194 
4.29646 -0.0380129 -7 139 129.238 180.243 
4.8725 1.3091 -7 142 62.1231 313.419 
1.9715 1.13953 -7 144 350.008 367.93 
1.45576 0.553777 -7 145 433.066 301.867 
