5.98522 3.63329 1.2144 752 0.19754 0.372985 
5.20903 4.97769 -0.50044 755 0.611654 -0.110251 
6.15778 3.33441 -0.551726 764 0.0934317 -0.101796 
6.72499 2.35198 -0.698686 765 -0.189769 -0.120822 
6.84891 2.13734 -1.72634 766 -0.240583 -0.352929 
7.18459 1.55593 0.710517 768 -0.416255 0.23002 
5.03444 5.28009 -1.71136 772 0.68066 -0.432785 
7.75054 0.575679 1.75169 773 -0.690336 0.498363 
5.86576 3.8402 -1.56683 775 0.232762 -0.356319 
7.65875 0.734657 0.495993 779 -0.623678 0.180986 
6.87834 2.08637 1.48366 780 -0.27507 0.435046 
5.7277 4.07932 -1.90892 781 0.301529 -0.438236 
6.61901 2.53554 -1.90015 786 -0.136206 -0.407693 
5.84347 3.87882 -1.54309 787 0.241403 -0.348268 
5.70086 4.12582 1.37764 788 0.366072 0.421867 
6.3358 3.02608 -0.89504 793 -0.00140502 -0.181712 
7.07393 1.74759 -1.06522 794 -0.347408 -0.200402 
5.18216 5.02423 -0.915456 795 0.613137 -0.219105 
7.7677 0.545948 0.346374 797 -0.675741 0.142381 
6.99287 1.88799 0.446143 798 -0.318572 0.161033 
5.95878 3.67909 -1.91848 799 0.18139 -0.434394 
6.6228 2.52897 -1.96054 809 -0.138734 -0.418409 
5.66896 4.18107 1.48268 810 0.387472 0.453046 
7.13747 1.63753 -1.91994 811 -0.368467 -0.380537 
7.48096 1.04259 -1.87628 812 -0.516884 -0.365461 
7.72815 0.61446 -0.217688 816 -0.64566 0.0102868 
7.65524 0.740743 -1.67984 818 -0.593319 -0.317592 
5.10188 5.16328 -1.16456 819 0.656634 -0.289637 
6.32015 3.05317 1.6683 821 0.019078 0.498919 
5.52148 4.43652 -0.0547931 822 0.44064 0.0152044 
5.84215 3.8811 1.25316 824 0.283435 0.381689 
7.71438 0.638309 -0.336083 827 -0.635561 -0.016469 
7.15574 1.60589 0.615543 828 -0.400769 0.206874 
7.0505 1.78818 -1.26688 833 -0.336737 -0.244687 
5.5405 4.40357 -1.44396 835 0.405957 -0.339731 
6.68672 2.41826 0.33091 836 -0.172355 0.13224 
7.41493 1.15696 -1.61534 839 -0.495575 -0.311343 
6.64876 2.484 -1.60616 850 -0.151121 -0.34166 
5.62913 4.25005 -0.845981 855 0.363944 -0.189077 
7.47605 1.05111 -1.34417 857 -0.51926 -0.253751 
5.34442 4.7432 -0.804129 863 0.52856 -0.190009 
6.53997 2.67244 -0.861665 866 -0.0973538 -0.166749 
7.07604 1.74394 0.502742 871 -0.362325 0.180089 
6.4243 2.87279 -0.337461 872 -0.0401002 -0.0418211 
5.87176 3.82982 -1.86513 873 0.22477 -0.424883 
6.81272 2.20003 1.31801 874 -0.238959 0.392129 
5.30638 4.80908 -0.846641 879 0.546399 -0.201407 
6.67343 2.44128 -1.01357 882 -0.167248 -0.198452 
5.48992 4.49117 1.01765 885 0.48275 0.31514 
6.14997 3.34793 -0.772956 886 0.0953435 -0.156778 
6.38369 2.94312 -0.846468 889 -0.0238037 -0.161021 
6.41 2.89756 1.35706 890 -0.0261371 0.409159 
5.33186 4.76494 0.690372 894 0.572033 0.225371 
5.96932 3.66083 1.41731 895 0.210707 0.431763 
5.88934 3.79937 -0.91473 896 0.224656 -0.198739 
5.07479 5.21021 -0.592079 897 0.689675 -0.136732 
7.68639 0.686781 -1.10309 898 -0.614763 -0.193113 
7.3611 1.2502 0.0561545 900 -0.488379 0.0718599 
7.13224 1.6466 -0.977877 901 -0.377072 -0.1761 
6.93416 1.98968 -1.06451 904 -0.287465 -0.200368 
5.14042 5.09654 0.266927 906 0.672592 0.103102 
6.87866 2.08582 -0.0270921 907 -0.26153 0.0447618 
6.77251 2.26967 -0.747548 908 -0.20973 -0.131064 
6.05282 3.51621 -1.75001 911 0.135346 -0.392959 
7.05959 1.77242 -1.7808 914 -0.339054 -0.361544 
5.93483 3.72057 -1.99581 926 0.195724 -0.453853 
7.703 0.65802 -0.183774 927 -0.635055 0.0191344 
6.12516 3.3909 1.11897 932 0.124174 0.344393 
6.67513 2.43834 -0.321965 935 -0.165188 -0.0332637 
7.22829 1.48023 1.7576 937 -0.449181 0.5097 
6.75528 2.29951 -0.729401 938 -0.20554 -0.132037 
5.5287 4.42402 0.271974 943 0.445385 0.105888 
6.43723 2.85038 1.42602 945 -0.0423882 0.429355 
5.34394 4.74403 -0.45553 947 0.533592 -0.0960517 
5.85587 3.85734 -1.13495 948 0.239266 -0.256442 
7.05329 1.78334 -1.18945 950 -0.337748 -0.227149 
6.22795 3.21288 -0.545567 952 0.0565602 -0.0953105 
5.80798 3.94029 0.203205 953 0.284067 0.0868538 
6.10007 3.43436 0.816237 960 0.133216 0.254642 
5.615 4.27453 -0.380425 961 0.385172 -0.0658484 
5.29086 4.83597 -1.98418 962 0.531292 -0.480151 
5.54904 4.38878 0.419383 964 0.434852 0.148919 
6.0817 3.46619 -1.62949 965 0.119875 -0.360975 
6.53207 2.68613 -0.981663 967 -0.0953638 -0.19696 
6.68153 2.42724 -0.314303 968 -0.172695 -0.0288099 
5.19076 5.00935 -1.7233 970 0.591134 -0.425705 
7.36792 1.23839 -0.614933 971 -0.485909 -0.0852382 
5.51039 4.45573 1.34352 972 0.479851 0.414488 
7.61247 0.814808 -0.677047 978 -0.5871 -0.0974403 
6.66636 2.45352 1.76174 980 -0.165165 0.515829 
6.2372 3.19685 0.871776 983 0.0617954 0.271339 
5.51818 4.44223 -1.47775 990 0.418979 -0.346304 
5.75493 4.03217 1.14041 991 0.32916 0.356618 
5.53617 4.41107 -1.97751 993 0.399236 -0.471124 
5.97808 3.64567 0.0489525 995 0.19503 0.0464694 
6.58202 2.59961 -0.970701 999 -0.120668 -0.19368 
