6.6867 0.183154 -7 127 0.657319 0.093848 
6.46481 -1.88245 -7 128 0.664638 -0.272718 
6.59087 -1.1778 -7 141 0.653511 -0.14603 
6.4687 -1.97232 -7 149 0.662618 -0.287654 
7 -0.0623122 -3.31422 152 0.034769 0.0402775 
7 0.36994 -1.65205 155 -0.350522 0.140451 
7 -1.59791 -6.35011 157 0.504013 -0.208363 
7 1.75895 -5.06184 159 0.357567 0.409201 
7 0.343459 -2.54532 160 -0.129139 0.131086 
7 1.08732 -1.94397 162 -0.278774 0.321968 
7 0.863395 -4.44339 163 0.247903 0.233495 
7 -0.724268 -3.10497 165 -0.00854218 -0.104162 
7 -0.863938 -6.09367 166 0.479129 -0.0890538 
7 1.33843 -4.95324 172 0.336232 0.324751 
7 0.759759 -5.08223 173 0.351159 0.206906 
7 -0.518283 -3.0968 179 -0.00992474 -0.0601565 
7 0.741437 -4.00824 180 0.170318 0.211836 
7 -0.563655 -4.89557 181 0.31036 -0.0485783 
7 0.831841 -5.58946 182 0.428038 0.21693 
7 1.69172 -5.79597 183 0.467465 0.380329 
7 -0.443496 -0.586995 184 -0.651814 -0.0802598 
7 -1.20096 -0.713027 185 -0.599007 -0.274941 
7 -0.746732 -0.782938 186 -0.585259 -0.156219 
7 0.0865561 -4.29161 189 0.216418 0.074637 
7 -1.97934 -4.46413 190 0.231483 -0.319289 
7 -1.56385 -0.742436 193 -0.584226 -0.364732 
7 0.781169 -6.98961 200 0.612541 0.197843 
