-5.21737 5.07065 -0.784054 2 -0.0511546 -0.311111 
-6.30704 4.44153 1.88748 3 0.27234 0.316115 
-4.28285 5.6102 -0.35009 4 -0.337404 -0.19127 
-7.32861 3.85173 1.20236 16 0.47456 0.121523 
-4.55705 5.45189 0.173982 17 -0.229918 -0.0448565 
-8.8069 2.99824 -0.956076 24 0.695102 -0.324715 
-7.27042 3.88532 -0.762006 28 0.433321 -0.295148 
-3.73636 5.92572 1.85444 31 -0.479237 0.490748 
-5.58769 4.85685 -0.0889875 33 0.0693047 -0.13404 
-4.90516 5.25091 0.957061 35 -0.103797 0.162277 
-3.74583 5.92025 -0.779907 36 -0.554056 -0.316972 
-4.01906 5.7625 0.688089 42 -0.402324 0.12131 
-6.52013 4.31851 -0.668232 44 0.278088 -0.275762 
-5.48126 4.9183 1.10702 45 0.0622962 0.16807 
-8.69401 3.06342 -0.315471 46 0.683453 -0.205861 
-5.01404 5.18805 -1.36312 47 -0.124358 -0.466874 
-5.40315 4.96339 -0.284863 49 0.0144562 -0.180484 
-6.99514 4.04426 0.162238 53 0.393822 -0.0916463 
-7.12929 3.9668 -0.413303 57 0.413509 -0.222702 
-7.76282 3.60104 -1.23079 58 0.521618 -0.39215 
-4.59121 5.43217 1.87801 62 -0.178864 0.424799 
-6.35552 4.41354 0.367926 65 0.260727 -0.0354579 
-3.74961 5.91807 1.32639 66 -0.489348 0.329693 
-8.32689 3.27537 0.102633 68 0.635156 -0.118887 
-6.73615 4.19379 -0.772225 73 0.320939 -0.297721 
-4.04408 5.74805 -1.06717 77 -0.446398 -0.400871 
-4.14277 5.69108 0.84443 78 -0.350794 0.160894 
-8.43422 3.2134 0.143156 79 0.651839 -0.114239 
-7.01524 4.03265 0.767731 80 0.406877 0.0398105 
-6.84889 4.1287 -1.69131 81 0.332347 -0.507461 
-8.57211 3.13379 0.696853 83 0.681207 -0.00863414 
-4.32489 5.58593 1.53801 86 -0.270565 0.346963 
-4.13014 5.69837 -1.41351 88 -0.421377 -0.504699 
-7.84704 3.55241 -1.4571 93 0.529452 -0.436179 
-6.07518 4.57539 0.411442 94 0.197015 -0.0172201 
-6.7471 4.18746 0.728183 95 0.351794 0.0377288 
-6.83682 4.13566 0.932129 96 0.37445 0.0772438 
-3.79213 5.89352 1.97511 97 -0.44862 0.520939 
-8.21684 3.33891 0.855065 98 0.623006 0.0311576 
-5.96131 4.64114 0.2828 99 0.167588 -0.0451553 
-5.72779 4.77596 -0.0479517 100 0.102675 -0.122309 
-3.51194 6.05528 0.00121058 101 -0.626772 -0.065401 
-4.97487 5.21066 0.882942 102 -0.0834335 0.136155 
-8.30606 3.2874 -0.374033 103 0.621061 -0.217409 
-6.83515 4.13663 0.928504 104 0.372294 0.0818944 
-6.45698 4.35497 0.0373591 113 0.277239 -0.11664 
-5.86459 4.69698 1.11578 115 0.15865 0.161341 
-3.7582 5.9131 1.64694 119 -0.47821 0.421173 
-4.62783 5.41102 -0.263344 122 -0.215532 -0.163833 
-5.82616 4.71917 1.05356 123 0.147906 0.143337 
-7.76272 3.6011 -1.33649 124 0.5157 -0.41253 
-4.37657 5.55609 0.727218 125 -0.273453 0.121306 
-6.48824 4.33692 0.602459 130 0.295719 0.0145674 
-8.31486 3.28232 -0.998132 134 0.613973 -0.338869 
-7.54306 3.72791 -0.636474 136 0.486292 -0.26563 
-8.32648 3.27561 -0.916176 137 0.618024 -0.323413 
-7.75055 3.60812 0.607921 138 0.542335 -0.0117545 
-8.50915 3.17015 -1.43562 142 0.643354 -0.42399 
-6.25679 4.47054 0.905937 144 0.248297 0.0909213 
-8.55092 3.14603 -1.2267 145 0.654013 -0.380112 
-5.45173 4.93535 -0.474326 153 0.0220771 -0.223198 
-7.61388 3.68703 -1.43304 154 0.486656 -0.435048 
-8.81769 2.99201 -0.933105 158 0.692566 -0.320834 
-5.18032 5.09204 -1.54133 165 -0.0822235 -0.510476 
-5.69185 4.79671 -0.755463 167 0.0784607 -0.296877 
-6.08649 4.56887 1.43535 170 0.216086 0.226675 
-6.68884 4.2211 0.597207 171 0.339243 0.011527 
-7.21392 3.91795 1.54448 173 0.45934 0.203621 
-7.83448 3.55966 -0.735079 174 0.542463 -0.291972 
-5.13805 5.11645 1.50194 175 -0.0243644 0.283417 
-5.92197 4.66385 1.33939 179 0.176226 0.20775 
-5.55644 4.87489 1.22347 180 0.0858442 0.195016 
-5.92731 4.66077 1.73781 182 0.184741 0.302018 
-5.70558 4.78878 -0.80519 184 0.0813177 -0.313802 
-7.69247 3.64165 -1.44056 186 0.503723 -0.435197 
-4.00147 5.77265 1.17768 189 -0.396808 0.266014 
-6.79289 4.16102 0.492295 190 0.359429 -0.0119696 
-3.48498 6.07085 0.402763 199 -0.623946 0.0592018 
-8.58962 3.12368 -0.807997 201 0.660676 -0.298158 
-4.54546 5.45858 1.2223 207 -0.213845 0.247766 
-6.12407 4.54717 1.70161 211 0.235347 0.28561 
-4.20889 5.6529 1.89089 215 -0.304596 0.461852 
-6.59885 4.27306 -1.66716 216 0.280397 -0.507223 
-5.75689 4.75916 -1.40167 219 0.0843559 -0.461211 
-4.56488 5.44737 -0.00874334 220 -0.231531 -0.0959573 
-7.86451 3.54233 1.45463 223 0.573302 0.154647 
-7.66224 3.65911 -1.56845 226 0.493823 -0.461703 
-7.55688 3.71994 1.11487 232 0.51666 0.0986816 
-6.86074 4.12186 0.00652214 233 0.367543 -0.124114 
-7.02658 4.02611 -1.06432 239 0.381311 -0.362228 
-8.03402 3.44446 -0.562411 242 0.572067 -0.251357 
-4.83444 5.29174 -0.69456 244 -0.162791 -0.284607 
-8.14068 3.38288 -0.0878003 245 0.597678 -0.155438 
-6.54441 4.30449 1.25315 248 0.317956 0.161268 
-3.8183 5.87841 -0.432496 250 -0.513733 -0.210657 
