-6.33365 0.109205 7 44 0.650701 -0.18942 
-6.25916 0.145289 7 48 0.663197 -0.18215 
-7 0.21307 2.3409 51 -0.256868 -0.258291 
-7 -0.503339 4.01391 52 0.11706 -0.378613 
-7 -0.64261 4.44771 54 0.198617 -0.394971 
-7 -0.441068 2.32778 56 -0.254347 -0.42894 
-7 1.81819 2.50338 57 -0.232369 0.118854 
-7 1.50288 1.91462 59 -0.373345 0.0520809 
-7 0.78654 5.75191 68 0.363771 -0.0866224 
-7 -0.100249 4.19611 69 0.1415 -0.284031 
-7 -0.527577 4.46053 71 0.198051 -0.369351 
-7 -0.14175 5.47309 72 0.349018 -0.263664 
-7 1.61955 6.53315 73 0.442692 0.0558719 
-7 1.51818 2.67054 81 -0.191646 0.0520932 
-7 0.883221 6.2108 82 0.422149 -0.0669636 
-7 -0.72299 3.2493 84 -0.0325667 -0.460523 
-7 1.48523 2.57162 86 -0.213649 0.0452323 
-7 1.20864 2.59145 88 -0.206328 -0.0167933 
-7 1.46933 5.82185 93 0.355724 0.0329613 
-7 -0.576654 5.65743 96 0.387678 -0.344479 
