7.15996 -3.9491 0.231069 501 -0.538699 -0.170373 
7.75999 -3.60267 0.808332 502 -0.391101 -0.0570004 
9.29836 -2.71449 1.94602 503 -0.128423 0.0935347 
9.54954 -2.56948 1.62614 504 -0.0951924 0.0389614 
9.1254 -2.81435 -0.972402 505 -0.179176 -0.363873 
8.36902 -3.25105 -1.59632 512 -0.306018 -0.506613 
7.62157 -3.68259 0.309022 516 -0.434691 -0.155624 
7.24861 -3.89792 -1.1423 520 -0.550223 -0.477858 
9.51565 -2.58904 1.12107 521 -0.106563 -0.0381704 
8.29682 -3.29273 -0.961132 526 -0.310152 -0.391857 
7.67594 -3.6512 1.18816 529 -0.403396 0.0168514 
9.28962 -2.71954 -1.63781 531 -0.158069 -0.466842 
7.01301 -4.03394 -0.97463 534 -0.612077 -0.454328 
7.77252 -3.59544 -0.54676 544 -0.410647 -0.325886 
8.80092 -3.00169 1.19755 545 -0.204362 -0.0098947 
8.06725 -3.42528 1.6113 573 -0.32274 0.079785 
7.62174 -3.68249 1.0201 577 -0.415392 -0.0109905 
6.59806 -4.27351 1.37278 589 -0.675627 0.0974236 
8.43181 -3.2148 -0.531218 590 -0.280855 -0.30061 
7.71485 -3.62873 -1.31027 594 -0.438554 -0.486085 
8.52047 -3.16361 0.124086 605 -0.260802 -0.1841 
8.21821 -3.33812 0.87683 609 -0.30066 -0.05244 
8.95105 -2.91501 -0.0284258 613 -0.195784 -0.205476 
8.58134 -3.12847 1.5153 614 -0.230909 0.0466597 
7.88394 -3.53111 -1.51631 618 -0.398207 -0.518929 
8.24406 -3.3232 1.57934 624 -0.292386 0.0698933 
8.74387 -3.03463 -1.74637 631 -0.242079 -0.516767 
8.37201 -3.24932 -1.42691 633 -0.300778 -0.473371 
7.92744 -3.50599 0.853241 634 -0.360832 -0.0507334 
7.04767 -4.01393 1.30024 635 -0.547345 0.0599685 
7.74644 -3.6105 0.0375105 649 -0.404649 -0.205843 
7.0982 -3.98476 0.68195 653 -0.546738 -0.0743512 
7.02559 -4.02668 0.448994 659 -0.571276 -0.127371 
8.5643 -3.13831 0.571234 665 -0.249585 -0.112201 
8.78782 -3.00925 1.27741 666 -0.20667 -6.71289e-05 
8.98332 -2.89638 -0.0875092 671 -0.189494 -0.224227 
9.50215 -2.59683 -1.80067 679 -0.130036 -0.487096 
8.96859 -2.90489 1.45636 680 -0.178718 0.0255193 
9.51544 -2.58916 0.00507541 681 -0.116747 -0.200535 
8.52145 -3.16304 1.28747 684 -0.250824 0.0135342 
7.92479 -3.50752 1.32245 688 -0.350313 0.0376653 
8.15199 -3.37635 -0.280505 689 -0.330855 -0.263791 
8.26763 -3.30959 0.733282 692 -0.295436 -0.0787836 
8.01947 -3.45286 0.702216 699 -0.33771 -0.0841241 
7.30395 -3.86597 1.05537 703 -0.489455 -0.0018785 
7.22497 -3.91156 0.961317 706 -0.507751 -0.0159575 
8.16644 -3.36801 1.19775 712 -0.310708 0.00171398 
8.51548 -3.16649 1.61138 714 -0.241846 0.064569 
6.58729 -4.27973 1.46929 725 -0.672078 0.120924 
9.11375 -2.82108 -0.331225 726 -0.174541 -0.261118 
7.50171 -3.75179 -1.28329 731 -0.488503 -0.494121 
7.13639 -3.96271 -0.718485 732 -0.568773 -0.389189 
9.21579 -2.76217 -1.66979 736 -0.170498 -0.483155 
9.10626 -2.8254 1.29642 737 -0.161088 -0.00312294 
6.72719 -4.19896 0.433244 741 -0.660912 -0.121674 
8.61615 -3.10837 -1.12108 742 -0.259714 -0.405767 
8.54451 -3.14973 -0.0560757 747 -0.25929 -0.214515 
7.49302 -3.75681 0.49302 748 -0.450257 -0.118689 
9.02166 -1.62597 0.310692 751 0.0164224 -0.16399 
8.84921 -1.32728 1.80752 757 0.0661613 0.0877169 
9.23701 -1.99898 0.725578 758 -0.0299691 -0.0929948 
8.51992 -0.756939 0.408137 759 0.159599 -0.151617 
8.29274 -0.363451 -1.35134 761 0.237559 -0.520046 
7.75054 0.575679 1.75169 773 0.455809 0.130555 
8.11102 -0.0486967 -1.08378 774 0.311693 -0.478018 
7.65875 0.734657 0.495993 779 0.502808 -0.14746 
9.27207 -2.0597 -0.388348 784 -0.045772 -0.27487 
7.7677 0.545948 0.346374 797 0.450973 -0.181546 
8.5833 -0.866718 0.816146 801 0.140089 -0.0788608 
8.79364 -1.23104 1.71911 805 0.0816424 0.075543 
7.79816 0.49319 1.85753 808 0.431534 0.150938 
7.81192 0.469365 1.38832 814 0.429835 0.0474521 
8.27608 -0.334586 -0.00492856 815 0.242807 -0.23871 
7.72815 0.61446 -0.217688 816 0.476428 -0.312264 
8.79838 -1.23924 -0.076131 817 0.0743851 -0.236654 
8.9917 -1.57408 -0.263508 820 0.0215505 -0.257857 
8.44778 -0.631981 -1.44841 825 0.182212 -0.515949 
7.71438 0.638309 -0.336083 827 0.486699 -0.340293 
9.26539 -2.04812 -1.79237 829 -0.0538307 -0.507705 
8.37839 -0.511796 0.804967 830 0.210771 -0.0756889 
7.85255 0.39899 0.707979 831 0.410122 -0.101148 
9.00086 -1.58994 1.58986 834 0.0244972 0.0499361 
8.05704 0.0447927 0.347131 837 0.324953 -0.168055 
8.22434 -0.244979 -0.782358 838 0.264401 -0.399928 
8.81824 -1.27364 -0.967993 842 0.0653056 -0.39358 
9.4474 -2.36338 -1.09642 844 -0.0941071 -0.378422 
8.71228 -1.09011 -0.848161 845 0.0966424 -0.380623 
8.83929 -1.31011 1.12568 849 0.0660957 -0.0266081 
8.421 -0.585604 -0.76008 856 0.18933 -0.381167 
8.71634 -1.09715 -1.05762 862 0.0962893 -0.421103 
8.05963 0.040311 0.283874 878 0.327907 -0.187663 
8.79205 -1.22828 1.24024 880 0.079775 -0.00641574 
9.26617 -2.04948 1.18971 881 -0.0371615 -0.0188888 
8.55161 -0.811824 0.960383 887 0.153557 -0.0514425 
8.75985 -1.1725 0.775444 893 0.0926121 -0.0830247 
7.3611 1.2502 0.0561545 900 0.674306 -0.266941 
8.49526 -0.714226 0.0445874 902 0.164267 -0.218461 
9.19568 -1.92739 0.768329 913 -0.0278936 -0.086685 
7.703 0.65802 -0.183774 927 0.485235 -0.304134 
8.84897 -1.32687 1.20156 929 0.0676767 -0.0172367 
7.30009 1.35587 1.86648 930 0.683096 0.187624 
8.21418 -0.227369 1.2496 933 0.263692 0.0107424 
8.99498 -1.57975 1.82216 934 0.0274838 0.081869 
8.51325 -0.745376 -0.600431 941 0.16137 -0.344839 
8.81557 -1.26902 -1.19832 944 0.0661983 -0.438276 
8.73736 -1.13355 1.94259 946 0.0990875 0.113758 
7.78699 0.51253 1.89064 949 0.441296 0.154226 
8.23755 -0.267852 -0.0508432 959 0.257837 -0.247039 
9.40671 -2.2929 1.01021 963 -0.0725846 -0.0521451 
7.36792 1.23839 -0.614933 971 0.681561 -0.442281 
8.33271 -0.432673 -0.868744 976 0.225994 -0.412128 
7.61247 0.814808 -0.677047 978 0.541873 -0.429502 
9.36968 -2.22876 1.49865 979 -0.0590531 0.0254073 
9.47971 -2.41934 0.180696 982 -0.0958339 -0.179193 
8.14802 -0.112783 1.12075 986 0.288972 -0.016501 
8.42012 -0.584075 0.413676 987 0.190825 -0.150826 
8.18073 -0.169436 -0.844467 988 0.275775 -0.417646 
9.45187 -2.37112 -1.5872 989 -0.0981161 -0.457878 
8.99905 -1.58682 1.73484 994 0.0276687 0.0709198 
8.82589 -1.28688 1.75285 1000 0.0718747 0.0773058 
