4.32541 -5.58563 0.848861 506 0.629185 0.352466 
3.31453 -6.16926 -0.82277 507 0.186255 -0.127348 
2.55081 -6.61019 -1.05696 510 -0.097366 -0.155262 
1.01972 -7.49417 -0.323822 518 -0.582642 0.135066 
1.55304 -7.18626 -0.142317 519 -0.399425 0.163495 
4.45282 -5.51207 0.330289 528 0.656562 0.18361 
3.62183 -5.99184 -0.708902 530 0.302964 -0.10804 
1.74656 -7.07452 -0.649775 536 -0.356891 6.61871e-05 
3.84209 -5.86467 0.762035 537 0.445431 0.34941 
4.08321 -5.72546 -0.0501395 541 0.505672 0.0806441 
4.14699 -5.68864 -0.0739802 553 0.524169 0.0730663 
2.76135 -6.48864 -0.835611 556 -0.0108277 -0.10092 
2.50813 -6.63483 -1.62398 557 -0.131557 -0.328062 
0.766945 -7.64011 0.115194 558 -0.650595 0.272029 
0.990941 -7.51078 -1.55331 559 -0.635371 -0.227083 
1.77128 -7.06025 -1.32111 560 -0.371134 -0.200464 
4.17332 -5.67344 0.684667 567 0.567492 0.309469 
4.08949 -5.72184 0.309736 570 0.520504 0.195858 
1.27527 -7.34662 -0.861902 571 -0.51657 -0.0403645 
4.78434 -5.32066 -1.81187 575 0.695082 -0.516447 
2.35211 -6.72491 -1.73362 576 -0.189433 -0.353283 
2.61049 -6.57574 0.28437 581 -0.0205757 0.252341 
1.33215 -7.31379 -0.490916 582 -0.485252 0.0682887 
0.848258 -7.59316 -0.946016 591 -0.6634 -0.041903 
1.26618 -7.35187 -0.159086 592 -0.496071 0.170558 
3.5218 -6.04959 -1.73721 596 0.225443 -0.422018 
2.00616 -6.92464 -1.64027 600 -0.303643 -0.306159 
2.48133 -6.65031 0.492331 604 -0.0588011 0.316421 
2.61487 -6.57321 0.0112596 607 -0.0281344 0.166031 
2.89706 -6.41029 -1.2274 611 0.0213497 -0.226316 
2.4848 -6.64831 0.119285 615 -0.0711463 0.203306 
2.90013 -6.40851 0.80747 626 0.102258 0.398422 
2.77919 -6.47834 -1.67587 627 -0.0365362 -0.363496 
3.2896 -6.18365 -0.831285 632 0.176162 -0.124438 
0.695133 -7.68157 0.336635 637 -0.663492 0.338695 
3.83992 -5.86592 -0.579006 640 0.38823 -0.0719311 
2.18105 -6.82367 0.572736 650 -0.156059 0.350804 
2.35902 -6.72093 0.562621 651 -0.0969441 0.343294 
3.74064 -5.92325 -1.9671 654 0.291875 -0.504797 
1.77898 -7.05581 0.424263 655 -0.300969 0.324387 
1.12851 -7.43136 0.338853 661 -0.523098 0.32243 
4.05549 -5.74146 -0.254187 669 0.482916 0.0134458 
2.3244 -6.74091 -0.546464 673 -0.153786 0.00689575 
3.62073 -5.99248 0.99023 683 0.371806 0.424574 
1.16029 -7.41301 -1.93088 690 -0.598999 -0.347498 
4.226 -5.64302 0.28797 691 0.569324 0.180638 
1.43203 -7.25612 -1.20582 693 -0.48219 -0.154587 
3.83179 -5.87062 1.26855 694 0.461004 0.50999 
0.676712 -7.6922 0.794688 695 -0.648742 0.470325 
2.99296 -6.35491 0.665465 696 0.136173 0.347136 
0.735422 -7.65831 -0.141939 702 -0.667369 0.199118 
4.30182 -5.59925 -1.21577 708 0.535324 -0.30021 
2.02484 -6.91386 0.215523 713 -0.227987 0.255188 
2.26921 -6.77278 -0.294944 715 -0.164087 0.0846702 
1.12928 -7.43091 0.660268 716 -0.507467 0.418383 
1.34298 -7.30754 -1.15975 722 -0.507914 -0.131719 
4.48631 -5.49273 -1.46496 723 0.596033 -0.390213 
3.52361 -6.04855 -0.447866 727 0.282448 -0.0182654 
4.48121 -5.49568 0.424736 739 0.674061 0.209233 
3.90444 -5.82868 0.777906 744 0.467169 0.352762 
2.78119 -6.47718 -1.18276 749 -0.016696 -0.209963 
