-1.97014 0.361326 7 3 0.32779 0.0638845 
-2.93389 0.906698 7 9 0.0783619 0.23944 
-2.14837 -1.21575 7 10 0.220341 -0.364924 
-4.80195 0.41523 7 21 -0.303937 0.14266 
-3.28746 -0.347612 7 22 -0.0326168 -0.0760539 
-5.92999 -1.73451 7 23 -0.477912 -0.242782 
-5.37012 0.037908 7 24 -0.393551 0.0738278 
-5.21106 1.44812 7 29 -0.358942 0.372551 
-5.40598 0.152698 7 30 -0.397867 0.0978993 
-2.84657 -0.836733 7 31 0.0553304 -0.21874 
-3.76175 1.7333 7 32 -0.0930144 0.45845 
-2.21352 -0.0799941 7 33 0.239728 -0.0542083 
-5.875 -0.508694 7 36 -0.465311 -0.0206431 
-4.02466 -0.174699 7 39 -0.176827 -0.00765128 
-3.22548 0.288125 7 40 -0.00543983 0.0802803 
-5.59816 -0.619665 7 42 -0.429475 -0.050068 
-3.26615 1.27581 7 43 0.00756585 0.34117 
-6.33365 0.109205 7 44 -0.51998 0.106033 
-2.70348 -0.732172 7 47 0.0919923 -0.201311 
-6.25916 0.145289 7 48 -0.510779 0.111588 
-7 1.61955 6.53315 73 -0.68587 0.420365 
