1.69792 -0.977731 -7 104 0.177597 -0.292717 
5.64257 -0.481715 -7 109 -0.681267 -0.199006 
2.26927 0.767181 -7 111 -0.0502712 0.20234 
2.74139 -0.240151 -7 113 -0.13277 -0.0971857 
4.50714 -1.04124 -7 119 -0.475428 -0.316322 
2.98659 0.138239 -7 123 -0.204968 -0.00172816 
0.474792 -0.485198 -7 124 0.579459 -0.118125 
4.46367 -0.542201 -7 125 -0.484245 -0.2004 
3.77354 -0.887468 -7 133 -0.339834 -0.277589 
1.03314 -1.58354 -7 136 0.416032 -0.482739 
3.34213 1.4046 -7 137 -0.33065 0.317806 
0.97797 0.750031 -7 138 0.343187 0.275019 
4.29646 -0.0380129 -7 139 -0.470639 -0.079209 
4.8725 1.3091 -7 142 -0.617559 0.217192 
1.9715 1.13953 -7 144 0.0167305 0.32967 
1.45576 0.553777 -7 145 0.192852 0.182217 
