4.31342 6.52894 -1.60055 753 444.079 103.235 
3.95041 7.15768 -0.115486 754 524.126 260.366 
5.20903 4.97769 -0.50044 755 252.324 239.651 
4.31954 6.51834 0.440036 760 458.527 328.73 
3.65369 7.67162 -0.409443 763 573.687 224.473 
3.63308 7.70731 -0.253667 767 581.496 242.036 
4.46197 6.27165 0.273057 769 428.417 313.002 
4.61126 6.01306 1.59096 770 409.197 467.317 
3.94821 7.16151 -0.305332 771 521.931 239.588 
5.03444 5.28009 -1.71136 772 285.455 87.4034 
5.86576 3.8402 -1.56683 775 65.1379 107.85 
4.57465 6.07647 -0.980151 777 395.027 172.488 
5.7277 4.07932 -1.90892 781 100.636 63.8828 
5.84347 3.87882 -1.54309 787 71.6629 112.742 
4.09862 6.90098 -0.651429 789 493.02 204.373 
3.94393 7.16891 1.20445 790 535.128 398.812 
5.18216 5.02423 -0.915456 795 254.82 188.437 
5.95878 3.67909 -1.91848 799 31.0213 57.1752 
4.59582 6.03981 -1.8766 800 383.13 70.6478 
4.05686 6.97332 -1.81735 802 492.444 79.7493 
3.73411 7.53233 -1.49404 804 554.107 112.638 
4.51996 6.17121 -1.82406 806 399.765 77.974 
3.68413 7.6189 -0.207288 807 570.94 247.233 
5.10188 5.16328 -1.16456 819 272.3 155.101 
5.52148 4.43652 -0.0547931 822 175.033 302.711 
3.75485 7.49641 -1.09591 823 552.222 154.223 
5.5405 4.40357 -1.44396 835 157.685 123.438 
3.57856 7.80176 -0.875216 840 585.428 175.398 
4.15625 6.80116 -0.0422045 847 488.294 271.707 
4.99376 5.35056 -0.727822 848 303.704 208.439 
3.4808 7.97107 -1.62753 851 595.148 100.133 
3.61746 7.73437 -1.94874 852 570.967 69.182 
3.59494 7.77338 0.739111 854 592.865 341.256 
5.62913 4.25005 -0.845981 855 140.281 202.506 
3.63106 7.71081 -1.67758 859 570.643 94.4589 
3.27878 8.32099 -1.03834 860 632.737 158.877 
4.56207 6.09827 -1.67131 861 392.251 95.0266 
5.34442 4.7432 -0.804129 863 216.908 204.435 
4.3546 6.4576 0.374594 864 450.995 322.686 
4.06751 6.95487 -1.6458 865 491.568 97.9493 
3.50474 7.92962 1.97827 867 614.297 461.674 
4.94977 5.42675 -0.328941 868 314.91 256.332 
3.62176 7.72692 0.659348 870 589.179 334.542 
5.87176 3.82982 -1.86513 873 58.6451 65.2748 
4.41808 6.34766 -1.43643 876 424.561 120.814 
5.30638 4.80908 -0.846641 879 225.2 196.805 
4.56699 6.08973 -1.84141 883 390.336 75.4515 
4.79043 5.70272 0.841803 884 362.494 388.963 
5.48992 4.49117 1.01765 885 195.584 437.017 
3.47475 7.98155 1.30736 888 616.933 395.043 
3.96207 7.13749 -0.131759 891 522.462 257.76 
4.38822 6.39938 -1.26668 892 429.696 139.481 
5.33186 4.76494 0.690372 894 234.167 387.559 
5.88934 3.79937 -0.91473 896 66.0033 196.326 
5.07479 5.21021 -0.592079 897 286.352 225.04 
3.79506 7.42677 -1.15471 899 546.733 149.469 
4.24153 6.65346 -1.08896 903 462.995 157.359 
4.97651 5.38043 -1.78963 905 298.759 77.6377 
5.14042 5.09654 0.266927 906 276.433 331.924 
4.61439 6.00765 -1.15812 909 384.572 153.462 
4.70431 5.85189 0.465414 910 376.717 341.123 
6.05282 3.51621 -1.75001 911 4.74034 81.0297 
4.24347 6.65009 0.760465 912 475.154 363.619 
3.62319 7.72445 -0.430218 916 580.402 222.275 
3.37491 8.15449 -1.18787 917 617.041 143.341 
3.88292 7.27458 0.732852 918 540.183 347.64 
4.81756 5.65573 0.693441 919 354.65 370.375 
3.5513 7.84897 1.93783 920 606.925 459.856 
4.74735 5.77734 -1.4318 921 354.347 120.993 
3.89561 7.2526 -0.984565 922 528.881 168.163 
3.45706 8.01219 0.602811 925 613.301 325.253 
5.93483 3.72057 -1.99581 926 37.5486 48.8624 
4.92972 5.46147 0.685045 928 331.991 374.012 
4.89688 5.51835 -1.08993 939 323.696 163.361 
4.93218 5.45722 -0.369873 940 318.29 249.306 
3.59191 7.77864 1.36064 942 595.316 402.335 
5.5287 4.42402 0.271974 943 179.113 343.019 
5.34394 4.74403 -0.45553 947 222.061 246.311 
5.85587 3.85734 -1.13495 948 70.1902 167.212 
5.80798 3.94029 0.203205 953 99.0107 343.003 
3.89811 7.24827 1.30532 954 545.055 407.514 
4.95506 5.41758 -0.74361 957 312.542 206.7 
6.10007 3.43436 0.816237 960 20.175 440.38 
5.615 4.27453 -0.380425 961 148.323 262.153 
5.29086 4.83597 -1.98418 962 217.884 55.3664 
5.54904 4.38878 0.419383 964 174.755 362.225 
4.28105 6.58501 -0.348295 969 460.103 240.72 
5.19076 5.00935 -1.7233 970 246.787 87.6448 
5.51039 4.45573 1.34352 972 194.954 479.268 
4.4012 6.3769 -1.37641 973 424.995 127.073 
4.30329 6.54648 1.81023 975 472.142 476.915 
4.12313 6.85854 -0.122495 977 493.358 262.359 
4.93575 5.45104 -0.7803 984 316.081 199.56 
5.51818 4.44223 -1.47775 990 163.086 119.199 
5.75493 4.03217 1.14041 991 125.226 465.273 
4.40456 6.37107 0.274064 992 438.737 311.408 
5.53617 4.41107 -1.97751 993 153.536 54.9524 
5.97808 3.64567 0.0489525 995 47.2608 329.501 
4.26624 6.61065 0.689474 996 472.886 353.761 
4.40907 6.36327 1.15293 997 445.641 408.999 
4.63799 5.96676 0.669191 998 395.948 362.949 
