-4.80195 0.41523 7 21 451.755 308.676 
-3.28746 -0.347612 7 22 613.039 228.831 
-5.92999 -1.73451 7 23 358.681 126.659 
-5.37012 0.037908 7 24 405.3 271.95 
-5.21106 1.44812 7 29 424.903 397.742 
-5.40598 0.152698 7 30 403.379 281.88 
-3.76175 1.7333 7 32 565.021 464.92 
-5.875 -0.508694 7 36 368.588 226.509 
-4.02466 -0.174699 7 39 522.664 251.568 
-3.22548 0.288125 7 40 626.39 307.785 
-5.59816 -0.619665 7 42 385.87 215.775 
-3.26615 1.27581 7 43 627.307 428.833 
-6.33365 0.109205 7 44 344.777 276.152 
-6.25916 0.145289 7 48 349.152 279.098 
-7 -0.503339 4.01391 52 73.5866 245.976 
-7 -0.64261 4.44771 54 119.189 229.407 
-7 0.78654 5.75191 68 237.92 341.948 
-7 -0.100249 4.19611 69 96.9633 285.624 
-7 -0.527577 4.46053 71 121.309 240.604 
-7 -0.14175 5.47309 72 212.179 268.215 
-7 1.61955 6.53315 73 292.025 391.629 
-7 0.883221 6.2108 82 268.826 341.897 
-7 1.46933 5.82185 93 246.615 395.967 
-7 -0.576654 5.65743 96 223.308 230.456 
