-1.97014 0.361326 7 3 -0.0038818 0.156722 
-2.93389 0.906698 7 9 -0.270198 0.274027 
-2.14837 -1.21575 7 10 -0.00745921 -0.303949 
-0.578608 0.00250695 7 11 0.458639 0.0938926 
-0.39693 -1.00404 7 12 0.552446 -0.244752 
-4.80195 0.41523 7 21 -0.635822 0.0847858 
-3.28746 -0.347612 7 22 -0.312947 -0.0743914 
-2.84657 -0.836733 7 31 -0.196415 -0.199531 
-3.76175 1.7333 7 32 -0.479824 0.455817 
-2.21352 -0.0799941 7 33 -0.0579749 0.0192197 
-4.02466 -0.174699 7 39 -0.472886 -0.0415838 
-3.22548 0.288125 7 40 -0.318486 0.0946231 
-3.26615 1.27581 7 43 -0.358502 0.359788 
-2.70348 -0.732172 7 47 -0.164768 -0.170683 
