-1.97014 0.361326 7 3 447.846 270.84 
-2.93389 0.906698 7 9 332.535 348.454 
-2.14837 -1.21575 7 10 405.459 72.2555 
-4.80195 0.41523 7 21 158.589 299.46 
-3.28746 -0.347612 7 22 286.253 201.737 
-5.92999 -1.73451 7 23 82.6857 117.604 
-5.37012 0.037908 7 24 117.958 266.405 
-5.21106 1.44812 7 29 130.201 405.363 
-5.40598 0.152698 7 30 115.649 277.54 
-2.84657 -0.836733 7 31 328.382 137.096 
-3.76175 1.7333 7 32 251.42 447.429 
-2.21352 -0.0799941 7 33 409.809 215.547 
-5.875 -0.508694 7 36 85.7783 221.485 
-4.02466 -0.174699 7 39 219.174 231.415 
-3.22548 0.288125 7 40 296.544 274.249 
-5.59816 -0.619665 7 42 102.832 208.267 
-3.26615 1.27581 7 43 298.919 394.456 
-6.33365 0.109205 7 44 58.7115 279.811 
-2.70348 -0.732172 7 47 344.847 145.701 
-6.25916 0.145289 7 48 62.9352 282.513 
