-7 0.21307 2.3409 51 -0.041154 -0.013901 
-7 -0.503339 4.01391 52 0.304943 -0.155486 
-7 -0.64261 4.44771 54 0.383422 -0.178233 
-7 -0.441068 2.32778 56 -0.0378392 -0.167673 
-7 1.81819 2.50338 57 -0.0206757 0.346463 
-7 1.50288 1.91462 59 -0.150265 0.285981 
-7 -1.45394 1.58819 66 -0.207764 -0.439433 
-7 0.78654 5.75191 68 0.568189 0.108669 
-7 -0.100249 4.19611 69 0.331985 -0.0689299 
-7 -1.07602 2.04225 70 -0.0984 -0.328178 
-7 -0.527577 4.46053 71 0.383967 -0.154277 
-7 -0.14175 5.47309 72 0.541192 -0.066683 
-7 1.61955 6.53315 73 0.663824 0.252612 
-7 -1.87164 2.51938 75 0.0200885 -0.507399 
-7 1.51818 2.67054 81 0.0179077 0.278263 
-7 0.883221 6.2108 82 0.631781 0.125025 
-7 -1.9255 2.82609 83 0.0882878 -0.507892 
-7 -0.72299 3.2493 84 0.162005 -0.216125 
-7 1.48523 2.57162 86 -0.00280989 0.272433 
-7 -0.166603 0.216342 87 -0.602447 -0.133042 
-7 1.20864 2.59145 88 0.00416281 0.211236 
-7 1.46933 5.82185 93 0.567825 0.232804 
-7 -0.576654 5.65743 96 0.575669 -0.14829 
-7 -1.0576 1.73598 99 -0.173357 -0.332651 
