-7 0.21307 2.3409 51 0.278729 0.313034 
-7 -0.503339 4.01391 52 0.627876 0.134867 
-7 -0.29883 -1.326 55 -0.682387 0.199419 
-7 -0.441068 2.32778 56 0.268781 0.152002 
-7 -1.45394 1.58819 66 0.092273 -0.0888672 
-7 -0.100249 4.19611 69 0.673329 0.226605 
-7 -1.07602 2.04225 70 0.198368 0.00117322 
-7 -1.87164 2.51938 75 0.295881 -0.175464 
-7 -1.9255 2.82609 83 0.360133 -0.184346 
-7 -0.72299 3.2493 84 0.466233 0.0850985 
-7 -0.166603 0.216342 87 -0.249081 0.228443 
-7 0.312724 -0.335245 92 -0.405561 0.363607 
-7 -1.0576 1.73598 99 0.128429 0.00448758 
