5.64257 -0.481715 -7 109 -0.190773 -0.280688 
2.26927 0.767181 -7 111 0.473674 0.100395 
2.74139 -0.240151 -7 113 0.378996 -0.203234 
6.30632 -1.54879 -7 115 -0.263883 -0.486018 
4.50714 -1.04124 -7 119 -0.000963176 -0.407735 
2.98659 0.138239 -7 123 0.2964 -0.104498 
4.46367 -0.542201 -7 125 -0.00418563 -0.291986 
6.6867 0.183154 -7 127 -0.325233 -0.16548 
3.77354 -0.887468 -7 133 0.142515 -0.379145 
6.08103 -0.977971 -7 134 -0.242246 -0.377157 
3.34213 1.4046 -7 137 0.168497 0.191817 
4.29646 -0.0380129 -7 139 0.0149616 -0.175762 
6.59087 -1.1778 -7 141 -0.30183 -0.41038 
4.8725 1.3091 -7 142 -0.107447 0.0893696 
6.26277 1.2623 -7 143 -0.288463 0.0291242 
1.9715 1.13953 -7 144 0.550842 0.228464 
7 -0.863938 -6.09367 166 -0.502303 -0.389072 
7 0.831841 -5.58946 182 -0.611211 -0.0580778 
7 1.69172 -5.79597 183 -0.57045 0.103871 
7 0.781169 -6.98961 200 -0.364167 -0.0703264 
