7 -0.0623122 -3.31422 152 0.152349 0.0283342 
7 0.36994 -1.65205 155 -0.219515 0.126421 
7 -1.59791 -6.35011 157 0.647861 -0.235712 
7 0.947338 -0.351981 158 -0.588247 0.289342 
7 1.75895 -5.06184 159 0.460776 0.39619 
7 0.343459 -2.54532 160 -0.00930554 0.118341 
7 -0.647617 -0.188366 161 -0.620978 -0.150045 
7 1.08732 -1.94397 162 -0.151989 0.300672 
7 0.863395 -4.44339 163 0.358582 0.222257 
7 -0.724268 -3.10497 165 0.112525 -0.118271 
7 -0.863938 -6.09367 166 0.613565 -0.107685 
7 1.33843 -4.95324 172 0.443339 0.313424 
7 0.759759 -5.08223 173 0.464069 0.196885 
7 -0.518283 -3.0968 179 0.110243 -0.0732215 
7 0.741437 -4.00824 180 0.281931 0.200022 
7 -0.563655 -4.89557 181 0.434469 -0.0637283 
7 0.831841 -5.58946 182 0.542176 0.207706 
7 1.69172 -5.79597 183 0.57333 0.370418 
7 -0.443496 -0.586995 184 -0.502213 -0.0881113 
7 -1.20096 -0.713027 185 -0.458311 -0.28323 
7 -0.746732 -0.782938 186 -0.442684 -0.164 
7 0.0865561 -4.29161 189 0.333108 0.0630092 
7 -1.97934 -4.46413 190 0.364488 -0.349397 
7 -1.56385 -0.742436 193 -0.44656 -0.375424 
7 1.83558 -1.14915 198 -0.363032 0.510473 
