5.64257 -0.481715 -7 109 227.925 106.706 
2.26927 0.767181 -7 111 532.059 282.367 
2.74139 -0.240151 -7 113 489.418 142.687 
6.30632 -1.54879 -7 115 194.61 11.7732 
4.50714 -1.04124 -7 119 315.526 48.1906 
2.98659 0.138239 -7 123 451.379 188.122 
4.46367 -0.542201 -7 125 313.816 101.6 
6.6867 0.183154 -7 127 165.729 159.869 
3.77354 -0.887468 -7 133 381.385 61.5016 
6.08103 -0.977971 -7 134 204.385 62.1057 
3.34213 1.4046 -7 137 392.13 324.584 
4.29646 -0.0380129 -7 139 322.387 155.222 
6.59087 -1.1778 -7 141 176.969 46.6995 
4.8725 1.3091 -7 142 265.583 277.509 
6.26277 1.2623 -7 143 182.333 249.759 
1.9715 1.13953 -7 144 567.03 341.184 
7 -0.863938 -6.09367 166 83.878 55.6055 
7 0.831841 -5.58946 182 32.634 208.334 
7 1.69172 -5.79597 183 51.3816 283.492 
7 0.781169 -6.98961 200 147.592 203.822 
