-1.69835 7.10236 -1.49702 1 0.6445 -0.415487 
1.50492 8.95177 -1.01173 5 -0.186183 -0.0254905 
-0.0798114 8.03682 -1.36918 7 0.112275 -0.196081 
2.56137 9.56171 -1.26435 9 -0.342393 -0.0303657 
-1.18389 7.39938 -0.935763 10 0.472571 -0.179789 
-0.178643 7.97976 0.508014 11 0.222652 0.26311 
0.882168 8.59222 -0.707979 12 -0.0729012 0.00705909 
0.899845 8.60243 -1.45278 14 -0.0991448 -0.148538 
-0.882633 7.57332 -1.15265 15 0.352846 -0.21204 
0.308716 8.26114 -0.602419 18 0.0563028 0.00536258 
-0.834292 7.60122 -0.745649 20 0.361588 -0.0941666 
1.53151 8.96712 0.925447 27 -0.138857 0.358178 
1.89409 9.17646 -0.898766 30 -0.243876 0.008003 
1.20489 8.77855 1.35968 34 -0.0641657 0.45873 
0.643979 8.45471 0.172026 37 0.00683286 0.193144 
1.0009 8.66077 1.01151 39 -0.0398743 0.38215 
1.35417 8.86473 -1.19204 41 -0.172027 -0.07104 
2.2299 9.37034 -1.63427 48 -0.310806 -0.111233 
-0.421209 7.83972 -1.17149 54 0.214034 -0.176075 
-1.24468 7.36429 0.57792 55 0.581044 0.275027 
-0.449959 7.82312 -0.349133 56 0.254933 0.0333326 
1.11916 8.72905 0.11871 59 -0.0875155 0.189266 
2.502 9.52743 1.21213 60 -0.281012 0.40126 
0.976565 8.64672 0.659001 63 -0.0442308 0.302133 
2.48091 9.51526 -1.52748 64 -0.343942 -0.0739807 
-1.42581 7.25971 0.982136 67 0.690707 0.408657 
1.84359 9.1473 -0.734752 70 -0.235568 0.0377098 
2.0992 9.29488 1.12901 72 -0.222656 0.391745 
2.43447 9.48845 -1.27169 74 -0.329288 -0.0357221 
0.772201 8.52873 0.816256 76 0.00425224 0.340428 
2.20527 9.35612 0.861552 89 -0.246846 0.338426 
0.17216 8.1823 0.981234 106 0.145319 0.382719 
-1.22592 7.37512 0.548265 107 0.577682 0.2695 
-0.30588 7.9063 0.0837691 108 0.234024 0.153033 
1.53832 8.97105 -0.336704 110 -0.1748 0.103822 
-0.383025 7.86176 0.22409 112 0.267001 0.190981 
1.39446 8.888 1.03195 114 -0.114283 0.381547 
-0.803108 7.61923 -0.814071 117 0.344372 -0.112398 
-0.964105 7.52628 0.885878 120 0.492168 0.365922 
1.68572 9.05615 0.970133 121 -0.165117 0.367412 
0.0926466 8.13639 -1.10015 128 0.0793407 -0.119998 
-1.20685 7.38613 1.22507 129 0.607531 0.48114 
1.04442 8.6859 0.452906 133 -0.0601233 0.260945 
-1.33285 7.31338 0.696058 135 0.635492 0.313389 
-0.621084 7.72432 1.104 141 0.384092 0.427356 
2.0713 9.27877 -0.869126 143 -0.270318 0.0220901 
2.40916 9.47383 1.43867 146 -0.265035 0.448416 
-0.582336 7.74669 0.181318 147 0.322433 0.167881 
-0.447254 7.82468 0.726916 148 0.312951 0.323764 
-1.07075 7.46471 -0.23607 149 0.468441 0.0338543 
-0.106953 8.02115 -0.188349 150 0.16827 0.0840442 
2.34296 9.43561 0.313575 151 -0.278477 0.239935 
1.8128 9.12952 -1.61907 155 -0.251796 -0.127389 
-1.34908 7.30401 -1.57982 156 0.496322 -0.382936 
1.66029 9.04147 -0.791988 162 -0.210544 0.0210844 
1.18573 8.76749 -1.30616 163 -0.145671 -0.0964632 
-0.717429 7.6687 0.357392 164 0.379019 0.220536 
0.0695622 8.12307 1.38063 169 0.192154 0.485542 
0.827608 8.56072 -0.196826 177 -0.0429186 0.114268 
0.817645 8.55497 1.17423 181 0.00186351 0.417566 
-1.43641 7.25359 -1.07042 183 0.559995 -0.245279 
-0.0741699 8.04008 -1.61407 185 0.103797 -0.253867 
-0.509556 7.78871 -1.73933 187 0.209743 -0.328479 
1.11154 8.72465 -0.22035 188 -0.0984162 0.118061 
-1.12203 7.4351 -0.763709 191 0.455425 -0.123824 
-0.560641 7.75922 -0.484044 192 0.280371 -0.00720773 
-1.58921 7.16537 -1.2695 193 0.6122 -0.326817 
1.01143 8.66685 -1.03298 194 -0.108157 -0.0519599 
-1.18082 7.40116 -1.11678 196 0.458633 -0.230403 
1.63059 9.02433 -0.54542 202 -0.195849 0.0663674 
-1.65507 7.12735 -1.39271 204 0.632276 -0.373848 
0.530427 8.38915 0.212413 206 0.0346193 0.199951 
-0.0829147 8.03503 0.967789 213 0.214013 0.377715 
-1.32904 7.31558 0.826885 214 0.637031 0.357959 
0.498224 8.37055 -0.257251 218 0.0184798 0.0902427 
-1.18272 7.40006 -0.335728 222 0.506216 0.00201803 
-1.58155 7.1698 -0.998108 227 0.625813 -0.242143 
0.842776 8.56948 1.16326 230 0.0038766 0.419515 
2.3848 9.45977 -0.140995 231 -0.296504 0.16065 
1.20088 8.77623 0.396294 235 -0.0964871 0.248417 
-0.177513 7.98042 -1.74127 236 0.124237 -0.294203 
-0.477256 7.80736 0.692004 238 0.319961 0.306915 
2.1672 9.33414 0.137181 241 -0.259614 0.205106 
2.5324 9.54499 -0.521146 243 -0.325172 0.0943771 
0.34969 8.2848 -0.208161 246 0.0601409 0.0993484 
2.29158 9.40595 0.467399 249 -0.266589 0.268104 
2.79672 9.15593 1.45335 762 -0.353781 0.485645 
3.17581 8.49933 -0.450529 776 -0.546209 0.142799 
2.96438 8.86554 -0.466828 778 -0.460212 0.124229 
2.91765 8.94648 -1.66232 783 -0.470073 -0.103219 
2.7584 9.22231 -0.310632 792 -0.381396 0.143461 
2.74211 9.25053 -1.73828 813 -0.410723 -0.117881 
2.75988 9.21974 0.955628 841 -0.355429 0.378776 
3.12713 8.58365 0.949699 846 -0.492226 0.435706 
3.11682 8.6015 1.29664 853 -0.472842 0.506708 
3.21408 8.43306 1.15774 858 -0.523346 0.496457 
3.27878 8.32099 -1.03834 860 -0.605125 0.017734 
2.83011 9.0981 -0.827008 869 -0.419248 0.0473959 
2.74336 9.24836 0.533191 877 -0.361386 0.299321 
3.15471 8.53588 -0.806247 915 -0.540183 0.0632565 
3.37491 8.15449 -1.18787 917 -0.652111 -0.0147399 
3.15548 8.53455 -1.95746 923 -0.574691 -0.170003 
2.665 9.38408 0.586617 924 -0.334196 0.300847 
3.45706 8.01219 0.602811 925 -0.651648 0.407927 
3.20202 8.45395 0.188458 931 -0.537566 0.278737 
2.78152 9.18227 -1.96749 936 -0.434772 -0.159491 
3.02515 8.76029 0.646829 955 -0.456246 0.354748 
2.99518 8.81219 -1.02389 956 -0.487626 0.0192908 
2.88729 8.99907 -0.922446 958 -0.445145 0.0380094 
2.80084 9.14881 -0.0563065 974 -0.391506 0.197039 
2.74799 9.24035 0.800252 981 -0.358065 0.350387 
