7.15996 -3.9491 0.231069 501 244.556 191.964 
7.75999 -3.60267 0.808332 502 300.2 233.931 
9.29836 -2.71449 1.94602 503 400.665 289.611 
9.54954 -2.56948 1.62614 504 410.365 262.143 
9.1254 -2.81435 -0.972402 505 386.328 81.4833 
8.36902 -3.25105 -1.59632 512 332.976 24.664 
7.62157 -3.68259 0.309022 516 283.245 193.577 
5.54127 -4.88365 0.584966 517 54.3282 255.752 
7.24861 -3.89792 -1.1423 520 240.495 57.2958 
9.51565 -2.58904 1.12107 521 409.34 232.464 
5.3746 -4.97988 1.7937 525 52.7059 395.777 
8.29682 -3.29273 -0.961132 526 331.88 81.0528 
7.67594 -3.6512 1.18816 529 293.761 265.132 
9.28962 -2.71954 -1.63781 531 391.726 29.8667 
5.78814 -4.74112 0.731293 533 92.9773 265.402 
7.01301 -4.03394 -0.97463 534 219.526 74.6047 
7.77252 -3.59544 -0.54676 544 292.438 114.283 
8.80092 -3.00169 1.19755 545 369.377 246.757 
5.8167 -4.72463 -0.692834 547 71.2557 99.3697 
5.94865 -4.64845 -0.108768 552 101.705 169.472 
5.60572 -4.84644 -1.12497 564 24.5372 41.9497 
8.06725 -3.42528 1.6113 573 323.635 289.278 
7.62174 -3.68249 1.0201 577 286.175 253.555 
5.79079 -4.73959 0.326224 579 85.0737 221.479 
6.08574 -4.5693 -0.422393 587 114.013 132.213 
5.95338 -4.64572 1.4698 588 126.003 338.288 
6.59806 -4.27351 1.37278 589 196.964 306.565 
8.43181 -3.2148 -0.531218 590 337.703 117.993 
7.71485 -3.62873 -1.31027 594 282.752 43.0818 
5.81744 -4.72421 1.86454 597 115.362 381.196 
8.52047 -3.16361 0.124086 605 349.169 170.681 
8.21821 -3.33812 0.87683 609 329.652 231.07 
8.95105 -2.91501 -0.0284258 613 376.952 155.667 
8.58134 -3.12847 1.5153 614 356.845 271.705 
5.91431 -4.66828 0.963849 617 113.49 285.214 
7.88394 -3.53111 -1.51631 618 294.706 26.6512 
8.24406 -3.3232 1.57934 624 334.488 284.1 
8.74387 -3.03463 -1.74637 631 358.9 15.3055 
8.37201 -3.24932 -1.42691 633 333.428 39.9285 
7.92744 -3.50599 0.853241 634 310.482 233.196 
7.04767 -4.01393 1.30024 635 243.469 287.37 
5.60109 -4.84911 1.5746 636 79.3218 360.964 
6.13888 -4.53862 1.31542 644 148.913 314.789 
6.14497 -4.53511 -1.1835 648 109.412 42.0076 
7.74644 -3.6105 0.0375105 649 293.775 168.093 
7.0982 -3.98476 0.68195 653 241.359 232.581 
7.02559 -4.02668 0.448994 659 232.639 213.058 
8.5643 -3.13831 0.571234 665 352.132 205.027 
8.78782 -3.00925 1.27741 666 370.173 253.037 
6.55913 -4.29599 -1.18896 667 164.729 45.1421 
8.98332 -2.89638 -0.0875092 671 378.681 151.264 
6.39838 -4.3888 1.60708 675 180.57 335.948 
9.50215 -2.59683 -1.80067 679 405.026 20.2977 
8.96859 -2.90489 1.45636 680 381.033 262.766 
9.51544 -2.58916 0.00507541 681 406.301 153.704 
8.52145 -3.16304 1.28747 684 351.733 258.645 
5.70419 -4.78959 -0.684915 686 55.1611 102.253 
7.92479 -3.50752 1.32245 688 312.922 271.964 
8.15199 -3.37635 -0.280505 689 323.588 140.06 
8.26763 -3.30959 0.733282 692 334.196 219.878 
5.39876 -4.96593 1.88504 697 58.6466 402.667 
8.01947 -3.45286 0.702216 699 316.586 220.694 
7.30395 -3.86597 1.05537 703 260.747 260.738 
6.39348 -4.39163 0.914159 705 169.801 267.937 
7.22497 -3.91156 0.961317 706 255.315 254.685 
5.49777 -4.90876 0.072566 709 35.9776 197.698 
6.01108 -4.6124 1.08959 711 128.08 298.393 
8.16644 -3.36801 1.19775 712 329.514 257.329 
8.51548 -3.16649 1.61138 714 351.23 281.234 
5.45807 -4.93168 0.702726 724 43.1058 272.327 
6.58729 -4.27973 1.46929 725 198.629 315.838 
9.11375 -2.82108 -0.331225 726 386.01 133.548 
7.50171 -3.75179 -1.28329 731 264.18 45.6979 
7.13639 -3.96271 -0.718485 732 233.353 98.5322 
6.09889 -4.56171 1.10908 735 139.548 295.947 
9.21579 -2.76217 -1.66979 736 388.64 28.3443 
9.10626 -2.8254 1.29642 737 387.523 249.943 
6.72719 -4.19896 0.433244 741 202.627 216.546 
8.61615 -3.10837 -1.12108 742 351.429 66.1335 
5.33057 -5.0053 -0.178382 743 2.07551 167.781 
8.54451 -3.14973 -0.0560757 747 350.751 156.065 
7.49302 -3.75681 0.49302 748 275.719 209.921 
9.02166 -1.62597 0.310692 751 476.77 178.868 
8.84921 -1.32728 1.80752 757 499.441 295.346 
9.23701 -1.99898 0.725578 758 449.655 208.488 
8.51992 -0.756939 0.408137 759 558.647 188.963 
8.29274 -0.363451 -1.35134 761 615.831 5.67431 
9.27207 -2.0597 -0.388348 784 445.49 124.944 
8.5833 -0.866718 0.816146 801 545.78 223.739 
8.79364 -1.23104 1.71911 805 508.651 291.969 
8.27608 -0.334586 -0.00492856 815 609.901 149.88 
8.79838 -1.23924 -0.076131 817 512.017 147.15 
8.9917 -1.57408 -0.263508 820 482.637 130.514 
8.44778 -0.631981 -1.44841 825 583.441 5.35612 
9.26539 -2.04812 -1.79237 829 445.511 12.8532 
8.37839 -0.511796 0.804967 830 582.796 225.637 
9.00086 -1.58994 1.58986 834 479.211 275.398 
8.22434 -0.244979 -0.782358 838 628.228 68.0923 
8.81824 -1.27364 -0.967993 842 508.881 66.7811 
9.4474 -2.36338 -1.09642 844 423.399 73.3472 
8.71228 -1.09011 -0.848161 845 529.28 75.3874 
8.83929 -1.31011 1.12568 849 500.983 243.615 
8.421 -0.585604 -0.76008 856 584.309 75.8718 
8.71634 -1.09715 -1.05762 862 527.557 54.8746 
8.79205 -1.22828 1.24024 880 510.525 253.593 
9.26617 -2.04948 1.18971 881 444.624 240.391 
8.55161 -0.811824 0.960383 887 550.436 237.634 
8.75985 -1.1725 0.775444 893 514.06 218.072 
8.49526 -0.714226 0.0445874 902 565.13 156.766 
9.19568 -1.92739 0.768329 913 453.693 212.64 
8.84897 -1.32687 1.20156 929 500.921 249.944 
8.21418 -0.227369 1.2496 933 613.668 272.657 
8.99498 -1.57975 1.82216 934 478.281 292.817 
8.51325 -0.745376 -0.600431 941 563.347 94.0261 
8.81557 -1.26902 -1.19832 944 511.202 47.3791 
8.73736 -1.13355 1.94259 946 516.694 310.232 
8.23755 -0.267852 -0.0508432 959 617.193 145.536 
9.40671 -2.2929 1.01021 963 428.583 226.344 
8.33271 -0.432673 -0.868744 976 602.445 61.3635 
9.36968 -2.22876 1.49865 979 431.906 258.772 
9.47971 -2.41934 0.180696 982 418.227 167.529 
8.14802 -0.112783 1.12075 986 628.367 262.495 
8.42012 -0.584075 0.413676 987 578.688 191.861 
8.18073 -0.169436 -0.844467 988 639.148 58.5766 
9.45187 -2.37112 -1.5872 989 420.068 33.5949 
8.99905 -1.58682 1.73484 994 477.147 287.724 
8.82589 -1.28688 1.75285 1000 504.521 292.737 
