-3.11304 -8.60806 -1.9166 254 373.596 94.9661 
-3.48222 -7.96863 1.84681 255 356.288 435.232 
-4.57399 -6.07762 1.59563 258 126.115 463.716 
-2.75039 -9.23619 0.329719 263 438.577 277.382 
-3.07463 -8.67459 -1.54793 266 382.622 124.58 
-2.57499 -9.53998 1.60069 268 471.367 378.334 
-2.72709 -9.27655 -1.48729 269 424.45 135.821 
-4.57341 -6.07862 1.60241 272 123.975 465.935 
-3.88769 -7.26632 -1.50954 277 257.862 108.157 
-4.24528 -6.64697 0.694015 279 202.487 334.47 
-3.32874 -8.23445 -1.42324 285 349.688 129.903 
-3.49888 -7.93976 0.772929 286 341.637 326.909 
-4.95189 -5.42307 -0.262658 289 6.22579 225.219 
-3.44968 -8.02497 0.167007 293 346.015 268.617 
-3.04378 -8.72802 1.54345 294 417.864 387.982 
-3.22332 -8.41705 1.89644 304 396.286 427.466 
-3.93868 -7.178 -1.57121 306 248.769 100.272 
-3.32508 -8.2408 -1.51403 315 348.291 122.303 
-3.63057 -7.71167 -1.43695 316 302.603 122.797 
-4.92427 -5.47091 0.898447 318 14.961 387.613 
-4.81248 -5.66455 -1.64507 319 47.6048 58.8225 
-3.09129 -8.64573 1.79249 320 411.195 412.708 
-4.10365 -6.89227 -1.45523 322 217.591 107.812 
-3.06428 -8.69251 -0.666718 324 391.722 196.871 
-4.30377 -6.54565 0.385968 326 187.31 301.214 
-4.07384 -6.9439 0.0649336 330 234.858 263.378 
-4.85494 -5.591 -1.94807 331 34.357 22.2038 
-3.49997 -7.93787 0.446165 333 340.135 294.806 
-3.35488 -8.18918 1.50964 334 373.73 394.192 
-4.50583 -6.19567 0.376914 336 137.916 303.031 
-4.09708 -6.90364 0.281542 338 231.583 285.152 
-3.77569 -7.46032 0.825581 340 297.247 338.372 
-4.16753 -6.78163 0.981089 341 221.676 369.271 
-4.78378 -5.71426 0.966713 344 60.6637 389.856 
-4.31667 -6.52331 1.57757 348 193.491 446.744 
-3.62005 -7.72989 0.845456 350 325.661 339.532 
-4.2793 -6.58803 -1.32765 353 184.182 115.094 
-2.64072 -9.42615 1.95256 355 469.079 410.457 
-3.10287 -8.62567 -0.357131 361 389.117 222.044 
-4.93982 -5.44397 -1.05261 362 9.73564 122.149 
-4.34584 -6.47278 1.58859 363 182.877 448.878 
-3.98712 -7.09411 0.170839 364 251.805 273.585 
-4.44212 -6.30602 -1.20213 365 146.486 123.727 
-3.32955 -8.23305 -1.41411 368 349.713 131.204 
-2.62582 -9.45194 -1.96759 374 433.454 102.837 
-3.72571 -7.54688 0.335972 382 303.202 287.832 
-3.02092 -8.76762 -1.67324 386 387.558 116.037 
-4.55591 -6.10892 1.47438 387 129.424 447.974 
-3.14704 -8.54917 1.54174 390 402.263 390.727 
-4.85021 -5.5992 -1.40794 394 37.7442 84.5339 
-2.75281 -9.23199 0.225616 395 438.532 267.921 
-3.18967 -8.47533 1.85927 400 399.737 421.939 
-3.33676 -8.22056 -0.399899 404 356.65 217.188 
-3.20418 -8.4502 0.757211 405 386.205 320.233 
-3.32846 -8.23494 1.89335 407 380.362 431.943 
-4.67743 -5.89845 0.0191106 408 88.3959 262.595 
-4.7162 -5.8313 -1.22464 411 77.653 109.4 
-3.05904 -8.70159 0.925619 412 408.139 331.425 
-2.74941 -9.23788 0.292754 416 439.373 274.335 
-4.24744 -6.64321 -1.92173 418 185.889 55.5041 
-4.59318 -6.04438 0.332137 419 115.446 298.429 
-3.28794 -8.30512 -0.582867 425 363.668 201.046 
-4.10084 -6.89714 -0.211774 427 226.802 234.823 
-2.88356 -9.00553 1.61269 428 436.41 390.109 
-3.57786 -7.80296 1.13653 429 334.568 364.866 
-4.2527 -6.63411 -0.951124 431 190.746 154.666 
-4.54469 -6.12836 -1.52013 432 119.943 84.3082 
-3.71801 -7.56021 -1.73791 433 286.805 93.0651 
-2.84073 -9.07972 -1.27039 435 414.567 150.841 
-4.68557 -5.88436 -1.8811 438 83.2014 38.3986 
-4.8407 -5.61566 -0.0396453 440 42.7415 254.815 
-4.21563 -6.69831 -0.927394 445 198.13 159.53 
-4.75369 -5.76637 0.970583 446 69.483 391.147 
-4.02746 -7.02424 -1.63148 447 231.852 92.8227 
-2.97704 -8.84361 -0.559065 449 403.801 207.335 
-4.46089 -6.27351 1.45209 451 155.054 438.772 
-3.13049 -8.57784 0.930095 453 398.822 334.561 
-2.83311 -9.09292 -0.904736 454 417.33 180.546 
-3.07985 -8.66554 0.939564 456 404.241 333.925 
-2.82678 -9.10387 0.818773 460 436.622 319.966 
-4.41902 -6.34603 0.58457 470 159.929 327.998 
-4.6459 -5.95307 0.77707 474 101.836 359.838 
-2.94605 -8.89729 1.87197 478 432.536 415.327 
-3.62908 -7.71426 0.283949 480 317.472 280.115 
-4.72984 -5.80768 1.01961 483 79.4225 395.341 
-3.75747 -7.49188 -0.114405 484 292.498 243.891 
-4.07094 -6.94893 1.07534 490 241.873 373.517 
-4.92481 -5.46997 -1.54112 491 14.5261 65.4102 
-2.61113 -9.47739 -1.5069 492 438.411 137.916 
-3.63585 -7.70252 0.600044 494 320.721 311.235 
-3.6271 -7.71768 0.36592 497 318.778 288.685 
-3.46213 -8.00341 0.473249 499 345.923 297.052 
-3.9326 -7.18855 1.52347 500 273.968 418.978 
-0.751588 -8.51683 0.0534651 508 637.198 224.03 
-0.577812 -8.4165 -1.88021 514 623.845 14.1889 
-1.33469 -8.85349 -0.250941 535 560.3 207.923 
-0.805849 -8.54816 -1.1322 539 609.366 101.204 
-1.55768 -8.98223 1.00965 540 556.565 329.29 
-0.942173 -8.62687 -1.81306 542 580.007 43.5383 
-2.54087 -9.54988 -1.96382 546 439.486 104.616 
-2.17518 -9.33875 -0.02102 551 483.229 243.174 
-1.37853 -8.8788 -0.140968 554 557.349 218.261 
-1.35618 -8.8659 -1.86663 561 533.276 61.8538 
-0.751362 -8.5167 -0.54808 562 626.56 158.548 
-2.39776 -9.46725 -1.50147 566 453.424 135.884 
-1.19047 -8.77022 1.45663 578 605.633 375.918 
-1.13416 -8.73771 1.81808 584 620.35 420.03 
-2.13398 -9.31496 -0.61668 585 482.887 194.065 
-1.80668 -9.12599 1.44164 586 535.356 369.368 
-1.05884 -8.69422 -0.500411 598 587.912 174.17 
-1.85453 -9.15362 1.00414 599 527.039 329.249 
-1.02236 -8.67316 1.83715 602 634.868 424.248 
-0.918376 -8.61313 -1.76208 603 581.206 46.9877 
-2.0658 -9.2756 0.128408 612 495.317 254.695 
-2.28434 -9.40177 0.767727 616 486.152 308.829 
-1.43619 -8.91209 -1.99412 619 525.902 54.5505 
-1.39269 -8.88697 -0.919729 622 542.891 147.61 
-1.85496 -9.15386 1.85126 623 538.357 409.128 
-2.10532 -9.29841 0.971801 625 502.573 327.41 
-1.41788 -8.90152 -1.16565 639 538.463 124.986 
-0.795119 -8.54197 -0.566815 642 619.277 158.271 
-1.37552 -8.87706 0.232198 643 564.214 255.034 
-1.56414 -8.98596 -0.787846 645 530.115 164.849 
-0.814491 -8.55315 0.400562 646 636.606 263.554 
-1.00763 -8.66466 -0.50403 660 593.25 171.851 
-0.867771 -8.58391 0.768917 668 635.334 303.498 
-1.48552 -8.94057 0.517606 676 555.895 282.671 
-1.10245 -8.71941 -0.567007 677 581.401 169.736 
-2.31293 -9.41827 1.81431 707 494.831 398.812 
-0.939569 -8.62536 -0.32294 718 604.677 189.018 
-1.908 -9.18449 1.52916 719 530.28 378.516 
-1.49578 -8.94649 0.981389 746 561.265 327.052 
