5.98522 3.63329 1.2144 752 0.413129 0.376054 
8.51992 -0.756939 0.408137 759 -0.687172 0.0920826 
8.29274 -0.363451 -1.35134 761 -0.604662 -0.273152 
6.15778 3.33441 -0.551726 764 0.325534 -0.0990398 
6.72499 2.35198 -0.698686 765 0.0320908 -0.138473 
6.84891 2.13734 -1.72634 766 -0.0204075 -0.386772 
7.18459 1.55593 0.710517 768 -0.185421 0.194631 
7.75054 0.575679 1.75169 773 -0.42345 0.409583 
8.11102 -0.0486967 -1.08378 774 -0.542389 -0.218706 
5.86576 3.8402 -1.56683 775 0.503285 -0.379655 
7.65875 0.734657 0.495993 779 -0.381192 0.131712 
6.87834 2.08637 1.48366 780 -0.0485602 0.393079 
5.7277 4.07932 -1.90892 781 0.590682 -0.484994 
6.61901 2.53554 -1.90015 786 0.0920694 -0.440829 
5.84347 3.87882 -1.54309 787 0.517945 -0.379244 
5.70086 4.12582 1.37764 788 0.584703 0.443794 
6.3358 3.02608 -0.89504 793 0.231034 -0.19093 
7.07393 1.74759 -1.06522 794 -0.127643 -0.229785 
7.7677 0.545948 0.346374 797 -0.422219 0.0933454 
6.99287 1.88799 0.446143 798 -0.100765 0.137352 
5.95878 3.67909 -1.91848 799 0.449551 -0.477722 
8.13241 -0.0857393 -1.69052 803 -0.546095 -0.347411 
7.79816 0.49319 1.85753 808 -0.437866 0.420436 
6.6228 2.52897 -1.96054 809 0.0923606 -0.459824 
5.66896 4.18107 1.48268 810 0.600122 0.47852 
7.13747 1.63753 -1.91994 811 -0.148236 -0.425659 
7.48096 1.04259 -1.87628 812 -0.295242 -0.406563 
7.81192 0.469365 1.38832 814 -0.445601 0.318727 
8.27608 -0.334586 -0.00492856 815 -0.606731 0.010923 
7.72815 0.61446 -0.217688 816 -0.402431 -0.0255612 
7.65524 0.740743 -1.67984 818 -0.370223 -0.355592 
6.32015 3.05317 1.6683 821 0.221015 0.474465 
5.84215 3.8811 1.25316 824 0.497852 0.39765 
8.44778 -0.631981 -1.44841 825 -0.657096 -0.290795 
7.71438 0.638309 -0.336083 827 -0.398698 -0.0541341 
7.15574 1.60589 0.615543 828 -0.176313 0.173318 
8.37839 -0.511796 0.804967 830 -0.647043 0.178633 
7.85255 0.39899 0.707979 831 -0.456309 0.170582 
7.0505 1.78818 -1.26688 833 -0.115661 -0.273609 
6.68672 2.41826 0.33091 836 0.0447186 0.121404 
8.05704 0.0447927 0.347131 837 -0.52999 0.0892617 
8.22434 -0.244979 -0.782358 838 -0.582536 -0.147847 
7.41493 1.15696 -1.61534 839 -0.272712 -0.342429 
6.64876 2.484 -1.60616 850 0.076756 -0.369395 
5.62913 4.25005 -0.845981 855 0.645779 -0.185887 
8.421 -0.585604 -0.76008 856 -0.650849 -0.147376 
7.47605 1.05111 -1.34417 857 -0.29804 -0.283108 
6.53997 2.67244 -0.861665 866 0.124507 -0.179265 
7.07604 1.74394 0.502742 871 -0.136473 0.149107 
6.4243 2.87279 -0.337461 872 0.186545 -0.0498229 
5.87176 3.82982 -1.86513 873 0.501842 -0.460676 
6.81272 2.20003 1.31801 874 -0.0248035 0.357915 
8.05963 0.040311 0.283874 878 -0.530366 0.0763957 
6.67343 2.44128 -1.01357 882 0.0579366 -0.218446 
6.14997 3.34793 -0.772956 886 0.331063 -0.159299 
6.38369 2.94312 -0.846468 889 0.209264 -0.179431 
6.41 2.89756 1.35706 890 0.177434 0.391548 
5.96932 3.66083 1.41731 895 0.418532 0.434015 
5.88934 3.79937 -0.91473 896 0.487033 -0.19788 
7.68639 0.686781 -1.10309 898 -0.383604 -0.22661 
7.3611 1.2502 0.0561545 900 -0.252405 0.0361401 
7.13224 1.6466 -0.977877 901 -0.15412 -0.203481 
8.49526 -0.714226 0.0445874 902 -0.677497 0.0191879 
6.93416 1.98968 -1.06451 904 -0.0623783 -0.228776 
6.87866 2.08582 -0.0270921 907 -0.0434292 0.0302311 
6.77251 2.26967 -0.747548 908 0.00752993 -0.150291 
6.05282 3.51621 -1.75001 911 0.398484 -0.423775 
7.05959 1.77242 -1.7808 914 -0.117207 -0.398874 
5.93483 3.72057 -1.99581 926 0.46609 -0.498566 
7.703 0.65802 -0.183774 927 -0.394372 -0.0173654 
7.30009 1.35587 1.86648 930 -0.244995 0.454526 
6.12516 3.3909 1.11897 932 0.332704 0.346329 
8.21418 -0.227369 1.2496 933 -0.589981 0.27685 
6.67513 2.43834 -0.321965 935 0.0550149 -0.0444456 
7.22829 1.48023 1.7576 937 -0.210894 0.435643 
6.75528 2.29951 -0.729401 938 0.020646 -0.144168 
8.51325 -0.745376 -0.600431 941 -0.681986 -0.114812 
6.43723 2.85038 1.42602 945 0.159507 0.402005 
5.85587 3.85734 -1.13495 948 0.50466 -0.257644 
7.78699 0.51253 1.89064 949 -0.437882 0.437192 
7.05329 1.78334 -1.18945 950 -0.115149 -0.257503 
7.15835 1.60138 1.8444 951 -0.184285 0.46072 
6.22795 3.21288 -0.545567 952 0.285252 -0.102504 
5.80798 3.94029 0.203205 953 0.523779 0.105493 
8.23755 -0.267852 -0.0508432 959 -0.591193 0.000801598 
6.10007 3.43436 0.816237 960 0.348656 0.264717 
5.615 4.27453 -0.380425 961 0.650618 -0.0513662 
5.54904 4.38878 0.419383 964 0.687324 0.181295 
6.0817 3.46619 -1.62949 965 0.378848 -0.38821 
6.53207 2.68613 -0.981663 967 0.130471 -0.207934 
6.68153 2.42724 -0.314303 968 0.0497922 -0.0400177 
7.36792 1.23839 -0.614933 971 -0.256102 -0.116394 
8.33271 -0.432673 -0.868744 976 -0.620068 -0.168952 
7.61247 0.814808 -0.677047 978 -0.357885 -0.131757 
6.66636 2.45352 1.76174 980 0.0453022 0.477364 
6.2372 3.19685 0.871776 983 0.271355 0.27146 
8.49831 -0.719498 -1.83038 985 -0.670575 -0.364076 
8.14802 -0.112783 1.12075 986 -0.565074 0.248263 
8.42012 -0.584075 0.413676 987 -0.653036 0.0951993 
8.18073 -0.169436 -0.844467 988 -0.566854 -0.164854 
5.75493 4.03217 1.14041 991 0.549163 0.372428 
5.97808 3.64567 0.0489525 995 0.427069 0.0610584 
6.58202 2.59961 -0.970701 999 0.10659 -0.206739 
