9.29836 -2.71449 1.94602 503 -0.447995 0.425024 
9.54954 -2.56948 1.62614 504 -0.404159 0.358953 
9.1254 -2.81435 -0.972402 505 -0.457436 -0.0613099 
8.36902 -3.25105 -1.59632 512 -0.590999 -0.190595 
9.51565 -2.58904 1.12107 521 -0.409148 0.276841 
8.29682 -3.29273 -0.961132 526 -0.612122 -0.0834048 
9.28962 -2.71954 -1.63781 531 -0.422371 -0.156358 
8.80092 -3.00169 1.19755 545 -0.531393 0.313392 
8.43181 -3.2148 -0.531218 590 -0.589925 0.00234763 
8.52047 -3.16361 0.124086 605 -0.579664 0.125563 
8.58348 -3.12723 -1.98018 608 -0.54587 -0.247333 
8.21821 -3.33812 0.87683 609 -0.654822 0.274681 
8.95105 -2.91501 -0.0284258 613 -0.492451 0.0952874 
8.58134 -3.12847 1.5153 614 -0.576194 0.378457 
8.24406 -3.3232 1.57934 624 -0.652199 0.413969 
8.74387 -3.03463 -1.74637 631 -0.515845 -0.201482 
8.37201 -3.24932 -1.42691 633 -0.595137 -0.157503 
8.5643 -3.13831 0.571234 665 -0.571725 0.208687 
8.78782 -3.00925 1.27741 666 -0.532851 0.329206 
8.98332 -2.89638 -0.0875092 671 -0.48247 0.0851633 
9.50215 -2.59683 -1.80067 679 -0.391888 -0.171365 
8.96859 -2.90489 1.45636 680 -0.502369 0.350278 
9.51544 -2.58916 0.00507541 681 -0.398543 0.0948522 
8.52145 -3.16304 1.28747 684 -0.586562 0.343669 
8.15199 -3.37635 -0.280505 689 -0.65593 0.0483939 
8.26763 -3.30959 0.733282 692 -0.640562 0.241608 
8.16644 -3.36801 1.19775 712 -0.665467 0.341511 
8.51548 -3.16649 1.61138 714 -0.594661 0.402684 
9.11375 -2.82108 -0.331225 726 -0.463078 0.0457536 
9.21579 -2.76217 -1.66979 736 -0.437057 -0.163192 
9.10626 -2.8254 1.29642 737 -0.47466 0.319791 
8.61615 -3.10837 -1.12108 742 -0.54562 -0.0973476 
8.54451 -3.14973 -0.0560757 747 -0.572457 0.090041 
9.02166 -1.62597 0.310692 751 -0.274369 0.151306 
8.84921 -1.32728 1.80752 757 -0.234416 0.425853 
9.23701 -1.99898 0.725578 758 -0.32782 0.221379 
8.51992 -0.756939 0.408137 759 -0.14118 0.176208 
8.29274 -0.363451 -1.35134 761 -0.0668212 -0.154341 
6.72499 2.35198 -0.698686 765 0.623689 -0.0839891 
6.84891 2.13734 -1.72634 766 0.534473 -0.33357 
7.18459 1.55593 0.710517 768 0.379802 0.274747 
7.75054 0.575679 1.75169 773 0.127016 0.490421 
8.11102 -0.0486967 -1.08378 774 -0.0124378 -0.108156 
7.65875 0.734657 0.495993 779 0.1608 0.211061 
6.87834 2.08637 1.48366 780 0.562471 0.504746 
9.27207 -2.0597 -0.388348 784 -0.332453 0.0400276 
6.61901 2.53554 -1.90015 786 0.666868 -0.406169 
7.07393 1.74759 -1.06522 794 0.423232 -0.158504 
7.7677 0.545948 0.346374 797 0.114793 0.172131 
6.99287 1.88799 0.446143 798 0.479904 0.211811 
8.5833 -0.866718 0.816146 801 -0.157292 0.253406 
8.13241 -0.0857393 -1.69052 803 -0.0142349 -0.222907 
8.79364 -1.23104 1.71911 805 -0.222718 0.40783 
7.79816 0.49319 1.85753 808 0.110138 0.506518 
6.6228 2.52897 -1.96054 809 0.667123 -0.419257 
7.13747 1.63753 -1.91994 811 0.378001 -0.348825 
7.48096 1.04259 -1.87628 812 0.225417 -0.307311 
7.81192 0.469365 1.38832 814 0.102163 0.400112 
8.27608 -0.334586 -0.00492856 815 -0.0652292 0.101088 
7.72815 0.61446 -0.217688 816 0.128111 0.0493762 
8.79838 -1.23924 -0.076131 817 -0.215599 0.0867438 
7.65524 0.740743 -1.67984 818 0.155986 -0.252432 
8.9917 -1.57408 -0.263508 820 -0.264786 0.0507035 
8.44778 -0.631981 -1.44841 825 -0.114212 -0.161382 
7.71438 0.638309 -0.336083 827 0.132397 0.0307388 
7.15574 1.60589 0.615543 828 0.39502 0.252337 
9.26539 -2.04812 -1.79237 829 -0.319924 -0.177724 
8.37839 -0.511796 0.804967 830 -0.0978669 0.252885 
7.85255 0.39899 0.707979 831 0.0847647 0.248322 
7.0505 1.78818 -1.26688 833 0.430785 -0.207042 
9.00086 -1.58994 1.58986 834 -0.271223 0.378169 
6.68672 2.41826 0.33091 836 0.666285 0.191251 
8.05704 0.0447927 0.347131 837 0.00612231 0.168458 
8.22434 -0.244979 -0.782358 838 -0.0463351 -0.0508508 
7.41493 1.15696 -1.61534 839 0.255177 -0.258628 
8.81824 -1.27364 -0.967993 842 -0.216249 -0.0679644 
9.4474 -2.36338 -1.09642 844 -0.362832 -0.0692655 
8.71228 -1.09011 -0.848161 845 -0.190096 -0.048957 
8.83929 -1.31011 1.12568 849 -0.227713 0.303596 
6.64876 2.484 -1.60616 850 0.655511 -0.327075 
8.421 -0.585604 -0.76008 856 -0.1074 -0.0406512 
7.47605 1.05111 -1.34417 857 0.233063 -0.197276 
8.71634 -1.09715 -1.05762 862 -0.188774 -0.0808906 
7.07604 1.74394 0.502742 871 0.440168 0.225853 
6.81272 2.20003 1.31801 874 0.599477 0.459071 
8.05963 0.040311 0.283874 878 0.00838761 0.159734 
8.79205 -1.22828 1.24024 880 -0.217641 0.325158 
9.26617 -2.04948 1.18971 881 -0.336179 0.296957 
6.67343 2.44128 -1.01357 882 0.648628 -0.172717 
8.55161 -0.811824 0.960383 887 -0.147631 0.278562 
8.75985 -1.1725 0.775444 893 -0.209347 0.235855 
7.68639 0.686781 -1.10309 898 0.144079 -0.130589 
7.3611 1.2502 0.0561545 900 0.286582 0.112414 
7.13224 1.6466 -0.977877 901 0.388778 -0.131602 
8.49526 -0.714226 0.0445874 902 -0.132478 0.108604 
6.93416 1.98968 -1.06451 904 0.496014 -0.164423 
6.87866 2.08582 -0.0270921 907 0.53799 0.0937749 
6.77251 2.26967 -0.747548 908 0.593482 -0.0934889 
9.19568 -1.92739 0.768329 913 -0.312557 0.229464 
7.05959 1.77242 -1.7808 914 0.417602 -0.324632 
7.703 0.65802 -0.183774 927 0.138891 0.061053 
8.84897 -1.32687 1.20156 929 -0.234172 0.313218 
8.21418 -0.227369 1.2496 933 -0.0465997 0.352745 
8.99498 -1.57975 1.82216 934 -0.276198 0.415586 
6.67513 2.43834 -0.321965 935 0.662721 0.0141131 
6.75528 2.29951 -0.729401 938 0.604264 -0.0914588 
8.51325 -0.745376 -0.600431 941 -0.13886 -0.00825266 
8.81557 -1.26902 -1.19832 944 -0.212923 -0.106594 
8.73736 -1.13355 1.94259 946 -0.204751 0.454213 
7.78699 0.51253 1.89064 949 0.110155 0.514434 
7.05329 1.78334 -1.18945 950 0.430076 -0.188346 
8.23755 -0.267852 -0.0508432 959 -0.0573011 0.091539 
9.40671 -2.2929 1.01021 963 -0.367888 0.261492 
6.68153 2.42724 -0.314303 968 0.658194 0.0167989 
7.36792 1.23839 -0.614933 971 0.282547 -0.0378779 
8.33271 -0.432673 -0.868744 976 -0.0767543 -0.0615995 
7.61247 0.814808 -0.677047 978 0.172768 -0.0487797 
9.36968 -2.22876 1.49865 979 -0.362922 0.343962 
9.47971 -2.41934 0.180696 982 -0.375515 0.133577 
8.49831 -0.719498 -1.83038 985 -0.12758 -0.225155 
8.14802 -0.112783 1.12075 986 -0.0246305 0.323585 
8.42012 -0.584075 0.413676 987 -0.111246 0.175638 
8.18073 -0.169436 -0.844467 988 -0.0341444 -0.0605591 
9.45187 -2.37112 -1.5872 989 -0.359899 -0.145795 
8.99905 -1.58682 1.73484 994 -0.277415 0.401903 
8.82589 -1.28688 1.75285 1000 -0.231755 0.410425 
