7 -1.49784 0.349314 151 27.089 52.8626 
7 -0.0623122 -3.31422 152 444.356 245.101 
7 0.36994 -1.65205 155 276.36 289.843 
7 0.947338 -0.351981 158 120.857 359.356 
7 1.75895 -5.06184 159 579.869 412.568 
7 0.343459 -2.54532 160 369.577 286.34 
7 -0.647617 -0.188366 161 101.384 167.118 
7 1.08732 -1.94397 162 305.486 366.453 
7 0.863395 -4.44339 163 536.518 334.028 
7 -0.724268 -3.10497 165 427.992 176.687 
7 1.33843 -4.95324 172 573.915 375.553 
7 0.759759 -5.08223 173 586.845 322.799 
7 -0.518283 -3.0968 179 426.307 197.937 
7 0.741437 -4.00824 180 501.333 323.709 
7 -0.563655 -4.89557 181 579.885 200.693 
7 0.831841 -5.58946 182 623.786 328.003 
7 1.69172 -5.79597 183 633.529 402.028 
7 -0.443496 -0.586995 184 152.87 194.407 
7 -1.20096 -0.713027 185 170.123 104.222 
7 -0.746732 -0.782938 186 177.935 159.419 
7 0.0865561 -4.29161 189 528.203 260.865 
7 -1.97934 -4.46413 190 553.355 61.2844 
7 -1.56385 -0.742436 193 174.527 60.4945 
7 -1.07027 0.309808 197 32.7147 109.083 
7 1.83558 -1.14915 198 215.923 453.465 
