1.69792 -0.977731 -7 104 -0.348678 -0.0363264 
2.77254 -1.94854 -7 108 -0.68243 -0.274076 
-0.689565 -1.47331 -7 112 0.394131 -0.314872 
2.74139 -0.240151 -7 113 -0.634507 0.23675 
0.474792 -0.485198 -7 124 0.054145 0.065653 
-1.05355 -1.5594 -7 126 0.514865 -0.363783 
-1.30535 -1.94469 -7 131 0.579364 -0.502446 
1.03314 -1.58354 -7 136 -0.168376 -0.255036 
0.97797 0.750031 -7 138 -0.0568666 0.503572 
1.45576 0.553777 -7 145 -0.220287 0.451282 
-0.615215 -0.161545 -7 146 0.444003 0.126053 
0.206379 -1.0164 -7 147 0.117577 -0.119953 
