4.32541 -5.58563 0.848861 506 410.269 424.351 
3.31453 -6.16926 -0.82277 507 259.905 183.82 
2.55081 -6.61019 -1.05696 510 138.998 141.445 
5.15051 -5.10926 0.655281 515 538.989 401.843 
5.54127 -4.88365 0.584966 517 595.881 390.078 
4.96491 -5.21641 -0.162781 524 510.37 288.049 
4.45282 -5.51207 0.330289 528 433.473 351.403 
3.62183 -5.99184 -0.708902 530 307.371 198.631 
5.78814 -4.74112 0.731293 533 632.699 411.841 
3.84209 -5.86467 0.762035 537 334.3 408.87 
4.08321 -5.72546 -0.0501395 541 376.765 294.199 
5.8167 -4.72463 -0.692834 547 629.299 225.284 
4.14699 -5.68864 -0.0739802 553 386.44 291.609 
2.76135 -6.48864 -0.835611 556 171.718 175.186 
2.50813 -6.63483 -1.62398 557 141.084 67.9789 
1.77128 -7.06025 -1.32111 560 12.9196 97.8475 
5.11501 -5.12975 -1.32998 563 530.086 140.608 
5.60572 -4.84644 -1.12497 564 598.01 169.245 
4.17332 -5.67344 0.684667 567 388.374 399.125 
4.08949 -5.72184 0.309736 570 375.016 346.384 
4.78434 -5.32066 -1.81187 575 482.814 76.4711 
2.35211 -6.72491 -1.73362 576 114.978 49.9488 
5.79079 -4.73959 0.326224 579 627.055 356.668 
2.61049 -6.57574 0.28437 581 131.495 333.613 
3.5218 -6.04959 -1.73721 596 298.29 69.2095 
2.00616 -6.92464 -1.64027 600 57.5624 58.0009 
2.48133 -6.65031 0.492331 604 106.869 364.791 
4.89471 -5.25694 -0.199595 606 498.431 280.351 
2.61487 -6.57321 0.0112596 607 136.827 292.834 
2.89706 -6.41029 -1.2274 611 198.291 124.894 
2.4848 -6.64831 0.119285 615 111.299 308.109 
2.90013 -6.40851 0.80747 626 175.816 412.537 
2.77919 -6.47834 -1.67587 627 183.886 66.2875 
5.34694 -4.99584 -0.371774 630 564.396 262.189 
3.2896 -6.18365 -0.831285 632 257.536 181.251 
3.83992 -5.86592 -0.579006 640 341.526 220.429 
2.18105 -6.82367 0.572736 650 49.9355 374.757 
2.35902 -6.72093 0.562621 651 80.9631 373.618 
3.74064 -5.92325 -1.9671 654 334.337 44.6759 
4.82206 -5.29889 0.859675 662 489.151 428.821 
4.88586 -5.26205 0.975449 663 498.387 444.48 
4.05549 -5.74146 -0.254187 669 372.956 267.376 
2.3244 -6.74091 -0.546464 673 92.9021 210.787 
4.78329 -5.32127 0.804293 674 483.367 418.903 
5.20039 -5.08046 -0.0857982 678 545.641 299.463 
4.99407 -5.19958 0.559179 682 513.595 386.769 
3.62073 -5.99248 0.99023 683 296.224 443.853 
5.70419 -4.78959 -0.684915 686 610.842 224.967 
4.226 -5.64302 0.28797 691 398.706 345.483 
2.99296 -6.35491 0.665465 696 191.286 392.599 
4.82073 -5.29965 -1.08631 698 486.833 165.304 
5.29956 -5.0232 -0.579862 701 556.394 236.739 
4.30182 -5.59925 -1.21577 708 414.202 144.69 
5.49777 -4.90876 0.072566 709 587.087 319.675 
2.02484 -6.91386 0.215523 713 27.5296 317.942 
2.26921 -6.77278 -0.294944 715 78.6924 244.983 
4.48631 -5.49273 -1.46496 723 438.978 115.44 
5.45807 -4.93168 0.702726 724 581.44 406.581 
3.52361 -6.04855 -0.447866 727 288.808 233.883 
5.30402 -5.02063 -1.37929 729 555.608 136.359 
5.1391 -5.11584 0.224599 734 535.149 339.799 
4.48121 -5.49568 0.424736 739 437.915 364.43 
5.33057 -5.0053 -0.178382 743 562.863 288.939 
3.90444 -5.82868 0.777906 744 343.222 411.154 
2.78119 -6.47718 -1.18276 749 179.891 128.753 
