-7 0.21307 2.3409 51 325.168 266.139 
-7 -0.503339 4.01391 52 482.83 197.968 
-7 -0.64261 4.44771 54 518.875 186.708 
-7 -0.441068 2.32778 56 326.12 196.082 
-7 1.81819 2.50338 57 335.928 433.394 
-7 1.50288 1.91462 59 276.185 405.602 
-7 1.26508 -0.184774 63 15.6424 396.312 
-7 -1.45394 1.58819 66 249.412 76.6423 
-7 0.78654 5.75191 68 609.052 318.081 
-7 -0.100249 4.19611 69 496.193 237.431 
-7 -1.07602 2.04225 70 298.358 124.611 
-7 -0.527577 4.46053 71 519.391 197.675 
-7 -0.14175 5.47309 72 593.818 236.446 
-7 -1.87164 2.51938 75 350.833 43.3621 
-7 1.51818 2.67054 81 353.447 401.158 
-7 0.883221 6.2108 82 639.465 325.316 
-7 -1.9255 2.82609 83 381.45 42.1359 
-7 -0.72299 3.2493 84 416.707 171.926 
-7 1.48523 2.57162 86 343.862 398.529 
-7 -0.166603 0.216342 87 74.4276 217.466 
-7 1.20864 2.59145 88 346.805 369.877 
-7 1.46933 5.82185 93 610.708 376.736 
-7 -0.576654 5.65743 96 608.826 198.365 
-7 -1.0576 1.73598 99 264.826 123.557 
