-7 -0.29883 -1.326 55 0.291668 -0.178087 
-7 0.46862 -2.98529 58 -0.0967254 0.00301047 
-7 -1.05185 -1.49538 60 0.252242 -0.371887 
-7 -1.03485 -3.75523 61 -0.253846 -0.327806 
-7 -0.184126 -2.39523 62 0.0299624 -0.144986 
-7 1.26508 -0.184774 63 0.597452 0.238591 
-7 0.0943094 -5.21035 64 -0.497114 -0.0829431 
-7 1.11392 -6.02536 65 -0.608179 0.102896 
-7 0.886694 -5.35798 67 -0.512909 0.0680752 
-7 1.34911 -4.82912 74 -0.426665 0.162227 
-7 0.577231 -1.47952 76 0.246006 0.0411782 
-7 0.694743 -5.33965 78 -0.511811 0.031989 
-7 1.12101 -6.65735 79 -0.693841 0.0973038 
-7 0.821262 -3.48263 80 -0.194192 0.0745763 
-7 -1.84392 -6.0007 85 -0.635948 -0.457948 
-7 1.69039 -1.92004 89 0.134266 0.293635 
-7 -0.295975 -5.19552 90 -0.498205 -0.15972 
-7 1.40697 -4.3308 91 -0.344044 0.181465 
-7 0.312724 -0.335245 92 0.566218 -0.016665 
-7 -1.56958 -3.12031 95 -0.12874 -0.463854 
-7 -1.20087 -3.87679 97 -0.277711 -0.362907 
-7 1.52805 -2.92335 98 -0.0825863 0.233377 
-7 -0.609874 -5.90804 100 -0.609102 -0.217327 
