1.69792 -0.977731 -7 104 185.306 228.408 
2.77254 -1.94854 -7 108 38.0412 117.509 
-0.689565 -1.47331 -7 112 531.328 107.127 
2.74139 -0.240151 -7 113 53.6206 349.192 
2.98659 0.138239 -7 123 24.6155 406.539 
0.474792 -0.485198 -7 124 368.979 279.868 
-1.05355 -1.5594 -7 126 588.816 85.2954 
-1.30535 -1.94469 -7 131 620.562 21.1968 
1.03314 -1.58354 -7 136 269.649 130.232 
1.45576 0.553777 -7 145 238.729 453.734 
-0.615215 -0.161545 -7 146 551.178 312.928 
0.206379 -1.0164 -7 147 400.165 194.879 
