-4.80195 0.41523 7 21 615.771 187.202 
-5.37012 0.037908 7 24 565.602 146.474 
-5.21106 1.44812 7 29 558.296 278.458 
-5.40598 0.152698 7 30 560.58 157.277 
-5.875 -0.508694 7 36 530.256 96.2515 
-5.59816 -0.619665 7 42 555.169 83.8511 
-6.33365 0.109205 7 44 489.021 150.503 
-6.25916 0.145289 7 48 493.691 153.68 
-7 0.21307 2.3409 51 51.8425 125.269 
-7 -0.503339 4.01391 52 244.978 66.3549 
-7 -0.64261 4.44771 54 284.663 58.928 
-7 -0.441068 2.32778 56 46.7372 40.497 
-7 1.81819 2.50338 57 79.4949 309.184 
-7 0.78654 5.75191 68 371.542 198.05 
-7 -0.100249 4.19611 69 260.044 110.537 
-7 -0.527577 4.46053 71 285.157 70.8084 
-7 -0.14175 5.47309 72 359.896 118.783 
-7 1.61955 6.53315 73 411.052 259.39 
-7 1.51818 2.67054 81 99.1919 275.581 
-7 0.883221 6.2108 82 398.631 205.749 
-7 -0.72299 3.2493 84 165.832 26.624 
-7 1.48523 2.57162 86 87.0021 272.945 
-7 1.20864 2.59145 88 88.7185 242.696 
-7 1.46933 5.82185 93 371.093 251.486 
-7 -0.576654 5.65743 96 375.532 82.2508 
