-7 0.21307 2.3409 51 602.674 368.741 
-7 -1.78251 -2.62609 53 42.2975 147.288 
-7 -0.29883 -1.326 55 169.439 306.974 
-7 -0.441068 2.32778 56 590.958 290.613 
-7 -1.05185 -1.49538 60 156.752 222.712 
-7 -0.184126 -2.39523 62 44.1539 320.381 
-7 -1.45394 1.58819 66 495.885 180.264 
-7 -1.07602 2.04225 70 549.979 220.018 
-7 -1.87164 2.51938 75 591.629 138.023 
-7 0.577231 -1.47952 76 143.001 414.337 
-7 -1.86155 -2.22478 77 86.0453 139.43 
-7 -1.9255 2.82609 83 623.592 132.686 
-7 -0.166603 0.216342 87 348.177 322.584 
-7 0.312724 -0.335245 92 282.767 380.892 
-7 -1.0576 1.73598 99 516.062 222.007 
