-3.17768 1.79522 -7 101 581.908 337.158 
0.794442 1.97164 -7 103 35.6122 457.397 
-2.11042 -0.0563179 -7 106 441.188 104.674 
-0.235026 1.16667 -7 114 187.527 311.116 
-0.0787955 1.33173 -7 116 165.984 339.025 
-1.66978 1.93068 -7 118 402.482 385.785 
-3.56835 0.827876 -7 121 621.674 209.865 
0.474792 -0.485198 -7 124 29.33 54.8444 
-2.10211 -0.684594 -7 129 434.258 11.4363 
-3.11373 -0.303232 -7 130 565.466 62.8505 
-1.59533 0.795126 -7 132 380.735 232.729 
-3.58737 1.4874 -7 135 625.538 292.138 
-0.615215 -0.161545 -7 146 223.365 100.928 
