2.77254 -1.94854 -7 108 639.044 4.20538 
5.64257 -0.481715 -7 109 350.035 219.462 
6.30632 -1.54879 -7 115 306.363 137.504 
4.50714 -1.04124 -7 119 433.391 159.522 
2.98659 0.138239 -7 123 611.651 286.16 
4.46367 -0.542201 -7 125 439.231 209.089 
6.6867 0.183154 -7 127 293.465 271.688 
6.46481 -1.88245 -7 128 296.519 113.48 
3.77354 -0.887468 -7 133 506.943 166.323 
6.08103 -0.977971 -7 134 321.32 180.846 
3.34213 1.4046 -7 137 566.572 431.629 
4.29646 -0.0380129 -7 139 456.53 259.656 
6.59087 -1.1778 -7 141 292.865 169.335 
4.8725 1.3091 -7 142 412.099 382.471 
6.26277 1.2623 -7 143 320.021 356.173 
6.4687 -1.97232 -7 149 295.947 106.518 
7 -1.59791 -6.35011 157 231.845 137.721 
7 1.75895 -5.06184 159 152.746 432.146 
7 0.863395 -4.44339 163 87.8415 367.256 
7 -0.863938 -6.09367 166 218.12 195.3 
7 1.33843 -4.95324 172 140.61 397.923 
7 0.759759 -5.08223 173 148.472 342.685 
7 0.741437 -4.00824 180 37.6889 366.688 
7 -0.563655 -4.89557 181 123.137 223.394 
7 0.831841 -5.58946 182 190.264 339.012 
7 1.69172 -5.79597 183 209.906 404.848 
7 0.0865561 -4.29161 189 65.5271 292.706 
7 -1.97934 -4.46413 190 68.9476 80.8889 
7 0.781169 -6.98961 200 280.095 313.368 
