6.30632 -1.54879 -7 115 616.195 140.179 
6.6867 0.183154 -7 127 601.486 284.35 
6.46481 -1.88245 -7 128 601.049 118.973 
6.59087 -1.1778 -7 141 597.429 175.882 
6.4687 -1.97232 -7 149 600.018 112.309 
7 -0.0623122 -3.31422 152 317.039 261.103 
7 0.36994 -1.65205 155 136.763 307.998 
7 -1.59791 -6.35011 157 530.314 148.293 
7 1.75895 -5.06184 159 467.833 430.483 
7 0.343459 -2.54532 160 240.888 303.217 
7 1.08732 -1.94397 162 170.52 392.593 
7 0.863395 -4.44339 163 416.311 349.635 
7 -0.724268 -3.10497 165 296.613 194.941 
7 -0.863938 -6.09367 166 519.956 202.05 
7 1.33843 -4.95324 172 457.495 391.471 
7 0.759759 -5.08223 173 463.636 337.104 
7 -0.518283 -3.0968 179 296.074 215.063 
7 0.741437 -4.00824 180 380.389 339.86 
7 -0.563655 -4.89557 181 443.459 220.366 
7 0.831841 -5.58946 182 498.897 341.501 
7 1.69172 -5.79597 183 518.105 416.609 
7 -1.20096 -0.713027 185 20.318 115.832 
7 -0.746732 -0.782938 186 26.36 170.535 
7 0.0865561 -4.29161 189 401.037 276.668 
7 -1.97934 -4.46413 190 406.068 97.8162 
7 -1.56385 -0.742436 193 27.6661 74.7207 
7 0.781169 -6.98961 200 582.706 332.277 
