-0.751588 -8.51683 0.0534651 508 94.2994 166.002 
-0.489466 -8.3655 1.99316 509 151.268 371.005 
2.60042 -6.58155 1.54168 513 576.871 326.371 
1.01972 -7.49417 -0.323822 518 293.807 85.9465 
1.55304 -7.18626 -0.142317 519 375.003 95.6961 
0.57886 -7.7487 0.424617 532 244.724 190.605 
-1.33469 -8.85349 -0.250941 535 38.5961 141.042 
1.74656 -7.07452 -0.649775 536 401.341 15.5741 
-0.805849 -8.54816 -1.1322 539 69.7935 34.7328 
-1.55768 -8.98223 1.00965 540 40.3447 271.816 
-0.435565 -8.33438 0.0499532 548 126.026 162.355 
1.31384 -7.32436 1.35338 549 355.608 301.689 
0.488173 -7.80106 0.703509 550 237.115 225.226 
-1.37853 -8.8788 -0.140968 554 34.3322 155.338 
-0.337383 -8.27769 -1.23289 555 112.944 10.1341 
0.766945 -7.64011 0.115194 558 265.324 148.934 
-0.751362 -8.5167 -0.54808 562 84.5697 101.004 
-0.453946 -8.34499 1.0501 568 139.639 271.156 
1.27527 -7.34662 -0.861902 571 323.698 2.44661 
-0.48463 -8.36271 0.158388 572 124.043 173.861 
2.47927 -6.6515 1.93554 574 553.979 383.36 
-1.19047 -8.77022 1.45663 578 77.9723 313.587 
-0.0029851 -8.08463 -0.961949 580 155.376 30.516 
2.61049 -6.57574 0.28437 581 569.94 135.682 
1.33215 -7.31379 -0.490916 582 337.369 52.6455 
-0.413276 -8.32151 0.783569 583 140.149 241.713 
-1.13416 -8.73771 1.81808 584 87.3231 348.778 
-1.80668 -9.12599 1.44164 586 27.3846 312.407 
0.848258 -7.59316 -0.946016 591 260.562 6.00343 
1.26618 -7.35187 -0.159086 592 330.315 103.108 
-0.665112 -8.46691 -0.0591155 593 102.853 152.39 
-1.05884 -8.69422 -0.500411 598 57.8771 112.116 
-1.85453 -9.15362 1.00414 599 15.6533 270.319 
-0.29479 -8.2531 -0.936867 601 125.525 41.6741 
-1.02236 -8.67316 1.83715 602 98.3532 350.832 
2.48133 -6.65031 0.492331 604 545.398 168.723 
2.61487 -6.57321 0.0112596 607 569.001 89.2298 
-0.41102 -8.32021 0.556759 610 136.748 217.639 
2.4848 -6.64831 0.119285 615 543.733 111.752 
-0.478158 -8.35897 -0.638973 621 109.657 83.6296 
-1.39269 -8.88697 -0.919729 622 21.1333 72.4233 
-1.85496 -9.15386 1.85126 623 30.4511 349.878 
2.90013 -6.40851 0.80747 626 636.994 212.284 
-0.802806 -8.5464 1.53266 628 113.546 322.174 
-0.197251 -8.19679 0.70261 629 160.431 231.943 
0.695133 -7.68157 0.336635 637 260.759 178.52 
1.97066 -6.94514 1.58752 638 461.414 331.797 
-1.41788 -8.90152 -1.16565 639 14.2324 45.9496 
-0.795119 -8.54197 -0.566815 642 79.5222 98.2169 
-1.37552 -8.87706 0.232198 643 42.7627 190.408 
-1.56414 -8.98596 -0.787846 645 9.48575 90.67 
-0.814491 -8.55315 0.400562 646 93.9769 204.275 
-0.0537926 -8.11396 -0.334741 647 159.94 111.111 
2.18105 -6.82367 0.572736 650 490.544 186.859 
2.35902 -6.72093 0.562621 651 522.194 183.744 
0.479792 -7.8059 1.79524 652 251.502 352.643 
1.77898 -7.05581 0.424263 655 417.147 171.276 
0.279953 -7.92127 1.12217 656 220.198 276.636 
-0.574829 -8.41478 0.349602 657 117.791 198.629 
0.172776 -7.98315 1.03516 658 207.859 266.958 
-1.00763 -8.66466 -0.50403 660 62.7294 108.858 
1.12851 -7.43136 0.338853 661 319.698 172.673 
-0.613939 -8.43736 -0.547652 664 97.9212 96.4351 
-0.867771 -8.58391 0.768917 668 96.9483 243.479 
-0.769826 -8.52736 1.76192 670 120.56 347.201 
2.3244 -6.74091 -0.546464 673 507.091 9.77135 
-1.48552 -8.94057 0.517606 676 36.6841 223.815 
-1.10245 -8.71941 -0.567007 677 53.331 105.983 
0.0842166 -8.03428 0.452304 685 188.096 201.676 
0.676712 -7.6922 0.794688 695 263.867 234.073 
0.735422 -7.65831 -0.141939 702 257.138 117.343 
-0.0286901 -8.09947 1.01989 704 183.029 266.443 
2.02484 -6.91386 0.215523 713 457.294 136.461 
2.26921 -6.77278 -0.294944 715 495.987 50.4588 
1.12928 -7.43091 0.660268 716 323.605 213.315 
-0.939569 -8.62536 -0.32294 718 70.5897 127.191 
-1.908 -9.18449 1.52916 719 19.7448 321.058 
-0.734402 -8.50691 1.2467 730 115.125 291.952 
1.28778 -7.33941 1.94479 733 359.978 375.847 
-0.562661 -8.40776 1.95132 740 143.17 365.585 
-0.329699 -8.27326 1.956 745 166.524 367.174 
-1.49578 -8.94649 0.981389 746 43.7564 269.263 
-0.0589625 -8.11695 -0.531896 750 157.896 86.2065 
