-9.53193 2.57964 -0.151691 69 20.9207 342.685 
-9.48597 2.60618 0.402373 91 15.8294 388.262 
-9.49264 2.60233 0.71894 111 12.2548 414.538 
-9.4138 2.64784 -0.749638 127 15.6307 296.169 
-9.27136 2.73008 -1.79969 152 11.6938 213.671 
-8.26463 0.314754 1.16404 251 177.372 474.577 
-7.46287 -1.07392 -1.59589 252 319.813 202.038 
-9.1587 1.86333 -0.988996 253 71.8548 276.714 
-9.52122 2.49124 -1.0717 257 35.7422 273.515 
-8.93601 1.47762 -0.633868 259 98.6165 303.752 
-7.4714 -1.05915 0.355818 260 318.971 405.319 
-6.64917 -2.4833 -0.440182 261 499.52 317.35 
-8.62862 0.94521 0.119044 265 131.495 368.081 
-9.05625 1.68588 -1.53396 267 88.8327 234.389 
-9.13681 1.82542 0.452008 276 65.8985 394.708 
-6.35803 -2.98756 0.146678 278 588.17 396.887 
-6.90676 -2.03715 -0.996423 283 433.595 255.27 
-8.62523 0.939344 -1.18054 287 139.431 258.625 
-8.12164 0.0670859 0.804812 290 204.952 441.594 
-6.93825 -1.9826 -0.53082 295 429.853 306.585 
-6.74023 -2.32557 -0.914689 296 473.345 261.317 
-8.26682 0.318554 -1.13985 297 190.302 256.4 
-8.648 0.978768 1.29878 299 123.943 479.901 
-7.95776 -0.216756 -0.267516 301 232.353 334.51 
-6.1528 -3.34303 -1.89329 303 620.218 131.321 
-7.19832 -1.53215 -0.65154 305 372.949 294.438 
-7.50388 -1.00291 -1.74177 307 313.376 189.06 
-7.75587 -0.566441 -1.28568 308 268.668 238.935 
-8.641 0.966654 -0.16123 311 133.172 343.294 
-9.31057 2.12638 -0.0551822 313 50.4686 350.992 
-6.53509 -2.68089 -1.87527 314 516.815 148.849 
-7.11395 -1.67828 -0.473701 317 390.289 315.476 
-6.44508 -2.83679 -1.6951 321 540.949 168.075 
-7.51344 -0.986333 -0.814325 323 311.841 279.031 
-8.81253 1.26375 -0.857651 325 115.271 285.501 
-7.53876 -0.942491 0.491179 328 305.936 419.494 
-7.72464 -0.62053 -0.0248013 332 272.182 361.498 
-7.95987 -0.213096 0.306596 339 233.498 396.393 
-8.52917 0.772963 -1.76171 342 153.203 208.468 
-6.83154 -2.16742 0.486301 345 461.34 429.994 
-8.12381 0.0708475 -1.49958 347 209.983 223.838 
-8.00123 -0.141456 -0.325795 349 225.151 330.517 
-7.28977 -1.37375 -1.87683 352 352.242 171.718 
-7.45408 -1.08915 -1.1234 354 321.818 249.466 
-7.13206 -1.6469 0.386525 358 392.661 412.217 
-8.82998 1.29397 -1.283 359 112.566 248.852 
-7.24008 -1.45982 0.239176 360 366.9 395.836 
-8.26227 0.31067 0.618929 366 184.208 421.369 
-6.57086 -2.61894 0.112404 367 527.288 387.624 
-6.73207 -2.33972 -0.455992 369 479.414 316.042 
-6.90193 -2.0455 0.150108 371 442.109 390.002 
-7.92892 -0.2667 1.10434 372 235.437 479.141 
-6.32726 -3.04087 -1.31425 373 578.622 208.984 
-8.43087 0.60269 -0.733047 375 165.509 294.605 
-9.0577 1.6884 -0.174837 377 79.196 341.526 
-8.19099 0.187209 -1.2445 378 200.576 247.244 
-7.6338 -0.777869 -0.0587155 380 289.849 359.655 
-9.37546 2.23878 -1.18001 383 50.5289 264.715 
-6.69448 -2.40482 0.483031 384 497.235 433.857 
-9.14202 1.83445 -1.39071 391 78.6011 243.755 
-6.74479 -2.31769 0.740399 393 486.308 467.414 
-9.48121 2.42194 -1.26659 396 39.9011 256.837 
-7.37732 -1.22211 -1.65372 397 334.91 195.743 
-8.52092 0.758672 -1.7528 399 157.203 207.787 
-6.97577 -1.91761 -0.4901 401 422.559 311.234 
-9.44529 2.35972 -1.11888 402 45.7712 269.364 
-7.81782 -0.459131 0.076778 403 257.378 372.344 
-6.46686 -2.79907 -0.256321 409 550.106 339.009 
-7.63883 -0.769162 -0.119058 410 288.02 352.659 
-8.91993 1.44977 0.165011 413 94.6135 369.667 
-7.3798 -1.21781 -1.93698 415 334.089 168.849 
-8.21371 0.226557 -0.790225 417 194.691 286.946 
-7.84199 -0.417283 -1.30465 420 255.027 235.584 
-9.51944 2.48816 0.340095 422 26.1745 380.891 
-7.91669 -0.287895 -0.0147918 423 239.377 362.372 
-8.92471 1.45805 -1.88576 426 105.102 203.098 
-8.05966 -0.0402563 -0.2345 439 215.822 339.794 
-6.44049 -2.84475 -0.804824 441 553.61 271.467 
-6.48803 -2.7624 0.108587 442 549.231 389.621 
-6.23335 -3.20352 -1.64394 444 600.273 164.546 
-7.28007 -1.39054 -0.1606 450 357.778 350.485 
-6.50928 -2.7256 -0.0902829 452 539.867 361.145 
-8.18295 0.173293 -0.148578 455 197.623 346.75 
-8.15687 0.12812 0.541817 457 198.882 413.645 
-7.48055 -1.0433 0.202815 459 317.839 387.455 
-8.06618 -0.0289635 1.04644 461 213.997 468.894 
-6.65278 -2.47704 -0.576839 463 500.221 301.943 
-8.66593 1.00983 0.45259 465 126.455 398.908 
-7.42117 -1.14615 0.204588 467 330.274 389.882 
-9.45274 2.37263 -1.8729 469 48.3746 213.451 
-7.72533 -0.619337 0.904189 476 271.969 461.756 
-7.83655 -0.426699 0.919261 479 252.463 458.5 
-7.18002 -1.56384 -1.73226 481 373.196 182.402 
-7.03065 -1.82256 -1.92608 482 403.3 158.717 
-6.7498 -2.309 -0.746357 485 473.075 280.932 
-8.11594 0.0572182 0.887934 486 204.725 449.631 
-9.2531 2.02685 -1.52478 488 65.7892 236.773 
-9.11496 1.78758 0.0633076 493 73.171 361.361 
-9.55916 2.55695 -0.634717 496 31.0855 305.684 
-9.00888 1.60385 -0.973121 498 89.953 275.811 
