-7 -0.29883 -1.326 55 584.139 153.126 
-7 0.46862 -2.98529 58 386.092 240.697 
-7 -1.05185 -1.49538 60 564.544 56.4096 
-7 -1.03485 -3.75523 61 306.195 89.5472 
-7 -0.184126 -2.39523 62 447.264 171.861 
-7 0.0943094 -5.21035 64 201.062 203.529 
-7 1.11392 -6.02536 65 159.113 282.463 
-7 0.886694 -5.35798 67 198.469 268.304 
-7 1.34911 -4.82912 74 238.205 308.399 
-7 0.577231 -1.47952 76 557.789 258.645 
-7 0.694743 -5.33965 78 197.926 253.018 
-7 1.12101 -6.65735 79 123.436 279.736 
-7 0.821262 -3.48263 80 340.982 272.297 
-7 -1.84392 -6.0007 85 128.322 37.4371 
-7 1.69039 -1.92004 89 499.864 371.607 
-7 -0.295975 -5.19552 90 198.395 169.829 
-7 1.40697 -4.3308 91 274.906 317.216 
-7 0.592834 -6.66606 94 117.281 241.314 
-7 -1.56958 -3.12031 95 364.977 20.6675 
-7 -1.20087 -3.87679 97 294.166 73.4155 
-7 1.52805 -2.92335 98 395.059 342.243 
-7 -0.609874 -5.90804 100 148.34 145.511 
-6.22725 1.4028 -7 110 56.9946 317.175 
-6.20015 -0.954561 -7 122 19.3135 121.373 
-6.2831 -0.370457 -7 140 35.6268 172.741 
-6.46998 0.52855 -7 150 62.9857 244.154 
