-4.80195 0.41523 7 21 436.524 320.454 
-3.28746 -0.347612 7 22 591.304 238.568 
-5.92999 -1.73451 7 23 340.986 140.254 
-5.37012 0.037908 7 24 389.942 284.333 
-5.21106 1.44812 7 29 412.265 410.832 
-5.40598 0.152698 7 30 388.279 294.317 
-3.76175 1.7333 7 32 552.215 476.053 
-5.875 -0.508694 7 36 352.788 239.376 
-4.02466 -0.174699 7 39 504.347 262.316 
-3.22548 0.288125 7 40 606.88 316.766 
-5.59816 -0.619665 7 42 369.566 228.448 
-3.26615 1.27581 7 43 611.936 438.158 
-6.33365 0.109205 7 44 330.294 289.445 
-6.25916 0.145289 7 48 334.682 292.34 
-7 -0.503339 4.01391 52 52.6421 265.088 
-7 -0.64261 4.44771 54 99.7929 247.245 
-7 0.78654 5.75191 68 223.142 358.473 
-7 -0.100249 4.19611 69 77.0849 304.86 
-7 -0.527577 4.46053 71 102.052 258.533 
-7 -0.14175 5.47309 72 195.841 284.333 
-7 1.61955 6.53315 73 279.342 407.536 
-7 0.883221 6.2108 82 254.835 357.56 
-7 1.46933 5.82185 93 232.784 413.355 
-7 -0.576654 5.65743 96 206.802 245.979 
