-7 -1.03485 -3.75523 61 0.6473 -0.300763 
-7 0.0943094 -5.21035 64 0.334872 -0.00862541 
-7 1.11392 -6.02536 65 0.207277 0.18193 
-7 0.886694 -5.35798 67 0.315281 0.145231 
-7 1.34911 -4.82912 74 0.422296 0.24598 
-7 0.694743 -5.33965 78 0.316869 0.10817 
-7 1.12101 -6.65735 79 0.118711 0.177087 
-7 -1.84392 -6.0007 85 0.191988 -0.32767 
-7 -0.295975 -5.19552 90 0.334013 -0.0838938 
-7 1.40697 -4.3308 91 0.535803 0.270763 
-7 0.592834 -6.66606 94 0.114955 0.09013 
-7 -1.20087 -3.87679 97 0.611861 -0.330252 
-7 -0.609874 -5.90804 100 0.213542 -0.122352 
-3.17768 1.79522 -7 101 -0.614611 0.454042 
-5.46333 -1.29075 -7 102 -0.120316 -0.250588 
-4.55559 -0.250499 -7 105 -0.269838 -0.0765847 
-5.09885 0.316864 -7 107 -0.173432 0.0448114 
-6.22725 1.4028 -7 110 -0.0100188 0.234706 
-5.05591 -0.451909 -7 117 -0.181647 -0.106616 
-3.56835 0.827876 -7 121 -0.494818 0.17186 
-6.20015 -0.954561 -7 122 -0.0214887 -0.168179 
-3.11373 -0.303232 -7 130 -0.619594 -0.127417 
-3.58737 1.4874 -7 135 -0.492496 0.342696 
-6.2831 -0.370457 -7 140 -0.00949898 -0.0692775 
-5.05277 -1.83336 -7 148 -0.184132 -0.370087 
-6.46998 0.52855 -7 150 0.015731 0.0818732 
