-7 0.21307 2.3409 51 0.177943 0.244316 
-7 -0.503339 4.01391 52 0.521017 0.0756465 
-7 -0.64261 4.44771 54 0.601334 0.046293 
-7 -0.441068 2.32778 56 0.173322 0.088442 
-7 -1.45394 1.58819 66 0.00403632 -0.153771 
-7 -0.100249 4.19611 69 0.559373 0.163784 
-7 -1.07602 2.04225 70 0.108219 -0.0612937 
-7 -0.527577 4.46053 71 0.604829 0.070901 
-7 -1.87164 2.51938 75 0.210941 -0.236503 
-7 -1.9255 2.82609 83 0.275138 -0.243814 
-7 -0.72299 3.2493 84 0.368252 0.0255091 
-7 -0.166603 0.216342 87 -0.347691 0.15907 
-7 1.20864 2.59145 88 0.237349 0.484808 
-7 0.312724 -0.335245 92 -0.50853 0.291946 
-7 -1.0576 1.73598 99 0.0382303 -0.0592077 
