0.794442 1.97164 -7 103 -0.439967 0.494673 
-2.11042 -0.0563179 -7 106 0.384949 -0.315455 
-0.235026 1.16667 -7 114 -0.141479 0.169412 
-0.0787955 1.33173 -7 116 -0.183668 0.231675 
-1.66978 1.93068 -7 118 0.334522 0.315471 
0.474792 -0.485198 -7 124 -0.489506 -0.352279 
-2.10211 -0.684594 -7 129 0.357341 -0.519252 
-3.11373 -0.303232 -7 130 0.663304 -0.431226 
-1.59533 0.795126 -7 132 0.266456 -0.0233978 
0.97797 0.750031 -7 138 -0.587489 0.106154 
-0.615215 -0.161545 -7 146 -0.0887383 -0.287197 
