-1.97014 0.361326 7 3 0.0945727 0.120207 
-2.93389 0.906698 7 9 -0.166433 0.255289 
-2.14837 -1.21575 7 10 0.0628039 -0.33091 
-0.578608 0.00250695 7 11 0.567137 0.0224907 
-0.39693 -1.00404 7 12 0.638744 -0.323372 
-4.80195 0.41523 7 21 -0.534011 0.095476 
-3.28746 -0.347612 7 22 -0.227072 -0.083056 
-5.92999 -1.73451 7 23 -0.66515 -0.352552 
-5.37012 0.037908 7 24 -0.618484 0.00709376 
-5.21106 1.44812 7 29 -0.623092 0.325202 
-5.40598 0.152698 7 30 -0.626393 0.0318378 
-2.84657 -0.836733 7 31 -0.11887 -0.213661 
-3.76175 1.7333 7 32 -0.365205 0.449085 
-2.21352 -0.0799941 7 33 0.0315855 -0.0116519 
-5.875 -0.508694 7 36 -0.682252 -0.107658 
-4.02466 -0.174699 7 39 -0.381828 -0.0388079 
-3.22548 0.288125 7 40 -0.223823 0.0819838 
-5.59816 -0.619665 7 42 -0.639614 -0.132268 
-3.26615 1.27581 7 43 -0.249817 0.346161 
-2.70348 -0.732172 7 47 -0.0859672 -0.18841 
