-2.93389 0.906698 7 9 618.717 409.654 
-4.80195 0.41523 7 21 403.351 339.203 
-3.28746 -0.347612 7 22 546.06 251.451 
-5.92999 -1.73451 7 23 303.811 162.588 
-5.37012 0.037908 7 24 356.638 304.602 
-5.21106 1.44812 7 29 383.774 433.002 
-5.40598 0.152698 7 30 355.425 314.77 
-2.84657 -0.836733 7 31 597.406 182.394 
-5.875 -0.508694 7 36 318.768 260.748 
-4.02466 -0.174699 7 39 465.526 278.068 
-3.22548 0.288125 7 40 565.385 328.218 
-5.59816 -0.619665 7 42 334.664 249.194 
-3.26615 1.27581 7 43 577.815 450.535 
-6.33365 0.109205 7 44 298.54 312.225 
-2.70348 -0.732172 7 47 621.176 192.193 
-6.25916 0.145289 7 48 302.952 314.988 
-7 -0.503339 4.01391 52 4.08347 297.738 
-7 -0.64261 4.44771 54 55.4936 277.501 
-7 0.78654 5.75191 68 189.386 388.023 
-7 -0.100249 4.19611 69 30.8569 338.391 
-7 -0.527577 4.46053 71 57.9827 289.101 
-7 -0.14175 5.47309 72 159.037 312.253 
-7 1.61955 6.53315 73 250.244 436.597 
-7 0.883221 6.2108 82 223.084 385.584 
-7 1.46933 5.82185 93 200.746 445.197 
-7 -0.576654 5.65743 96 170.084 272.513 
