-7 0.21307 2.3409 51 423.186 369.071 
-7 -0.503339 4.01391 52 582.096 289.288 
-7 -0.64261 4.44771 54 619.545 275.29 
-7 -0.441068 2.32778 56 419.967 296.308 
-7 -1.45394 1.58819 66 340.717 185.38 
-7 -0.100249 4.19611 69 601.198 330.547 
-7 -1.07602 2.04225 70 388.959 227.288 
-7 -0.527577 4.46053 71 621.502 286.803 
-7 -1.87164 2.51938 75 435.049 146.407 
-7 -1.9255 2.82609 83 464.545 142.671 
-7 -0.72299 3.2493 84 510.054 266.411 
-7 -0.166603 0.216342 87 181.282 330.356 
-7 0.312724 -0.335245 92 108.263 392.052 
-7 -1.0576 1.73598 99 356.822 228.554 
