1.69792 -0.977731 -7 104 0.311297 -0.394482 
5.64257 -0.481715 -7 109 -0.557762 -0.297252 
2.26927 0.767181 -7 111 0.0572502 0.10199 
2.74139 -0.240151 -7 113 -0.0174592 -0.195429 
6.30632 -1.54879 -7 115 -0.617565 -0.515392 
4.50714 -1.04124 -7 119 -0.356049 -0.414175 
2.98659 0.138239 -7 123 -0.0928233 -0.101064 
4.46367 -0.542201 -7 125 -0.366269 -0.298786 
3.77354 -0.887468 -7 133 -0.221872 -0.376173 
6.08103 -0.977971 -7 134 -0.604231 -0.401408 
3.34213 1.4046 -7 137 -0.224107 0.207206 
0.97797 0.750031 -7 138 0.459849 0.182663 
4.29646 -0.0380129 -7 139 -0.354534 -0.179339 
6.59087 -1.1778 -7 141 -0.665574 -0.440808 
4.8725 1.3091 -7 142 -0.499341 0.104812 
6.26277 1.2623 -7 143 -0.694761 0.0403452 
1.9715 1.13953 -7 144 0.120902 0.227804 
1.45576 0.553777 -7 145 0.307034 0.0870668 
