9.29836 -2.71449 1.94602 503 112.766 432.57 
9.54954 -2.56948 1.62614 504 132.544 404.606 
9.1254 -2.81435 -0.972402 505 111.723 214.513 
8.36902 -3.25105 -1.59632 512 47.0014 152.026 
9.51565 -2.58904 1.12107 521 132.819 366.579 
8.29682 -3.29273 -0.961132 526 37.3576 203.01 
9.28962 -2.71954 -1.63781 531 125.795 168.411 
8.80092 -3.00169 1.19755 545 76.4987 384.157 
8.43181 -3.2148 -0.531218 590 49.7484 239.505 
8.52047 -3.16361 0.124086 605 55.5199 297.838 
8.58348 -3.12723 -1.98018 608 70.7216 126.029 
8.21821 -3.33812 0.87683 609 18.3478 366.361 
8.95105 -2.91501 -0.0284258 613 93.8665 284.167 
8.58134 -3.12847 1.5153 614 52.2219 416.49 
8.24406 -3.3232 1.57934 624 16.9889 429.995 
8.74387 -3.03463 -1.74637 631 83.6546 149.334 
8.37201 -3.24932 -1.42691 633 46.5737 164.409 
8.5643 -3.13831 0.571234 665 56.532 333.23 
8.78782 -3.00925 1.27741 666 73.3151 392.139 
8.98332 -2.89638 -0.0875092 671 97.1598 280.391 
9.50215 -2.59683 -1.80067 679 139.787 160.181 
8.96859 -2.90489 1.45636 680 87.2696 403.022 
9.51544 -2.58916 0.00507541 681 135.545 288.289 
8.52145 -3.16304 1.28747 684 48.1275 397.47 
8.15199 -3.37635 -0.280505 689 17.6211 261.379 
8.26763 -3.30959 0.733282 692 25.4532 351.652 
8.16644 -3.36801 1.19775 712 11.1872 398.187 
8.51548 -3.16649 1.61138 714 47.5766 426.895 
9.11375 -2.82108 -0.331225 726 107.058 261.599 
9.21579 -2.76217 -1.66979 736 119.501 163.183 
9.10626 -2.8254 1.29642 737 101.644 388.049 
8.61615 -3.10837 -1.12108 742 69.5169 193.986 
8.54451 -3.14973 -0.0560757 747 57.5786 280.764 
9.02166 -1.62597 0.310692 751 192.937 311.182 
8.84921 -1.32728 1.80752 757 210.945 433.173 
9.23701 -1.99898 0.725578 758 169.692 342.722 
8.51992 -0.756939 0.408137 759 256.59 319.224 
8.29274 -0.363451 -1.35134 761 287.928 170.008 
6.72499 2.35198 -0.698686 765 607.231 200.139 
6.84891 2.13734 -1.72634 766 563.772 87.8109 
7.18459 1.55593 0.710517 768 494.696 365.828 
7.75054 0.575679 1.75169 773 380.115 463.438 
8.11102 -0.0486967 -1.08378 774 315.758 189.501 
7.65875 0.734657 0.495993 779 393.238 336.555 
6.87834 2.08637 1.48366 780 578.091 470.901 
9.27207 -2.0597 -0.388348 784 168.376 256.833 
6.61901 2.53554 -1.90015 786 627.844 54.7131 
7.07393 1.74759 -1.06522 794 512.952 168.496 
7.7677 0.545948 0.346374 797 374.04 319.849 
6.99287 1.88799 0.446143 798 540.284 338.414 
8.5833 -0.866718 0.816146 801 246.205 354.37 
8.13241 -0.0857393 -1.69052 803 312.282 139.047 
8.79364 -1.23104 1.71911 805 218.613 427.092 
7.79816 0.49319 1.85753 808 370.058 471.772 
6.6228 2.52897 -1.96054 809 625.359 48.0617 
7.13747 1.63753 -1.91994 811 494.072 78.9288 
7.48096 1.04259 -1.87628 812 422.727 99.0098 
7.81192 0.469365 1.38832 814 366.556 424.764 
8.27608 -0.334586 -0.00492856 815 289.916 285.852 
7.72815 0.61446 -0.217688 816 377.805 265.508 
8.79838 -1.23924 -0.076131 817 221.447 279.666 
7.65524 0.740743 -1.67984 818 391.192 124.627 
8.9917 -1.57408 -0.263508 820 198.727 266.154 
8.44778 -0.631981 -1.44841 825 267.581 165.809 
7.71438 0.638309 -0.336083 827 381.373 252.173 
7.15574 1.60589 0.615543 828 499.542 353.385 
9.26539 -2.04812 -1.79237 829 173.612 157.341 
8.37839 -0.511796 0.804967 830 275.711 357.249 
7.85255 0.39899 0.707979 831 360.763 355.234 
7.0505 1.78818 -1.26688 833 518.182 145.022 
9.00086 -1.58994 1.58986 834 194.881 413.812 
6.68672 2.41826 0.33091 836 624.352 327.62 
8.05704 0.0447927 0.347131 837 323.849 317.325 
8.22434 -0.244979 -0.782358 838 300.486 218.231 
7.41493 1.15696 -1.61534 839 435.85 122.271 
8.81824 -1.27364 -0.967993 842 219.793 210.402 
9.4474 -2.36338 -1.09642 844 153.699 206.798 
8.71228 -1.09011 -0.848161 845 232.764 219.443 
8.83929 -1.31011 1.12568 849 214.316 378.974 
6.64876 2.484 -1.60616 850 622.217 89.1837 
8.421 -0.585604 -0.76008 856 271.024 220.928 
7.47605 1.05111 -1.34417 857 426.421 151.579 
8.71634 -1.09715 -1.05762 862 232.588 201.252 
7.07604 1.74394 0.502742 871 519.485 344.298 
6.81272 2.20003 1.31801 874 595.832 452.351 
8.05963 0.040311 0.283874 878 323.644 310.659 
8.79205 -1.22828 1.24024 880 218.645 389.047 
9.26617 -2.04948 1.18971 881 165.379 375.881 
6.67343 2.44128 -1.01357 882 619.241 161.54 
8.55161 -0.811824 0.960383 887 251.943 368.913 
8.75985 -1.1725 0.775444 893 224.801 350.757 
7.68639 0.686781 -1.10309 898 387.626 180.2 
7.3611 1.2502 0.0561545 900 452.64 291.6 
7.13224 1.6466 -0.977877 901 500.384 178.552 
8.49526 -0.714226 0.0445874 902 258.199 288.616 
6.93416 1.98968 -1.06451 904 547.653 164.245 
6.87866 2.08582 -0.0270921 907 567.853 282.714 
6.77251 2.26967 -0.747548 908 593.416 195.472 
9.19568 -1.92739 0.768329 913 173.119 344.771 
7.05959 1.77242 -1.7808 914 514.951 89.8006 
7.703 0.65802 -0.183774 927 383.508 268.829 
8.84897 -1.32687 1.20156 929 214.34 382.889 
8.21418 -0.227369 1.2496 933 298.899 401.388 
8.99498 -1.57975 1.82216 934 194.524 431.332 
6.67513 2.43834 -0.321965 935 624.144 245.924 
6.75528 2.29951 -0.729401 938 597.92 197.847 
8.51325 -0.745376 -0.600431 941 257.599 235.036 
8.81557 -1.26902 -1.19832 944 222.176 194.439 
8.73736 -1.13355 1.94259 946 224.2 449.311 
7.78699 0.51253 1.89064 949 371.352 476.527 
7.05329 1.78334 -1.18945 950 517.486 154.356 
8.23755 -0.267852 -0.0508432 959 296.269 283.777 
9.40671 -2.2929 1.01021 963 152.244 360.568 
6.68153 2.42724 -0.314303 968 621.861 245.445 
7.36792 1.23839 -0.614933 971 448.885 222.416 
8.33271 -0.432673 -0.868744 976 282.806 211.319 
7.61247 0.814808 -0.677047 978 397.165 217.688 
9.36968 -2.22876 1.49865 979 153.243 399.269 
9.47971 -2.41934 0.180696 982 146.343 300.601 
8.49831 -0.719498 -1.83038 985 260.485 137.205 
8.14802 -0.112783 1.12075 986 310.35 388.985 
8.42012 -0.584075 0.413676 987 269.718 323.646 
8.18073 -0.169436 -0.844467 988 304.153 212.399 
9.45187 -2.37112 -1.5872 989 151.689 176.225 
8.99905 -1.58682 1.73484 994 193.775 424.131 
8.82589 -1.28688 1.75285 1000 214.009 428.494 
