-7 0.46862 -2.98529 58 587.55 217.722 
-7 -1.03485 -3.75523 61 485.867 65.2937 
-7 0.0943094 -5.21035 64 365.857 197.573 
-7 1.11392 -6.02536 65 318.964 282.438 
-7 0.886694 -5.35798 67 361.45 264.971 
-7 1.34911 -4.82912 74 404.997 305.285 
-7 0.694743 -5.33965 78 361.245 249.019 
-7 1.12101 -6.65735 79 282.33 281.9 
-7 0.821262 -3.48263 80 529.305 258.095 
-7 -1.84392 -6.0007 85 296.273 46.0708 
-7 -0.295975 -5.19552 90 363.806 163.625 
-7 1.40697 -4.3308 91 447.817 313.059 
-7 0.592834 -6.66606 94 277.685 243.671 
-7 -1.20087 -3.87679 97 471.827 51.0056 
-7 1.52805 -2.92335 98 602.188 336.468 
-7 -0.609874 -5.90804 100 312.427 145.865 
-5.46333 -1.29075 -7 102 144.049 94.0152 
-4.55559 -0.250499 -7 105 73.7963 191.169 
-5.09885 0.316864 -7 107 133.097 242.081 
-6.22725 1.4028 -7 110 224.999 314.67 
-5.05591 -0.451909 -7 117 119.632 170.141 
-6.20015 -0.954561 -7 122 201.069 129.171 
-6.2831 -0.370457 -7 140 211.929 176.292 
-5.05277 -1.83336 -7 148 101.171 35.2227 
-6.46998 0.52855 -7 150 231.262 244.783 
