-1.97014 0.361326 7 3 0.107221 0.115338 
-2.93389 0.906698 7 9 -0.153029 0.252863 
-2.14837 -1.21575 7 10 0.0714679 -0.33438 
-0.578608 0.00250695 7 11 0.581071 0.0126912 
-0.39693 -1.00404 7 12 0.649475 -0.333998 
-4.80195 0.41523 7 21 -0.521088 0.0970398 
-3.28746 -0.347612 7 22 -0.216249 -0.084077 
-5.92999 -1.73451 7 23 -0.654324 -0.346881 
-5.37012 0.037908 7 24 -0.605739 0.00992982 
-5.21106 1.44812 7 29 -0.608353 0.326854 
-5.40598 0.152698 7 30 -0.613454 0.0346355 
-2.84657 -0.836733 7 31 -0.109196 -0.215413 
-3.76175 1.7333 7 32 -0.350284 0.448284 
-2.21352 -0.0799941 7 33 0.042968 -0.0156997 
-5.875 -0.508694 7 36 -0.669846 -0.10349 
-4.02466 -0.174699 7 39 -0.370339 -0.0383025 
-3.22548 0.288125 7 40 -0.211746 0.0804196 
-5.59816 -0.619665 7 42 -0.627613 -0.128428 
-3.26615 1.27581 7 43 -0.235719 0.344424 
-2.70348 -0.732172 7 47 -0.0761123 -0.190645 
