1.69792 -0.977731 -7 104 363.15 137.301 
2.77254 -1.94854 -7 108 244.116 17.9269 
2.26927 0.767181 -7 111 265.71 368.107 
2.74139 -0.240151 -7 113 224.277 228.609 
4.50714 -1.04124 -7 119 62.7865 127.94 
2.98659 0.138239 -7 123 191.834 273.657 
0.474792 -0.485198 -7 124 544.302 215.121 
4.46367 -0.542201 -7 125 59.412 182.145 
3.77354 -0.887468 -7 133 126.556 145.623 
1.03314 -1.58354 -7 136 466.285 51.2204 
3.34213 1.4046 -7 137 135.907 426.229 
0.97797 0.750031 -7 138 446.062 397.725 
4.29646 -0.0380129 -7 139 66.6597 239.045 
1.9715 1.13953 -7 144 298.172 427.373 
1.45576 0.553777 -7 145 376.736 356.128 
0.206379 -1.0164 -7 147 597.851 133.164 
