1.50492 8.95177 -1.01173 5 355.039 225.187 
-0.0798114 8.03682 -1.36918 7 522.378 166.606 
2.56137 9.56171 -1.26435 9 282.653 213.87 
-0.178643 7.97976 0.508014 11 544.388 396.574 
0.882168 8.59222 -0.707979 12 411.148 249.079 
0.899845 8.60243 -1.45278 14 410.088 178.946 
0.308716 8.26114 -0.602419 18 476.399 259.575 
1.53151 8.96712 0.925447 27 353.284 402.135 
1.89409 9.17646 -0.898766 30 327.986 238.032 
1.20489 8.77855 1.35968 34 379.763 454.855 
0.643979 8.45471 0.172026 37 438.31 342.101 
1.0009 8.66077 1.01151 39 400.779 423.937 
1.35417 8.86473 -1.19204 41 369.387 206.304 
2.2299 9.37034 -1.63427 48 304.078 180.878 
-0.421209 7.83972 -1.17149 54 576.928 184.902 
-0.449959 7.82312 -0.349133 56 585.024 291.165 
1.11916 8.72905 0.11871 59 388.479 331.567 
2.502 9.52743 1.21213 60 283.289 410.13 
0.976565 8.64672 0.659001 63 402.886 387.504 
2.48091 9.51526 -1.52748 64 287.557 193.183 
1.84359 9.1473 -0.734752 70 330.417 250.952 
2.0992 9.29488 1.12901 72 309.129 410.198 
2.43447 9.48845 -1.27169 74 291.763 210.113 
0.772201 8.52873 0.816256 76 422.399 408.173 
2.20527 9.35612 0.861552 89 303.242 385.458 
0.17216 8.1823 0.981234 106 496.346 445.438 
-0.30588 7.9063 0.0837691 108 563.458 345.602 
1.53832 8.97105 -0.336704 110 353.018 284.919 
-0.383025 7.86176 0.22409 112 576.624 363.671 
1.39446 8.888 1.03195 114 364.249 416.928 
1.68572 9.05615 0.970133 121 341.042 405.091 
0.0926466 8.13639 -1.10015 128 501.271 203.287 
1.04442 8.6859 0.452906 133 396.166 365.382 
2.0713 9.27877 -0.869126 143 315.438 242.589 
2.40916 9.47383 1.43867 146 288.276 431.907 
-0.582336 7.74669 0.181318 147 612.147 360.527 
-0.447254 7.82468 0.726916 148 592.835 434.065 
-0.106953 8.02115 -0.188349 150 532.021 308.231 
2.34296 9.43561 0.313575 151 293.558 337.635 
1.8128 9.12952 -1.61907 155 335.781 177.032 
1.66029 9.04147 -0.791988 162 344.577 246.075 
1.18573 8.76749 -1.30616 163 383.53 195.43 
-0.717429 7.6687 0.357392 164 637.07 391.328 
0.827608 8.56072 -0.196826 177 419.02 304.88 
0.817645 8.55497 1.17423 181 418.436 445.696 
-0.0741699 8.04008 -1.61407 185 523.256 140.65 
-0.509556 7.78871 -1.73933 187 589.026 113.366 
1.11154 8.72465 -0.22035 188 390.652 297.824 
-0.560641 7.75922 -0.484044 192 602.645 271.342 
1.01143 8.66685 -1.03298 194 400.513 219.005 
1.63059 9.02433 -0.54542 202 347.197 265.478 
0.530427 8.38915 0.212413 206 451.336 346.62 
-0.0829147 8.03503 0.967789 213 532.36 452.586 
0.498224 8.37055 -0.257251 218 452.42 296.914 
0.842776 8.56948 1.16326 230 417.091 445.111 
2.3848 9.45977 -0.140995 231 291.536 302.477 
1.20088 8.77623 0.396294 235 382.482 357.294 
-0.177513 7.98042 -1.74127 236 536.221 120.848 
-0.477256 7.80736 0.692004 238 595.183 428.789 
2.1672 9.33414 0.137181 241 306.648 323.998 
2.5324 9.54499 -0.521146 243 285.492 271.316 
0.34969 8.2848 -0.208161 246 470.375 302.739 
2.29158 9.40595 0.467399 249 297.876 349.536 
3.95041 7.15768 -0.115486 754 36.7212 308.18 
2.79672 9.15593 1.45335 762 249.917 436.837 
3.65369 7.67162 -0.409443 763 110.317 274.335 
3.63308 7.70731 -0.253667 767 113.11 290.656 
3.94821 7.16151 -0.305332 771 38.5588 284.404 
3.17581 8.49933 -0.450529 776 201.075 272.205 
2.96438 8.86554 -0.466828 778 230.823 271.376 
3.01964 8.76982 1.66075 782 215.401 465.636 
2.91765 8.94648 -1.66232 783 241.405 175.055 
3.94393 7.16891 1.20445 790 26.7516 468.917 
2.7584 9.22231 -0.310632 792 257.269 286.802 
4.05686 6.97332 -1.81735 802 23.297 106.026 
3.73411 7.53233 -1.49404 804 100.991 159.894 
3.68413 7.6189 -0.207288 807 101.22 296.973 
2.74211 9.25053 -1.73828 813 264.605 173.706 
3.75485 7.49641 -1.09591 823 92.5268 200.711 
3.57856 7.80176 -0.875216 840 130.186 227.322 
2.75988 9.21974 0.955628 841 254.82 391.474 
3.12713 8.58365 0.949699 846 204.063 402.901 
3.4808 7.97107 -1.62753 851 153.239 156.816 
3.61746 7.73437 -1.94874 852 126.311 117.785 
3.11682 8.6015 1.29664 853 201.136 433.469 
3.59494 7.77338 0.739111 854 115.501 398.333 
3.21408 8.43306 1.15774 858 185.127 427.941 
3.63106 7.71081 -1.67758 859 122.689 145.939 
3.27878 8.32099 -1.03834 860 183.842 219.65 
4.06751 6.95487 -1.6458 865 18.8411 123.489 
2.83011 9.0981 -0.827008 869 249.109 243.775 
3.62176 7.72692 0.659348 870 111.955 390.173 
2.74336 9.24836 0.533191 877 257.414 357.674 
3.47475 7.98155 1.30736 888 138.073 453.979 
3.96207 7.13749 -0.131759 891 33.2244 305.444 
3.79506 7.42677 -1.15471 899 83.2606 190.357 
3.15471 8.53588 -0.806247 915 203.589 242.011 
3.62319 7.72445 -0.430218 916 115.893 273.823 
3.37491 8.15449 -1.18787 917 167.945 202.834 
3.88292 7.27458 0.732852 918 45.833 408.967 
3.89561 7.2526 -0.984565 922 58.098 207.95 
3.15548 8.53455 -1.95746 923 207.342 141.647 
2.665 9.38408 0.586617 924 267.155 359.015 
3.45706 8.01219 0.602811 925 145.536 378.396 
3.20202 8.45395 0.188458 931 191.06 333.684 
2.78152 9.18227 -1.96749 936 259.756 152.355 
3.59191 7.77864 1.36064 942 112.655 467.083 
3.02515 8.76029 0.646829 955 218.513 372.425 
2.99518 8.81219 -1.02389 956 228.851 224.919 
2.88729 8.99907 -0.922446 958 242.061 234.921 
2.80084 9.14881 -0.0563065 974 251.371 308.319 
2.74799 9.24035 0.800252 981 257.495 379.499 
