-7 0.0943094 -5.21035 64 0.694076 0.28741 
-7 1.11392 -6.02536 65 0.50213 0.464972 
-7 0.886694 -5.35798 67 0.651308 0.461429 
-7 0.694743 -5.33965 78 0.657353 0.418141 
-7 1.12101 -6.65735 79 0.389325 0.428169 
-7 -1.84392 -6.0007 85 0.538603 -0.104928 
-7 0.592834 -6.66606 94 0.395065 0.329416 
-7 -0.609874 -5.90804 100 0.544072 0.122722 
-5.46333 -1.29075 -7 102 0.195233 -0.053239 
-4.55559 -0.250499 -7 105 0.0353621 0.120193 
-2.11042 -0.0563179 -7 106 -0.563614 0.0828966 
-5.09885 0.316864 -7 107 0.108272 0.250933 
-6.22725 1.4028 -7 110 0.242349 0.470036 
-5.05591 -0.451909 -7 117 0.120084 0.0926638 
-3.07632 -1.96878 -7 120 -0.195809 -0.34654 
-3.56835 0.827876 -7 121 -0.197454 0.361211 
-6.20015 -0.954561 -7 122 0.279783 0.033687 
-2.10211 -0.684594 -7 129 -0.525333 -0.103755 
-3.11373 -0.303232 -7 130 -0.257605 0.0582918 
-6.2831 -0.370457 -7 140 0.27982 0.138493 
-5.05277 -1.83336 -7 148 0.150705 -0.173307 
-6.46998 0.52855 -7 150 0.286767 0.303142 
