-3.49077 1.97493 7 8 636.055 466.898 
-4.80195 0.41523 7 21 495.168 269.85 
-5.92999 -1.73451 7 23 409.676 81.8863 
-5.37012 0.037908 7 24 448.851 231.744 
-5.21106 1.44812 7 29 460.145 356.891 
-5.40598 0.152698 7 30 446.103 241.682 
-3.76175 1.7333 7 32 601.678 427.958 
-5.875 -0.508694 7 36 413.358 184.972 
-4.02466 -0.174699 7 39 576.228 213.754 
-5.59816 -0.619665 7 42 432.365 174.35 
-6.33365 0.109205 7 44 385.167 234.496 
-6.25916 0.145289 7 48 389.531 237.546 
-7 -0.503339 4.01391 52 127.469 186.334 
-7 -0.64261 4.44771 54 170.044 173.297 
-7 0.78654 5.75191 68 277.267 292.207 
-7 -0.100249 4.19611 69 148.06 226.565 
-7 -0.527577 4.46053 71 171.711 184.462 
-7 -0.14175 5.47309 72 256.005 218.27 
-7 1.61955 6.53315 73 326.045 344.679 
-7 0.883221 6.2108 82 306.463 294.748 
-7 -0.72299 3.2493 84 35.3665 160.008 
-7 1.46933 5.82185 93 283.122 344.768 
-7 -0.576654 5.65743 96 268.109 181.71 
