-7 0.0943094 -5.21035 64 510.758 261.685 
-7 1.11392 -6.02536 65 446.784 349.04 
-7 0.886694 -5.35798 67 499.852 334.058 
-7 1.34911 -4.82912 74 551.916 384.806 
-7 0.694743 -5.33965 78 500.954 316.496 
-7 1.12101 -6.65735 79 404.014 344.732 
-7 -1.84392 -6.0007 85 444.852 111.74 
-7 -0.295975 -5.19552 90 510.966 226.351 
-7 1.40697 -4.3308 91 608.593 399.687 
-7 0.592834 -6.66606 94 403.272 303.764 
-7 -0.609874 -5.90804 100 453.017 206.484 
-3.17768 1.79522 -7 101 69.4051 460.614 
-5.46333 -1.29075 -7 102 300.838 143.886 
-4.55559 -0.250499 -7 105 231.795 221.455 
-5.09885 0.316864 -7 107 272.558 278.33 
-6.22725 1.4028 -7 110 343.439 369.436 
-5.05591 -0.451909 -7 117 271.352 208.739 
-3.07632 -1.96878 -7 120 90.4901 3.2328 
-3.56835 0.827876 -7 121 128.116 332.109 
-6.20015 -0.954561 -7 122 343.781 182.273 
-3.11373 -0.303232 -7 130 80.6744 194.754 
-3.58737 1.4874 -7 135 125.477 411.161 
-6.2831 -0.370457 -7 140 347.833 227.801 
-5.05277 -1.83336 -7 148 274.48 89.6328 
-6.46998 0.52855 -7 150 357.226 298.206 
