-5.21737 5.07065 -0.784054 2 -0.149089 -0.301693 
-6.30704 4.44153 1.88748 3 0.189931 0.303647 
-4.28285 5.6102 -0.35009 4 -0.442363 -0.171118 
-7.32861 3.85173 1.20236 16 0.380722 0.103897 
-4.55705 5.45189 0.173982 17 -0.326425 -0.0277215 
-8.8069 2.99824 -0.956076 24 0.601836 -0.341409 
-8.89169 2.94928 -0.604829 26 0.614784 -0.276495 
-7.27042 3.88532 -0.762006 28 0.342543 -0.303072 
-3.73636 5.92572 1.85444 31 -0.552389 0.510185 
-5.58769 4.85685 -0.0889875 33 -0.0261725 -0.127421 
-4.90516 5.25091 0.957061 35 -0.186646 0.167111 
-3.74583 5.92025 -0.779907 36 -0.677875 -0.296547 
-9.15905 2.79493 1.33263 40 0.666822 0.0647321 
-4.01906 5.7625 0.688089 42 -0.497492 0.144199 
-6.52013 4.31851 -0.668232 44 0.187852 -0.280335 
-5.48126 4.9183 1.10702 45 -0.021189 0.17138 
-8.69401 3.06342 -0.315471 46 0.592632 -0.220716 
-5.01404 5.18805 -1.36312 47 -0.230329 -0.46474 
-5.40315 4.96339 -0.284863 49 -0.0785636 -0.172532 
-9.17118 2.78792 0.352843 50 0.661937 -0.105553 
-6.99514 4.04426 0.162238 53 0.304402 -0.0989939 
-7.12929 3.9668 -0.413303 57 0.320842 -0.222179 
-7.76282 3.60104 -1.23079 58 0.42559 -0.401317 
-9.06868 2.8471 0.616604 61 0.648761 -0.0553734 
-4.59121 5.43217 1.87801 62 -0.251424 0.425399 
-6.35552 4.41354 0.367926 65 0.177352 -0.0422886 
-3.74961 5.91807 1.32639 66 -0.571221 0.357345 
-8.32689 3.27537 0.102633 68 0.533522 -0.138429 
-6.73615 4.19379 -0.772225 73 0.234143 -0.306896 
-4.04408 5.74805 -1.06717 77 -0.566741 -0.390951 
-4.14277 5.69108 0.84443 78 -0.442411 0.185937 
-8.43422 3.2134 0.143156 79 0.551959 -0.128132 
-7.01524 4.03265 0.767731 80 0.317598 0.0249231 
-6.84889 4.1287 -1.69131 81 0.242654 -0.515568 
-8.57211 3.13379 0.696853 83 0.578526 -0.0316846 
-4.32489 5.58593 1.53801 86 -0.345113 0.362945 
-4.13014 5.69837 -1.41351 88 -0.546692 -0.496512 
-7.84704 3.55241 -1.4571 93 0.439152 -0.449471 
-6.07518 4.57539 0.411442 94 0.10903 -0.0218701 
-6.7471 4.18746 0.728183 95 0.26232 0.0273194 
-6.83682 4.13566 0.932129 96 0.284886 0.0682137 
-8.21684 3.33891 0.855065 98 0.526898 0.00923741 
-5.96131 4.64114 0.2828 99 0.0778845 -0.0501665 
-5.72779 4.77596 -0.0479517 100 0.0139959 -0.12005 
-4.97487 5.21066 0.882942 102 -0.171275 0.145168 
-8.30606 3.2874 -0.374033 103 0.529116 -0.228551 
-6.83515 4.13663 0.928504 104 0.287041 0.0680084 
-6.45698 4.35497 0.0373591 113 0.190684 -0.115864 
-5.86459 4.69698 1.11578 115 0.0735745 0.152452 
-3.7582 5.9131 1.64694 119 -0.557009 0.447203 
-4.62783 5.41102 -0.263344 122 -0.317968 -0.149322 
-5.82616 4.71917 1.05356 123 0.0657278 0.138302 
-7.76272 3.6011 -1.33649 124 0.424804 -0.427159 
-4.37657 5.55609 0.727218 125 -0.367266 0.137793 
-9.4138 2.64784 -0.749638 127 0.684221 -0.305932 
-6.48824 4.33692 0.602459 130 0.207362 0.00911547 
-9.10665 2.82518 -0.067222 132 0.652612 -0.18053 
-8.31486 3.28232 -0.998132 134 0.524633 -0.352913 
-7.54306 3.72791 -0.636474 136 0.399308 -0.277734 
-8.32648 3.27561 -0.916176 137 0.522421 -0.333292 
-7.75055 3.60812 0.607921 138 0.451223 -0.0280321 
-8.89144 2.94943 -0.995818 139 0.610478 -0.346389 
-8.50915 3.17015 -1.43562 142 0.545424 -0.434193 
-6.25679 4.47054 0.905937 144 0.16256 0.0845691 
-8.55092 3.14603 -1.2267 145 0.558313 -0.394696 
-9.27136 2.73008 -1.79969 152 0.657395 -0.500618 
-5.45173 4.93535 -0.474326 153 -0.0683187 -0.224013 
-7.61388 3.68703 -1.43304 154 0.397273 -0.441837 
-8.81769 2.99201 -0.933105 158 0.595817 -0.335708 
-5.18032 5.09204 -1.54133 165 -0.181748 -0.507361 
-5.69185 4.79671 -0.755463 167 -0.0124441 -0.296651 
-6.08649 4.56887 1.43535 170 0.129698 0.212183 
-6.68884 4.2211 0.597207 171 0.245551 0.00226834 
-7.21392 3.91795 1.54448 173 0.367262 0.181344 
-7.83448 3.55966 -0.735079 174 0.446343 -0.296554 
-5.13805 5.11645 1.50194 175 -0.101827 0.289449 
-9.09008 2.83474 -1.5709 176 0.631985 -0.458693 
-5.92197 4.66385 1.33939 179 0.0907036 0.20166 
-5.55644 4.87489 1.22347 180 0.00317066 0.195146 
-5.92731 4.66077 1.73781 182 0.10211 0.291189 
-5.70558 4.78878 -0.80519 184 -0.00776891 -0.305812 
-7.69247 3.64165 -1.44056 186 0.40972 -0.451676 
-4.00147 5.77265 1.17768 189 -0.482961 0.292342 
-6.79289 4.16102 0.492295 190 0.267552 -0.026511 
-8.58962 3.12368 -0.807997 201 0.570021 -0.316173 
-4.54546 5.45858 1.2223 207 -0.29353 0.26042 
-9.31972 2.70216 0.881481 208 0.681236 -0.0126389 
-6.12407 4.54717 1.70161 211 0.147217 0.273386 
-4.20889 5.6529 1.89089 215 -0.379304 0.466349 
-6.59885 4.27306 -1.66716 216 0.187768 -0.511642 
-5.75689 4.75916 -1.40167 219 -0.0130464 -0.463618 
-4.56488 5.44737 -0.00874334 220 -0.330232 -0.0789408 
-7.86451 3.54233 1.45463 223 0.476809 0.132981 
-7.66224 3.65911 -1.56845 226 0.403195 -0.477256 
-7.55688 3.71994 1.11487 232 0.418354 0.0776465 
-6.86074 4.12186 0.00652214 233 0.275089 -0.128855 
-8.6765 3.07352 1.96596 234 0.607257 0.191899 
-7.02658 4.02611 -1.06432 239 0.289342 -0.373571 
-8.03402 3.44446 -0.562411 242 0.479867 -0.264918 
-4.83444 5.29174 -0.69456 244 -0.262716 -0.274586 
-8.14068 3.38288 -0.0878003 245 0.506848 -0.170817 
-6.54441 4.30449 1.25315 248 0.234977 0.148925 
-3.8183 5.87841 -0.432496 250 -0.627089 -0.188806 
