1.69792 -0.977731 -7 104 0.200924 -0.311552 
5.64257 -0.481715 -7 109 -0.65825 -0.218377 
2.26927 0.767181 -7 111 -0.0314461 0.182731 
2.74139 -0.240151 -7 113 -0.11223 -0.116084 
4.50714 -1.04124 -7 119 -0.453426 -0.335193 
2.98659 0.138239 -7 123 -0.184939 -0.0210486 
0.474792 -0.485198 -7 124 0.605834 -0.135711 
4.46367 -0.542201 -7 125 -0.462565 -0.219567 
3.77354 -0.887468 -7 133 -0.318349 -0.296499 
1.03314 -1.58354 -7 136 0.443766 -0.503059 
3.34213 1.4046 -7 137 -0.311672 0.295857 
0.97797 0.750031 -7 138 0.362994 0.257185 
4.29646 -0.0380129 -7 139 -0.449411 -0.0988648 
4.8725 1.3091 -7 142 -0.59594 0.194697 
1.9715 1.13953 -7 144 0.0347739 0.309703 
1.45576 0.553777 -7 145 0.212502 0.16384 
