-4.57399 -6.07762 1.59563 258 0.639366 0.151194 
-6.64917 -2.4833 -0.440182 261 -0.419503 -0.499237 
-7.14741 -1.62032 1.76556 264 -0.672959 0.0824302 
-5.66157 -4.19387 -0.652214 270 0.147394 -0.518545 
-6.94006 -1.97946 1.55981 271 -0.571294 0.0392333 
-4.57341 -6.07862 1.60241 272 0.63912 0.1556 
-5.23237 -4.93727 0.70564 274 0.336853 -0.104441 
-6.17442 -3.3056 1.44019 275 -0.176447 0.0418436 
-6.35803 -2.98756 0.146678 278 -0.260934 -0.310579 
-6.14897 -3.34967 0.179673 281 -0.144582 -0.287556 
-6.80803 -2.20814 1.05615 282 -0.503503 -0.0805784 
-5.29126 -4.83526 1.87037 284 0.264689 0.186029 
-4.95189 -5.42307 -0.262658 289 0.541653 -0.364686 
-6.95343 -1.95631 1.29159 291 -0.5732 -0.0266652 
-7.01036 -1.8577 1.45833 300 -0.606802 0.0141114 
-6.64642 -2.48807 1.41126 310 -0.415506 0.0203935 
-4.92427 -5.47091 0.898447 318 0.491013 -0.0338718 
-5.70343 -4.12137 0.704539 329 0.0838254 -0.126391 
-5.29142 -4.83499 -0.290764 343 0.34589 -0.386454 
-4.78378 -5.71426 0.966713 344 0.563123 -0.0149184 
-6.83154 -2.16742 0.486301 345 -0.524245 -0.235714 
-5.42884 -4.59697 1.28117 351 0.213095 0.0344414 
-5.82827 -3.90515 1.73075 357 -0.00254385 0.135369 
-7.13206 -1.6469 0.386525 358 -0.682708 -0.278671 
-6.57086 -2.61894 0.112404 367 -0.378783 -0.3268 
-6.73207 -2.33972 -0.455992 369 -0.467426 -0.50815 
-6.90193 -2.0455 0.150108 371 -0.555214 -0.332231 
-5.20485 -4.98493 0.860305 376 0.345812 -0.0634752 
-5.0994 -5.16757 -0.624233 381 0.474403 -0.478095 
-6.69448 -2.40482 0.483031 384 -0.442717 -0.228046 
-5.96156 -3.67428 1.39164 385 -0.0634835 0.0396726 
-4.55591 -6.10892 1.47438 387 0.652757 0.11924 
-5.24676 -4.91235 0.215207 389 0.349999 -0.238945 
-4.97755 -5.37862 1.00983 392 0.458375 -0.0137691 
-6.74479 -2.31769 0.740399 393 -0.471081 -0.161758 
-4.67743 -5.89845 0.0191106 408 0.674298 -0.267896 
-6.46686 -2.79907 -0.256321 409 -0.315928 -0.432482 
-6.97717 -1.91519 1.81959 414 -0.58839 0.0992344 
-6.00176 -3.60464 0.426871 430 -0.0661157 -0.213846 
-6.84225 -2.14887 1.74644 436 -0.520299 0.090469 
-5.16969 -5.04583 -0.141549 437 0.408502 -0.335583 
-4.8407 -5.61566 -0.0396453 440 0.591468 -0.2897 
-6.48803 -2.7624 0.108587 442 -0.327881 -0.329236 
-4.75369 -5.76637 0.970583 446 0.579603 -0.0128474 
-6.50928 -2.7256 -0.0902829 452 -0.341331 -0.387387 
-6.03331 -3.55 -0.591601 458 -0.066469 -0.514588 
-5.68074 -4.16068 0.111245 466 0.116535 -0.286393 
-6.23302 -3.2041 1.90527 471 -0.205623 0.155963 
-5.14801 -5.08339 0.214391 472 0.405459 -0.230289 
-5.88723 -3.80302 -0.421933 473 0.0171169 -0.456942 
-4.6459 -5.95307 0.77707 474 0.643834 -0.0586362 
-4.72984 -5.80768 1.01961 483 0.58852 0.00365639 
-5.72951 -4.0762 -0.498216 489 0.10903 -0.470804 
-5.30136 -4.81777 0.489233 495 0.310193 -0.166426 
