-2.36095 6.71981 0.0648834 6 432.429 168.052 
-3.05032 6.3218 1.27862 8 551.781 349.788 
-1.18389 7.39938 -0.935763 10 244.685 36.4471 
-0.178643 7.97976 0.508014 11 117.569 227.282 
-0.882633 7.57332 -1.15265 15 200.478 9.06874 
0.308716 8.26114 -0.602419 18 52.8238 96.0163 
-2.78176 6.47686 1.65747 19 498.474 401.207 
-0.834292 7.60122 -0.745649 20 192.499 63.503 
-2.65363 6.55083 1.42287 22 477.806 365.979 
-2.57331 6.5972 -0.0115366 25 468.741 156.623 
-1.29918 7.33282 1.56526 29 267.384 364.135 
-2.71663 6.51445 0.575812 32 491.978 244.769 
0.643979 8.45471 0.172026 37 24.8466 188.089 
-1.4565 7.24199 0.969849 43 289.34 291.92 
-2.14768 6.84294 -0.101629 51 394.988 145.916 
-3.33545 6.15718 -0.435976 52 622.133 83.0788 
-0.421209 7.83972 -1.17149 54 138.082 13.159 
-1.24468 7.36429 0.57792 55 257.848 241.743 
-0.449959 7.82312 -0.349133 56 146.283 120.384 
-1.42581 7.25971 0.982136 67 281.744 293.641 
-2.63329 6.56257 1.86537 75 471.576 426.008 
0.772201 8.52873 0.816256 76 14.9585 261.416 
-2.18179 6.82325 0.0567123 84 401.144 169.147 
-1.81168 7.03693 1.23812 85 339.427 330.804 
-2.31638 6.74554 0.814643 87 420.698 277.49 
0.17216 8.1823 0.981234 106 80.4963 283.072 
-1.22592 7.37512 0.548265 107 253.659 236.245 
-0.30588 7.9063 0.0837691 108 131.767 176.098 
-2.27819 6.76759 -0.186085 109 416.78 131.712 
-0.383025 7.86176 0.22409 112 140.755 194.376 
-1.79023 7.04931 1.8524 116 335.03 407.8 
-0.803108 7.61923 -0.814071 117 190.569 56.3913 
-0.964105 7.52628 0.885878 120 218.464 276.424 
0.0926466 8.13639 -1.10015 128 76.5183 30.1975 
-1.20685 7.38613 1.22507 129 252.972 322.922 
-2.44383 6.67196 -0.385326 131 444.428 101.341 
-1.33285 7.31338 0.696058 135 268.22 253.507 
-0.621084 7.72432 1.104 141 176.264 302.647 
-0.582336 7.74669 0.181318 147 164.425 188.258 
-0.447254 7.82468 0.726916 148 151.866 255.674 
-1.07075 7.46471 -0.23607 149 230.394 132.167 
-0.106953 8.02115 -0.188349 150 106.454 142.126 
-2.79823 6.46735 0.492322 157 508.501 233.737 
-2.15233 6.84026 -0.0957294 160 395.409 144.656 
-2.43306 6.67818 0.0756168 161 445.789 169.784 
-0.717429 7.6687 0.357392 164 183.924 210.517 
-2.12399 6.85662 0.667081 166 389.43 255.448 
0.840218 8.568 1.74362 168 17.0225 361.347 
0.0695622 8.12307 1.38063 169 95.9524 327.593 
-1.10514 7.44485 1.99159 172 241.27 414.377 
0.827608 8.56072 -0.196826 177 1.35058 145.856 
0.817645 8.55497 1.17423 181 16.1297 299.177 
-1.43641 7.25359 -1.07042 183 281.585 9.67715 
-1.12203 7.4351 -0.763709 191 234.556 60.1455 
-0.560641 7.75922 -0.484044 192 159.947 104.198 
-1.18082 7.40116 -1.11678 196 243.609 9.02029 
-1.21876 7.37925 1.56713 198 253.798 365.113 
-2.46086 6.66212 1.43715 200 444.028 364.783 
-2.50658 6.63573 -0.864936 203 457.846 23.5843 
-2.60244 6.58039 -0.419929 205 475.877 92.2752 
0.530427 8.38915 0.212413 206 35.2223 192.619 
-1.89242 6.99031 1.67854 209 354.222 387.988 
-2.75916 6.4899 1.6333 210 493.783 395.856 
-2.88473 6.41741 -0.980824 212 532.36 0.277991 
-0.0829147 8.03503 0.967789 213 109.89 283.108 
-1.32904 7.31558 0.826885 214 268.401 273.103 
-2.20564 6.80948 0.351964 217 401.71 209.802 
0.498224 8.37055 -0.257251 218 36.8342 138.853 
-3.28265 6.18767 0.466932 221 600.701 231.163 
-1.18272 7.40006 -0.335728 222 245.893 117.945 
-1.831 7.02577 -0.964452 224 346.086 20.5186 
-1.58155 7.1698 -0.998108 227 304.091 18.4172 
0.843826 8.57009 1.93717 228 15.7754 379.944 
-2.92339 6.39508 1.13342 229 528.526 327.541 
0.842776 8.56948 1.16326 230 12.2853 297.36 
-0.477256 7.80736 0.692004 238 155.867 249.925 
-2.63039 6.56425 -0.0067306 240 480.964 155.167 
0.34969 8.2848 -0.208161 246 50.1176 143.127 
-2.65581 6.54957 -0.244999 247 484.969 119.594 
