-1.97014 0.361326 7 3 0.58218 0.111325 
-2.93389 0.906698 7 9 0.317495 0.299021 
-2.14837 -1.21575 7 10 0.418671 -0.329155 
-4.80195 0.41523 7 21 -0.0942225 0.209771 
-3.28746 -0.347612 7 22 0.167967 -0.0171424 
-5.92999 -1.73451 7 23 -0.30134 -0.156929 
-5.37012 0.037908 7 24 -0.190187 0.145115 
-5.21106 1.44812 7 29 -0.128907 0.434672 
-5.40598 0.152698 7 30 -0.192313 0.168578 
-2.84657 -0.836733 7 31 0.24961 -0.166657 
-3.76175 1.7333 7 32 0.152897 0.520508 
-2.21352 -0.0799941 7 33 0.470006 -0.00808194 
-5.875 -0.508694 7 36 -0.269281 0.0562936 
-4.02466 -0.174699 7 39 0.0223525 0.0576309 
-3.22548 0.288125 7 40 0.211593 0.139509 
-5.59816 -0.619665 7 42 -0.236766 0.0264548 
-3.26615 1.27581 7 43 0.249792 0.402905 
-6.33365 0.109205 7 44 -0.311177 0.179688 
-2.70348 -0.732172 7 47 0.291307 -0.151245 
-6.25916 0.145289 7 48 -0.301777 0.18477 
-7 0.78654 5.75191 68 -0.596286 0.366542 
-7 -0.14175 5.47309 72 -0.672652 0.180355 
-7 1.61955 6.53315 73 -0.431383 0.486584 
-7 0.883221 6.2108 82 -0.501778 0.361426 
-7 1.46933 5.82185 93 -0.570642 0.509366 
-7 -0.576654 5.65743 96 -0.636314 0.0873906 
