7 -1.49784 0.349314 151 -0.615292 -0.409023 
7 -0.0623122 -3.31422 152 0.288245 0.00715972 
7 0.36994 -1.65205 155 -0.0765618 0.104296 
7 0.947338 -0.351981 158 -0.410938 0.253768 
7 1.75895 -5.06184 159 0.580983 0.370745 
7 0.343459 -2.54532 160 0.125267 0.0967592 
7 -0.647617 -0.188366 161 -0.454228 -0.161154 
7 1.08732 -1.94397 162 -0.01388 0.269766 
7 0.863395 -4.44339 163 0.487882 0.200435 
7 -0.724268 -3.10497 165 0.253362 -0.14191 
7 1.33843 -4.95324 172 0.568728 0.2906 
7 0.759759 -5.08223 173 0.598046 0.176175 
7 1.97211 0.0439567 176 -0.522547 0.518696 
7 -0.518283 -3.0968 179 0.249455 -0.0955334 
7 0.741437 -4.00824 180 0.411324 0.177964 
7 -0.563655 -4.89557 181 0.585293 -0.0900688 
7 0.831841 -5.58946 182 0.678794 0.187572 
7 -0.443496 -0.586995 184 -0.343176 -0.102194 
7 -1.20096 -0.713027 185 -0.306369 -0.298381 
7 -0.746732 -0.782938 186 -0.289268 -0.178274 
7 0.0865561 -4.29161 189 0.47099 0.0413867 
7 -1.97934 -4.46413 190 0.529729 -0.395952 
7 -1.56385 -0.742436 193 -0.297025 -0.393865 
7 -1.07027 0.309808 197 -0.60249 -0.286722 
7 1.83558 -1.14915 198 -0.206722 0.456126 
