-7 1.11392 -6.02536 65 0.53906 0.496413 
-7 0.886694 -5.35798 67 0.69463 0.499048 
-7 1.12101 -6.65735 79 0.422646 0.454363 
-7 -1.84392 -6.0007 85 0.582915 -0.0837965 
-7 0.592834 -6.66606 94 0.42955 0.354307 
-7 -0.609874 -5.90804 100 0.586235 0.149009 
-5.46333 -1.29075 -7 102 0.231268 -0.0341338 
-4.55559 -0.250499 -7 105 0.069267 0.141857 
-2.11042 -0.0563179 -7 106 -0.522049 0.107167 
-5.09885 0.316864 -7 107 0.140807 0.273353 
-6.22725 1.4028 -7 110 0.272917 0.494252 
-5.05591 -0.451909 -7 117 0.154295 0.113728 
-3.07632 -1.96878 -7 120 -0.156274 -0.326125 
-3.56835 0.827876 -7 121 -0.164463 0.384329 
-6.20015 -0.954561 -7 122 0.315425 0.0532762 
-2.10211 -0.684594 -7 129 -0.483129 -0.0792733 
-3.11373 -0.303232 -7 130 -0.221165 0.0810441 
-6.2831 -0.370457 -7 140 0.314292 0.159349 
-5.05277 -1.83336 -7 148 0.187823 -0.155215 
-6.46998 0.52855 -7 150 0.319453 0.325811 
