-6.33365 0.109205 7 44 622.085 154.464 
-6.25916 0.145289 7 48 627.867 157.816 
-7 0.21307 2.3409 51 204.794 123.387 
-7 -0.503339 4.01391 52 376.352 67.8483 
-7 -0.64261 4.44771 54 413.816 60.2576 
-7 -0.441068 2.32778 56 206.027 45.1493 
-7 1.81819 2.50338 57 215.856 296.505 
-7 1.50288 1.91462 59 151.264 265.875 
-7 0.78654 5.75191 68 489.802 201.818 
-7 -0.100249 4.19611 69 387.573 111.246 
-7 -0.527577 4.46053 71 413.556 72.02 
-7 -0.14175 5.47309 72 482.979 120.43 
-7 1.61955 6.53315 73 526.179 267.356 
-7 1.51818 2.67054 81 234.564 265.822 
-7 0.883221 6.2108 82 516.684 210.831 
-7 -0.72299 3.2493 84 307.692 30.4289 
-7 1.48523 2.57162 86 224.474 262.677 
-7 1.20864 2.59145 88 227.857 234.187 
-7 1.46933 5.82185 93 486.12 256.84 
-7 -0.576654 5.65743 96 500.75 83.261 
