4.32541 -5.58563 0.848861 506 361.079 401.896 
3.31453 -6.16926 -0.82277 507 226.212 157.811 
2.55081 -6.61019 -1.05696 510 106.397 111.739 
5.15051 -5.10926 0.655281 515 487.696 381.149 
5.54127 -4.88365 0.584966 517 541.596 375.788 
4.96491 -5.21641 -0.162781 524 463.363 272.436 
4.45282 -5.51207 0.330289 528 385.619 332.359 
3.62183 -5.99184 -0.708902 530 272.232 179.372 
5.78814 -4.74112 0.731293 533 576.395 398.493 
3.84209 -5.86467 0.762035 537 285.84 385.801 
4.08321 -5.72546 -0.0501395 541 336.97 273.764 
5.8167 -4.72463 -0.692834 547 580.077 218.943 
5.94865 -4.64845 -0.108768 552 597.74 291.378 
4.14699 -5.68864 -0.0739802 553 343.074 273.16 
2.76135 -6.48864 -0.835611 556 135.064 146.076 
2.50813 -6.63483 -1.62398 557 110.986 36.8511 
5.11501 -5.12975 -1.32998 563 490.365 131.618 
5.60572 -4.84644 -1.12497 564 552.093 164.819 
4.17332 -5.67344 0.684667 567 341.44 375.346 
4.08949 -5.72184 0.309736 570 330.829 323.185 
4.78434 -5.32066 -1.81187 575 448.897 70.946 
2.35211 -6.72491 -1.73362 576 85.8814 20.7866 
5.79079 -4.73959 0.326224 579 575.031 346.4 
2.61049 -6.57574 0.28437 581 83.6158 297.876 
6.08574 -4.5693 -0.422393 587 612.339 254.706 
3.5218 -6.04959 -1.73721 596 270.14 50.0292 
2.00616 -6.92464 -1.64027 600 27.8505 20.7425 
2.48133 -6.65031 0.492331 604 56.255 327.79 
4.89471 -5.25694 -0.199595 606 453.184 267.447 
2.61487 -6.57321 0.0112596 607 91.2547 259.079 
2.89706 -6.41029 -1.2274 611 164.862 99.9409 
2.4848 -6.64831 0.119285 615 66.4299 271.684 
5.91431 -4.66828 0.963849 617 592.14 431.138 
2.90013 -6.40851 0.80747 626 125.192 381.05 
2.77919 -6.47834 -1.67587 627 155.371 39.6065 
5.34694 -4.99584 -0.371774 630 516.455 252.158 
3.2896 -6.18365 -0.831285 632 223.249 154.336 
3.83992 -5.86592 -0.579006 640 302.162 200.864 
6.14497 -4.53511 -1.1835 648 619.514 167.797 
2.35902 -6.72093 0.562621 651 30.8647 336.546 
3.74064 -5.92325 -1.9671 654 304.44 28.8618 
4.82206 -5.29889 0.859675 662 438.441 406.671 
4.88586 -5.26205 0.975449 663 445.816 425.701 
4.05549 -5.74146 -0.254187 669 333.977 245.102 
2.3244 -6.74091 -0.546464 673 54.2776 176.596 
4.78329 -5.32127 0.804293 674 430.796 399.774 
5.20039 -5.08046 -0.0857982 678 497.259 286.918 
4.99407 -5.19958 0.559179 682 464.3 367.725 
3.62073 -5.99248 0.99023 683 246.449 416.029 
5.70419 -4.78959 -0.684915 686 564.838 219.284 
4.226 -5.64302 0.28797 691 353.285 323.774 
3.83179 -5.87062 1.26855 694 276.956 461.182 
2.99296 -6.35491 0.665465 696 144.154 361.323 
4.82073 -5.29965 -1.08631 698 449.412 155.422 
5.29956 -5.0232 -0.579862 701 511.272 225.348 
4.30182 -5.59925 -1.21577 708 378.763 129.914 
5.49777 -4.90876 0.072566 709 537.624 309.892 
6.01108 -4.6124 1.08959 711 603.704 449.221 
2.26921 -6.77278 -0.294944 715 38.1976 209.144 
4.48631 -5.49273 -1.46496 723 406.158 102.321 
5.45807 -4.93168 0.702726 724 528.317 391.836 
3.52361 -6.04855 -0.447866 727 253.184 211.173 
5.30402 -5.02063 -1.37929 729 513.735 128.034 
5.1391 -5.11584 0.224599 734 487.165 323.645 
6.09889 -4.56171 1.10908 735 616.501 453.154 
4.48121 -5.49568 0.424736 739 391.866 344.716 
5.33057 -5.0053 -0.178382 743 513.542 275.083 
3.90444 -5.82868 0.777906 744 295.202 386.45 
2.78119 -6.47718 -1.18276 749 146.926 100.103 
