-2.93389 0.906698 7 9 0.432703 0.335754 
-2.14837 -1.21575 7 10 0.540767 -0.305423 
-4.80195 0.41523 7 21 0.00186751 0.231299 
-3.28746 -0.347612 7 22 0.27234 0.0115784 
-5.92999 -1.73451 7 23 -0.214568 -0.138023 
-5.37012 0.037908 7 24 -0.0968882 0.164238 
-5.21106 1.44812 7 29 -0.0304353 0.451159 
-5.40598 0.152698 7 30 -0.0986817 0.187338 
-2.84657 -0.836733 7 31 0.358295 -0.13929 
-2.21352 -0.0799941 7 33 0.596826 0.0281212 
-5.875 -0.508694 7 36 -0.178397 0.0742239 
-4.02466 -0.174699 7 39 0.120321 0.0833007 
-3.22548 0.288125 7 40 0.319497 0.17121 
-5.59816 -0.619665 7 42 -0.14603 0.0455202 
-3.26615 1.27581 7 43 0.361288 0.436961 
-6.33365 0.109205 7 44 -0.218327 0.194459 
-2.70348 -0.732172 7 47 0.403081 -0.122797 
-6.25916 0.145289 7 48 -0.208813 0.199746 
-7 0.78654 5.75191 68 -0.481739 0.380336 
-7 -0.14175 5.47309 72 -0.556969 0.202378 
-7 1.61955 6.53315 73 -0.327026 0.492733 
-7 0.883221 6.2108 82 -0.395333 0.373045 
-7 1.46933 5.82185 93 -0.454149 0.517297 
-7 -0.576654 5.65743 96 -0.526769 0.110667 
