1.69792 -0.977731 -7 104 169.353 225.816 
2.77254 -1.94854 -7 108 18.235 115.912 
-0.689565 -1.47331 -7 112 512.506 100.164 
2.74139 -0.240151 -7 113 37.8235 349.659 
2.98659 0.138239 -7 123 9.21474 408.052 
0.474792 -0.485198 -7 124 354.011 274.384 
-1.05355 -1.5594 -7 126 568.729 77.9014 
-1.30535 -1.94469 -7 131 599.12 14.0139 
1.03314 -1.58354 -7 136 252.779 126.108 
0.97797 0.750031 -7 138 301.308 475.682 
1.45576 0.553777 -7 145 226.325 450.541 
-0.615215 -0.161545 -7 146 534.38 304.072 
0.206379 -1.0164 -7 147 383.905 189.141 
