-1.69835 7.10236 -1.49702 1 -0.400026 -0.294059 
-4.28285 5.6102 -0.35009 4 0.438305 0.201393 
-2.36095 6.71981 0.0648834 6 -0.264597 0.209192 
-1.18389 7.39938 -0.935763 10 -0.609993 -0.158603 
-4.55705 5.45189 0.173982 17 0.516089 0.390257 
-3.41844 6.10927 -1.82689 21 0.2038 -0.286576 
-3.01817 6.34036 -1.63356 23 0.0543781 -0.255587 
-2.57331 6.5972 -0.0115366 25 -0.189688 0.202601 
-2.71663 6.51445 0.575812 32 -0.169338 0.397447 
-3.74583 5.92025 -0.779907 36 0.265885 0.0412155 
-3.03012 6.33346 -0.976834 38 0.0253721 -0.0647336 
-1.4565 7.24199 0.969849 43 -0.645234 0.443007 
-2.14768 6.84294 -0.101629 51 -0.333139 0.143711 
-3.33545 6.15718 -0.435976 52 0.105977 0.116109 
-1.24468 7.36429 0.57792 55 -0.694793 0.298747 
-1.42581 7.25971 0.982136 67 -0.657367 0.442941 
-3.617 5.99463 -1.57595 71 0.260039 -0.203998 
-4.04408 5.74805 -1.06717 77 0.389095 -0.0326323 
-3.86191 5.85323 -1.48589 82 0.339636 -0.166572 
-2.18179 6.82325 0.0567123 84 -0.329974 0.197262 
-2.31638 6.74554 0.814643 87 -0.330074 0.44355 
-4.13014 5.69837 -1.41351 88 0.435512 -0.128972 
-3.16889 6.25334 -1.4501 90 0.0949157 -0.1943 
-3.51194 6.05528 0.00121058 101 0.148239 0.265327 
-2.27819 6.76759 -0.186085 109 -0.279483 0.126313 
-4.62783 5.41102 -0.263344 122 0.560109 0.256079 
-4.73475 5.34929 -1.6572 126 0.655902 -0.163697 
-2.44383 6.67196 -0.385326 131 -0.214782 0.0789192 
-1.33285 7.31338 0.696058 135 -0.670713 0.344213 
-2.20806 6.80808 -1.59639 140 -0.222069 -0.292392 
-1.07075 7.46471 -0.23607 149 -0.690511 0.0405959 
-1.34908 7.30401 -1.57982 156 -0.511382 -0.334469 
-2.79823 6.46735 0.492322 157 -0.138401 0.37563 
-3.75274 5.91626 -1.57757 159 0.306605 -0.198428 
-2.15233 6.84026 -0.0957294 160 -0.330971 0.151157 
-2.43306 6.67818 0.0756168 161 -0.242003 0.215491 
-2.12399 6.85662 0.667081 166 -0.390415 0.386366 
-1.43641 7.25359 -1.07042 183 -0.513264 -0.184976 
-1.12203 7.4351 -0.763709 191 -0.640664 -0.113922 
-1.58921 7.16537 -1.2695 193 -0.447639 -0.235074 
-2.76342 6.48744 -1.86079 195 -0.0178392 -0.337604 
-1.18082 7.40116 -1.11678 196 -0.596231 -0.213775 
-3.97857 5.78587 -1.48671 197 0.381675 -0.15699 
-3.48498 6.07085 0.402763 199 0.11695 0.393599 
-2.50658 6.63573 -0.864936 203 -0.160962 -0.0625206 
-1.65507 7.12735 -1.39271 204 -0.418973 -0.265511 
-2.60244 6.58039 -0.419929 205 -0.152167 0.07542 
-2.88473 6.41741 -0.980824 212 -0.0240638 -0.0733446 
-1.32904 7.31558 0.826885 214 -0.686276 0.388983 
-2.20564 6.80948 0.351964 217 -0.342652 0.292654 
-4.56488 5.44737 -0.00874334 220 0.530619 0.334573 
-3.28265 6.18767 0.466932 221 0.0415329 0.401922 
-1.18272 7.40006 -0.335728 222 -0.650471 0.0135484 
-1.831 7.02577 -0.964452 224 -0.384882 -0.131409 
-1.58155 7.1698 -0.998108 227 -0.471174 -0.154646 
-2.63039 6.56425 -0.0067306 240 -0.170273 0.202129 
-4.83444 5.29174 -0.69456 244 0.653445 0.137251 
-2.65581 6.54957 -0.244999 247 -0.143457 0.13356 
-3.8183 5.87841 -0.432496 250 0.275262 0.149693 
