7 -1.49784 0.349314 151 -0.323394 -0.512989 
7 -0.0623122 -3.31422 152 0.568996 -0.104836 
7 0.36994 -1.65205 155 0.185925 -0.00621073 
7 0.947338 -0.351981 158 -0.125055 0.129076 
7 0.343459 -2.54532 160 0.388972 -0.0122291 
7 -0.647617 -0.188366 161 -0.16967 -0.265844 
7 1.08732 -1.94397 162 0.241238 0.154332 
7 -0.724268 -3.10497 165 0.543576 -0.265377 
7 0.725336 0.960833 171 -0.45615 0.0808519 
7 1.97211 0.0439567 176 -0.21584 0.354996 
7 1.44234 0.716532 178 -0.382813 0.245891 
7 -0.518283 -3.0968 179 0.535285 -0.214528 
7 0.741437 -4.00824 180 0.68784 0.0742349 
7 -0.443496 -0.586995 184 -0.066213 -0.209331 
7 -1.20096 -0.713027 185 -0.0313346 -0.412907 
7 -0.746732 -0.782938 186 -0.0151203 -0.287931 
7 -1.56385 -0.742436 193 -0.0219941 -0.516312 
7 -1.07027 0.309808 197 -0.307317 -0.387428 
7 1.83558 -1.14915 198 0.056376 0.316846 
