5.64257 -0.481715 -7 109 476.585 248.304 
6.30632 -1.54879 -7 115 420.286 176.898 
4.50714 -1.04124 -7 119 564.873 172.872 
4.46367 -0.542201 -7 125 579.362 221.285 
6.6867 0.183154 -7 127 417.97 311.16 
6.46481 -1.88245 -7 128 407.83 156.574 
6.08103 -0.977971 -7 134 440.454 215.356 
4.29646 -0.0380129 -7 139 608.843 270.893 
6.59087 -1.1778 -7 141 408.501 209.516 
4.8725 1.3091 -7 142 573.781 415.493 
6.26277 1.2623 -7 143 456.987 398.019 
6.4687 -1.97232 -7 149 406.67 150.325 
7 -0.0623122 -3.31422 152 113.678 326.626 
7 -1.59791 -6.35011 157 348.551 184.999 
7 1.75895 -5.06184 159 295.549 477.325 
7 0.343459 -2.54532 160 13.6211 389.144 
7 0.863395 -4.44339 163 235.788 404.234 
7 -0.724268 -3.10497 165 85.2361 255.778 
7 -0.863938 -6.09367 166 340.381 238.454 
7 1.33843 -4.95324 172 282.906 439.34 
7 0.759759 -5.08223 173 287.375 382.055 
7 -0.518283 -3.0968 179 85.2017 278.393 
7 0.741437 -4.00824 180 193.955 401.103 
7 -0.563655 -4.89557 181 261.029 265.202 
7 0.831841 -5.58946 182 324.574 380.117 
7 1.69172 -5.79597 183 347.199 451.765 
7 0.0865561 -4.29161 189 215.64 329.831 
7 -1.97934 -4.46413 190 214.77 141.775 
7 0.781169 -6.98961 200 406.665 356.874 
