1.69792 -0.977731 -7 104 -0.292813 -0.025199 
2.77254 -1.94854 -7 108 -0.612954 -0.266284 
-0.689565 -1.47331 -7 112 0.459408 -0.288855 
2.74139 -0.240151 -7 113 -0.579086 0.237375 
2.98659 0.138239 -7 123 -0.64214 0.362041 
0.474792 -0.485198 -7 124 0.106476 0.0866706 
-1.05355 -1.5594 -7 126 0.584383 -0.336314 
-1.30535 -1.94469 -7 131 0.653395 -0.475659 
1.03314 -1.58354 -7 136 -0.109458 -0.238625 
1.45576 0.553777 -7 145 -0.176675 0.464639 
-0.615215 -0.161545 -7 146 0.502561 0.158539 
0.206379 -1.0164 -7 147 0.174271 -0.0980881 
