-4.80195 0.41523 7 21 572.913 209.083 
-5.92999 -1.73451 7 23 497.381 8.64746 
-5.37012 0.037908 7 24 524.837 169.197 
-5.21106 1.44812 7 29 523.09 297.965 
-5.40598 0.152698 7 30 520.58 179.632 
-5.875 -0.508694 7 36 490.04 120.128 
-5.59816 -0.619665 7 42 512.766 108.508 
-6.33365 0.109205 7 44 453.335 172.372 
-6.25916 0.145289 7 48 457.844 175.517 
-7 0.21307 2.3409 51 6.79525 163.835 
-7 -0.503339 4.01391 52 206.729 97.6683 
-7 -0.64261 4.44771 54 247.025 88.9561 
-7 1.81819 2.50338 57 40.015 348.639 
-7 0.78654 5.75191 68 339.718 221.905 
-7 -0.100249 4.19611 69 223.471 140.556 
-7 -0.527577 4.46053 71 247.898 100.567 
-7 -0.14175 5.47309 72 325.183 144.645 
-7 1.61955 6.53315 73 381.774 280.428 
-7 1.51818 2.67054 81 60.2088 313.306 
-7 0.883221 6.2108 82 367.287 228.21 
-7 -0.72299 3.2493 84 124.093 61.3642 
-7 1.48523 2.57162 86 47.2124 311.305 
-7 1.20864 2.59145 88 48.3699 280.522 
-7 1.46933 5.82185 93 341.169 274.664 
-7 -0.576654 5.65743 96 339.627 108.409 
