-7 1.12101 -6.65735 79 557.888 468.114 
-7 0.592834 -6.66606 94 562.36 421.109 
-5.46333 -1.29075 -7 102 471.832 236.73 
-4.55559 -0.250499 -7 105 394.985 320.845 
-2.11042 -0.0563179 -7 106 131.466 308.666 
-5.09885 0.316864 -7 107 426.782 381.719 
-5.05591 -0.451909 -7 117 434.475 307.141 
-3.07632 -1.96878 -7 120 295.171 104.003 
-3.56835 0.827876 -7 121 287.606 433.243 
-6.20015 -0.954561 -7 122 510.517 277.391 
-1.05355 -1.5594 -7 126 9.4243 54.6907 
-2.10211 -0.684594 -7 129 148.68 223.388 
-3.11373 -0.303232 -7 130 263.836 294.633 
-1.30535 -1.94469 -7 131 67.0212 16.4671 
-1.59533 0.795126 -7 132 19.426 429.777 
-6.2831 -0.370457 -7 140 508.785 327.576 
-5.05277 -1.83336 -7 148 452.668 179.698 
-6.46998 0.52855 -7 150 509.342 405.751 
