1.69792 -0.977731 -7 104 0.635926 -0.510112 
5.64257 -0.481715 -7 109 -0.308528 -0.366583 
2.26927 0.767181 -7 111 0.324142 0.0236287 
2.74139 -0.240151 -7 113 0.247466 -0.279719 
4.50714 -1.04124 -7 119 -0.111785 -0.493497 
2.98659 0.138239 -7 123 0.164886 -0.181254 
4.46367 -0.542201 -7 125 -0.120109 -0.374996 
6.6867 0.183154 -7 127 -0.452458 -0.248046 
3.77354 -0.887468 -7 133 0.0280271 -0.460868 
6.08103 -0.977971 -7 134 -0.356735 -0.467963 
3.34213 1.4046 -7 137 0.0288228 0.119714 
4.29646 -0.0380129 -7 139 -0.106232 -0.255572 
6.59087 -1.1778 -7 141 -0.416589 -0.504142 
4.8725 1.3091 -7 142 -0.24081 0.0178937 
6.26277 1.2623 -7 143 -0.423475 -0.0436553 
1.9715 1.13953 -7 144 0.39088 0.150112 
1.45576 0.553777 -7 145 0.607035 0.0123502 
7 -0.863938 -6.09367 166 -0.641216 -0.507174 
7 0.781169 -6.98961 200 -0.497763 -0.148335 
