-7 -1.78251 -2.62609 53 -0.0993857 -0.508793 
-7 -0.29883 -1.326 55 0.200339 -0.16745 
-7 0.46862 -2.98529 58 -0.181068 0.0119668 
-7 -1.05185 -1.49538 60 0.161921 -0.354453 
-7 -1.03485 -3.75523 61 -0.331099 -0.317825 
-7 -0.184126 -2.39523 62 -0.0534991 -0.135959 
-7 1.26508 -0.184774 63 0.498359 0.243434 
-7 0.0943094 -5.21035 64 -0.586047 -0.0745802 
-7 0.886694 -5.35798 67 -0.608764 0.0808088 
-7 1.34911 -4.82912 74 -0.522531 0.178117 
-7 0.577231 -1.47952 76 0.157141 0.0488007 
-7 0.694743 -5.33965 78 -0.606085 0.0434182 
-7 0.821262 -3.48263 80 -0.280765 0.0852852 
-7 -0.166603 0.216342 87 0.633144 -0.138681 
-7 1.69039 -1.92004 89 0.0469292 0.306763 
-7 -0.295975 -5.19552 90 -0.584046 -0.152472 
-7 1.40697 -4.3308 91 -0.437353 0.197236 
-7 0.312724 -0.335245 92 0.46332 -0.00967043 
-7 -1.56958 -3.12031 95 -0.204698 -0.447969 
-7 -1.20087 -3.87679 97 -0.353974 -0.352445 
-7 1.52805 -2.92335 98 -0.170637 0.24776 
