-3.11304 -8.60806 -1.9166 254 -0.157019 -0.326041 
-3.48222 -7.96863 1.84681 255 -0.419668 0.418853 
-2.75039 -9.23619 0.329719 263 -0.12018 0.11061 
-3.07463 -8.67459 -1.54793 266 -0.158103 -0.249639 
-2.57499 -9.53998 1.60069 268 -0.104722 0.321916 
-2.72709 -9.27655 -1.48729 269 -0.0601338 -0.207683 
-3.88769 -7.26632 -1.50954 277 -0.477779 -0.361451 
-3.32874 -8.23445 -1.42324 285 -0.244965 -0.259286 
-3.49888 -7.93976 0.772929 286 -0.388927 0.18638 
-3.44968 -8.02497 0.167007 293 -0.343248 0.0594589 
-3.04378 -8.72802 1.54345 294 -0.24136 0.334313 
-3.22332 -8.41705 1.89644 304 -0.317927 0.412202 
-3.93868 -7.178 -1.57121 306 -0.50392 -0.388692 
-3.32508 -8.2408 -1.51403 315 -0.241016 -0.272259 
-3.63057 -7.71167 -1.43695 316 -0.360446 -0.302474 
-3.09129 -8.64573 1.79249 320 -0.269247 0.380887 
-4.10365 -6.89227 -1.45523 322 -0.602596 -0.390096 
-3.06428 -8.69251 -0.666718 324 -0.182334 -0.0831672 
-4.07384 -6.9439 0.0649336 330 -0.654984 0.0076397 
-3.49997 -7.93787 0.446165 333 -0.376334 0.11989 
-3.35488 -8.18918 1.50964 334 -0.359057 0.340548 
-4.09708 -6.90364 0.281542 338 -0.67186 0.0664858 
-3.77569 -7.46032 0.825581 340 -0.516753 0.201222 
-3.62005 -7.72989 0.845456 350 -0.446777 0.205771 
-2.64072 -9.42615 1.95256 355 -0.134164 0.381902 
-3.10287 -8.62567 -0.357131 361 -0.205933 -0.0252776 
-3.98712 -7.09411 0.170839 364 -0.605857 0.0402558 
-3.32955 -8.23305 -1.41411 368 -0.250799 -0.253158 
-2.62582 -9.45194 -1.96759 374 -0.0241008 -0.27612 
-3.72571 -7.54688 0.335972 382 -0.471758 0.0876929 
-3.02092 -8.76762 -1.67324 386 -0.135508 -0.267166 
-3.14704 -8.54917 1.54174 390 -0.27737 0.341051 
-2.75281 -9.23199 0.225616 395 -0.114681 0.0884216 
-3.18967 -8.47533 1.85927 400 -0.304554 0.404827 
-3.33676 -8.22056 -0.399899 404 -0.280893 -0.0526681 
-3.20418 -8.4502 0.757211 405 -0.272701 0.181774 
-3.32846 -8.23494 1.89335 407 -0.357741 0.416377 
-3.05904 -8.70159 0.925619 412 -0.230307 0.214159 
-2.74941 -9.23788 0.292754 416 -0.116659 0.0979753 
-3.28794 -8.30512 -0.582867 425 -0.263682 -0.0862529 
-4.10084 -6.89714 -0.211774 427 -0.653324 -0.0667926 
-2.88356 -9.00553 1.61269 428 -0.198603 0.3404 
-3.57786 -7.80296 1.13653 429 -0.435999 0.262666 
-3.71801 -7.56021 -1.73791 433 -0.38814 -0.386009 
-2.84073 -9.07972 -1.27039 435 -0.0995129 -0.176486 
-4.21563 -6.69831 -0.927394 445 -0.691522 -0.275109 
-4.02746 -7.02424 -1.63148 447 -0.548262 -0.418527 
-2.97704 -8.84361 -0.559065 449 -0.158653 -0.0586684 
-3.13049 -8.57784 0.930095 453 -0.25294 0.2164 
-2.83311 -9.09292 -0.904736 454 -0.107942 -0.116054 
-3.07985 -8.66554 0.939564 456 -0.236684 0.214725 
-2.82678 -9.10387 0.818773 460 -0.154561 0.190649 
-2.94605 -8.89729 1.87197 478 -0.224351 0.38426 
-3.62908 -7.71426 0.283949 480 -0.42497 0.0750582 
-3.75747 -7.49188 -0.114405 484 -0.469576 -0.0186355 
-4.07094 -6.94893 1.07534 490 -0.69273 0.263564 
-2.61113 -9.47739 -1.5069 492 -0.0326939 -0.200231 
-3.63585 -7.70252 0.600044 494 -0.440194 0.150396 
-3.6271 -7.71768 0.36592 497 -0.428523 0.0945512 
-3.46213 -8.00341 0.473249 499 -0.364889 0.124637 
-3.9326 -7.18855 1.52347 500 -0.63203 0.374268 
-0.751588 -8.51683 0.0534651 508 0.247848 0.135947 
-0.577812 -8.4165 -1.88021 514 0.353622 -0.294779 
0.57886 -7.7487 0.424617 532 0.61841 0.329339 
-1.33469 -8.85349 -0.250941 535 0.132142 0.0434618 
-0.805849 -8.54816 -1.1322 539 0.270122 -0.127727 
-1.55768 -8.98223 1.00965 540 0.0576497 0.282937 
-0.942173 -8.62687 -1.81306 542 0.263721 -0.270747 
-2.54087 -9.54988 -1.96382 546 -0.00340589 -0.266472 
-0.435565 -8.33438 0.0499532 548 0.319523 0.152791 
0.488173 -7.80106 0.703509 550 0.575862 0.399412 
-2.17518 -9.33875 -0.02102 551 -0.00523534 0.0594662 
-1.37853 -8.8788 -0.140968 554 0.123325 0.0684603 
-0.337383 -8.27769 -1.23289 555 0.392442 -0.153753 
-1.35618 -8.8659 -1.86663 561 0.182241 -0.270149 
-0.751362 -8.5167 -0.54808 562 0.264528 -0.00106079 
0.285019 -7.91835 -1.67271 565 0.60185 -0.268494 
-2.39776 -9.46725 -1.50147 566 0.000522001 -0.191355 
-0.453946 -8.34499 1.0501 568 0.280029 0.38178 
-0.48463 -8.36271 0.158388 572 0.304218 0.17334 
-1.19047 -8.77022 1.45663 578 0.100999 0.401322 
-0.0029851 -8.08463 -0.961949 580 0.475555 -0.0835361 
-0.413276 -8.32151 0.783569 583 0.298075 0.322763 
-1.13416 -8.73771 1.81808 584 0.105775 0.479375 
-2.13398 -9.31496 -0.61668 585 0.0132344 -0.0426067 
-1.80668 -9.12599 1.44164 586 0.00435558 0.349428 
-0.665112 -8.46691 -0.0591155 593 0.269556 0.115565 
-1.05884 -8.69422 -0.500411 598 0.194817 0.00238272 
-1.85453 -9.15362 1.00414 599 0.00843874 0.257603 
-0.29479 -8.2531 -0.936867 601 0.394995 -0.0790056 
-1.02236 -8.67316 1.83715 602 0.124747 0.496928 
-0.918376 -8.61313 -1.76208 603 0.269533 -0.260916 
-0.41102 -8.32021 0.556759 610 0.308165 0.272726 
-2.0658 -9.2756 0.128408 612 0.00200716 0.0982597 
-2.28434 -9.40177 0.767727 616 -0.0494248 0.198604 
-1.43619 -8.91209 -1.99412 619 0.171304 -0.298093 
0.337754 -7.8879 -1.59112 620 0.620531 -0.2472 
-0.478158 -8.35897 -0.638973 621 0.335047 -0.0123163 
-1.39269 -8.88697 -0.919729 622 0.141438 -0.0868308 
-1.85496 -9.15386 1.85126 623 -0.0145447 0.418081 
-2.10532 -9.29841 0.971801 625 -0.0250299 0.241796 
-0.802806 -8.5464 1.53266 628 0.18523 0.455134 
-0.197251 -8.19679 0.70261 629 0.357471 0.323149 
0.695133 -7.68157 0.336635 637 0.673852 0.318615 
-1.41788 -8.90152 -1.16565 639 0.147989 -0.135484 
-0.795119 -8.54197 -0.566815 642 0.256141 -0.00743077 
-1.37552 -8.87706 0.232198 643 0.116137 0.141372 
-1.56414 -8.98596 -0.787846 645 0.110581 -0.0629527 
-0.814491 -8.55315 0.400562 646 0.219919 0.204428 
-0.0537926 -8.11396 -0.334741 647 0.439274 0.0761571 
0.279953 -7.92127 1.12217 656 0.484125 0.491638 
-0.574829 -8.41478 0.349602 657 0.278107 0.210534 
0.172776 -7.98315 1.03516 658 0.455183 0.451726 
-1.00763 -8.66466 -0.50403 660 0.203818 0.00338655 
-0.613939 -8.43736 -0.547652 664 0.293837 0.00260095 
-0.867771 -8.58391 0.768917 668 0.191371 0.286054 
-0.769826 -8.52736 1.76192 670 0.17775 0.513753 
-0.250485 -8.22752 -1.46169 672 0.422818 -0.206286 
-1.48552 -8.94057 0.517606 676 0.0824535 0.194508 
-1.10245 -8.71941 -0.567007 677 0.190892 -0.0134992 
0.0842166 -8.03428 0.452304 685 0.453876 0.287032 
0.676712 -7.6922 0.794688 695 0.646063 0.44913 
0.242541 -7.94287 -1.30659 700 0.570418 -0.170838 
-0.0286901 -8.09947 1.01989 704 0.391097 0.418245 
-2.31293 -9.41827 1.81431 707 -0.0795503 0.37512 
0.300349 -7.9095 -1.99348 717 0.61762 -0.353866 
-0.939569 -8.62536 -0.32294 718 0.220049 0.0409455 
-1.908 -9.18449 1.52916 719 -0.0142469 0.358406 
-0.734402 -8.50691 1.2467 730 0.20773 0.400634 
-1.49578 -8.94649 0.981389 746 0.0664047 0.282968 
-0.0589625 -8.11695 -0.531896 750 0.441529 0.0237309 
