-7 0.21307 2.3409 51 0.664017 0.249565 
-7 -1.78251 -2.62609 53 -0.551583 -0.226048 
-7 -0.29883 -1.326 55 -0.279222 0.113469 
-7 -0.441068 2.32778 56 0.637662 0.0796069 
-7 -1.05185 -1.49538 60 -0.307552 -0.0662769 
-7 -0.184126 -2.39523 62 -0.544537 0.141377 
-7 -1.45394 1.58819 66 0.426795 -0.159943 
-7 -1.07602 2.04225 70 0.546472 -0.0739206 
-7 -1.87164 2.51938 75 0.638453 -0.253008 
-7 0.577231 -1.47952 76 -0.333836 0.34167 
-7 -1.86155 -2.22478 77 -0.459196 -0.24332 
-7 -0.166603 0.216342 87 0.105279 0.147748 
-7 0.312724 -0.335245 92 -0.0353794 0.272213 
-7 -1.56958 -3.12031 95 -0.669744 -0.17993 
-7 -1.0576 1.73598 99 0.47155 -0.0694346 
