7 -1.49784 0.349314 151 -0.476412 -0.439803 
7 -0.0623122 -3.31422 152 0.411475 -0.0318142 
7 0.36994 -1.65205 155 0.0443917 0.0647474 
7 0.947338 -0.351981 158 -0.272138 0.204928 
7 1.75895 -5.06184 159 0.695169 0.332418 
7 0.343459 -2.54532 160 0.243446 0.0579249 
7 -0.647617 -0.188366 161 -0.318635 -0.194264 
7 1.08732 -1.94397 162 0.103071 0.224947 
7 0.863395 -4.44339 163 0.608499 0.163052 
7 -0.724268 -3.10497 165 0.381284 -0.184208 
7 0.725336 0.960833 171 -0.627751 0.159122 
7 1.33843 -4.95324 172 0.687339 0.253506 
7 1.97211 0.0439567 176 -0.369174 0.444831 
7 1.44234 0.716532 178 -0.550083 0.332996 
7 -0.518283 -3.0968 179 0.375511 -0.136341 
7 0.741437 -4.00824 180 0.530504 0.140004 
7 -0.443496 -0.586995 184 -0.212349 -0.137175 
7 -1.20096 -0.713027 185 -0.1783 -0.334988 
7 -0.746732 -0.782938 186 -0.16105 -0.213658 
7 0.0865561 -4.29161 189 0.599612 0.00261596 
7 -1.97934 -4.46413 190 0.688699 -0.461443 
7 -1.56385 -0.742436 193 -0.169717 -0.433532 
7 -1.07027 0.309808 197 -0.460951 -0.316717 
7 1.83558 -1.14915 198 -0.0816114 0.395918 
