-7 -1.78251 -2.62609 53 276.815 5.07532 
-7 -0.29883 -1.326 55 415.11 162.444 
-7 0.46862 -2.98529 58 239.489 245.039 
-7 -1.05185 -1.49538 60 397.399 76.1942 
-7 -1.03485 -3.75523 61 170.229 93.2888 
-7 -0.184126 -2.39523 62 298.117 176.986 
-7 1.26508 -0.184774 63 552.434 351.64 
-7 0.0943094 -5.21035 64 53.3883 205.25 
-7 0.886694 -5.35798 67 43.194 276.584 
-7 1.34911 -4.82912 74 82.8623 321.237 
-7 0.577231 -1.47952 76 395.176 262.023 
-7 0.694743 -5.33965 78 44.3675 259.428 
-7 0.821262 -3.48263 80 193.72 278.709 
-7 -0.166603 0.216342 87 615.026 175.653 
-7 1.69039 -1.92004 89 344.459 380.501 
-7 -0.295975 -5.19552 90 54.1958 169.454 
-7 1.40697 -4.3308 91 121.948 330.035 
-7 0.312724 -0.335245 92 536.431 235.142 
-7 -1.56958 -3.12031 95 228.313 33.2199 
-7 -1.20087 -3.87679 97 159.673 77.3456 
-7 1.52805 -2.92335 98 244.428 353.321 
-7 -0.609874 -5.90804 100 2.73201 142.485 
