7 -0.0623122 -3.31422 152 419.844 249.41 
7 0.36994 -1.65205 155 250.849 294.324 
7 0.947338 -0.351981 158 89.5994 366.202 
7 1.75895 -5.06184 159 558.12 417.681 
7 0.343459 -2.54532 160 345.431 290.726 
7 -0.647617 -0.188366 161 71.8041 169.618 
7 1.08732 -1.94397 162 280.852 372.506 
7 0.863395 -4.44339 163 513.138 338.471 
7 -0.724268 -3.10497 165 402.559 181.437 
7 -0.863938 -6.09367 166 638.396 184.573 
7 1.33843 -4.95324 172 551.22 380.187 
7 0.759759 -5.08223 173 562.55 327.041 
7 -0.518283 -3.0968 179 401.187 202.448 
7 0.741437 -4.00824 180 477.972 328.191 
7 -0.563655 -4.89557 181 552.44 205.945 
7 0.831841 -5.58946 182 598.969 332.143 
7 1.69172 -5.79597 183 610.836 406.55 
7 -0.443496 -0.586995 184 124.603 197.439 
7 -1.20096 -0.713027 185 143.016 107.432 
7 -0.746732 -0.782938 186 150.598 162.478 
7 0.0865561 -4.29161 189 503.232 265.261 
7 -1.97934 -4.46413 190 523.176 70.2591 
7 -1.56385 -0.742436 193 147.81 64.2953 
7 -1.07027 0.309808 197 1.63697 110.722 
7 1.83558 -1.14915 198 188.289 463.624 
