-3.17768 1.79522 -7 101 563.759 344.608 
0.794442 1.97164 -7 103 14.5697 460.152 
-2.11042 -0.0563179 -7 106 428.311 112.474 
-0.235026 1.16667 -7 114 171.179 314.541 
-0.0787955 1.33173 -7 116 148.968 342.275 
-1.66978 1.93068 -7 118 385.646 391.13 
-3.56835 0.827876 -7 121 604.664 219.504 
0.474792 -0.485198 -7 124 14.1692 54.5493 
-2.10211 -0.684594 -7 129 422.828 19.7742 
-3.11373 -0.303232 -7 130 551.7 73.4294 
-1.59533 0.795126 -7 132 366.278 238.729 
-3.58737 1.4874 -7 135 607.218 300.664 
-0.615215 -0.161545 -7 146 210.502 104.676 
