1.69792 -0.977731 -7 104 197.856 229.005 
2.77254 -1.94854 -7 108 53.5382 117.264 
-0.689565 -1.47331 -7 112 546.544 111.384 
2.74139 -0.240151 -7 113 65.9927 347.263 
2.98659 0.138239 -7 123 36.6787 403.722 
0.474792 -0.485198 -7 124 380.803 282.85 
-1.05355 -1.5594 -7 126 605.155 89.9266 
-1.30535 -1.94469 -7 131 638.127 25.6241 
1.03314 -1.58354 -7 136 283.019 132.078 
1.45576 0.553777 -7 145 248.384 454.67 
-0.615215 -0.161545 -7 146 564.542 318.746 
0.206379 -1.0164 -7 147 413.108 198.096 
