7 0.36994 -1.65205 155 500.826 186.963 
7 0.947338 -0.351981 158 350.742 251.38 
7 0.343459 -2.54532 160 603.101 183.975 
7 -0.647617 -0.188366 161 333.927 62.7523 
7 1.08732 -1.94397 162 526.045 266.231 
7 0.725336 0.960833 171 202.605 227.101 
7 1.97211 0.0439567 176 307.09 356.804 
7 1.44234 0.716532 178 233.508 303.845 
7 -0.443496 -0.586995 184 381.67 88.9232 
7 -0.746732 -0.782938 186 406.747 50.1213 
7 0.475489 2.44893 191 29.2873 198.895 
7 -1.07027 0.309808 197 272.086 6.55815 
7 1.83558 -1.14915 198 433.985 343.048 
