-3.17768 1.79522 -7 101 0.343021 0.345634 
-4.55559 -0.250499 -7 105 0.663431 -0.179697 
-2.11042 -0.0563179 -7 106 0.0966754 -0.151355 
-0.235026 1.16667 -7 114 -0.508471 0.246876 
-0.0787955 1.33173 -7 116 -0.565904 0.30617 
-1.66978 1.93068 -7 118 -0.0391768 0.4309 
-3.56835 0.827876 -7 121 0.443109 0.0930277 
-2.10211 -0.684594 -7 129 0.0995029 -0.343883 
-3.11373 -0.303232 -7 130 0.356981 -0.210981 
-1.59533 0.795126 -7 132 -0.0561554 0.10452 
-3.58737 1.4874 -7 135 0.437101 0.258852 
-0.615215 -0.161545 -7 146 -0.378661 -0.204776 
