-1.97014 0.361326 7 3 0.421306 0.071779 
-2.93389 0.906698 7 9 0.170547 0.255988 
-2.14837 -1.21575 7 10 0.288891 -0.356513 
-4.80195 0.41523 7 21 -0.221116 0.169382 
-3.28746 -0.347612 7 22 0.0425047 -0.0565443 
-5.92999 -1.73451 7 23 -0.409827 -0.203827 
-5.37012 0.037908 7 24 -0.313159 0.104004 
-5.21106 1.44812 7 29 -0.265907 0.398064 
-5.40598 0.152698 7 30 -0.316396 0.127842 
-2.84657 -0.836733 7 31 0.125745 -0.202495 
-3.76175 1.7333 7 32 0.00531869 0.479043 
-2.21352 -0.0799941 7 33 0.323706 -0.0445927 
-5.875 -0.508694 7 36 -0.388025 0.0133883 
-4.02466 -0.174699 7 39 -0.100369 0.0165747 
-3.22548 0.288125 7 40 0.0773301 0.0986986 
-5.59816 -0.619665 7 42 -0.353973 -0.0167167 
-3.26615 1.27581 7 43 0.10258 0.359734 
-6.33365 0.109205 7 44 -0.436362 0.13933 
-2.70348 -0.732172 7 47 0.164137 -0.186608 
-6.25916 0.145289 7 48 -0.427102 0.144518 
-7 1.61955 6.53315 73 -0.581004 0.452139 
-7 0.883221 6.2108 82 -0.65201 0.318897 
