-7 0.0943094 -5.21035 64 0.680685 0.276602 
-7 1.11392 -6.02536 65 0.491635 0.455176 
-7 0.886694 -5.35798 67 0.63901 0.449883 
-7 0.694743 -5.33965 78 0.644846 0.40682 
-7 1.12101 -6.65735 79 0.379855 0.419895 
-7 -1.84392 -6.0007 85 0.526028 -0.111701 
-7 -0.295975 -5.19552 90 0.686642 0.189902 
-7 0.592834 -6.66606 94 0.385255 0.321556 
-7 -0.609874 -5.90804 100 0.532102 0.114498 
-5.46333 -1.29075 -7 102 0.184885 -0.0593648 
-4.55559 -0.250499 -7 105 0.0256292 0.113364 
-2.11042 -0.0563179 -7 106 -0.575706 0.0754184 
-5.09885 0.316864 -7 107 0.098981 0.243848 
-6.22725 1.4028 -7 110 0.233674 0.462322 
-5.05591 -0.451909 -7 117 0.110272 0.0859944 
-3.07632 -1.96878 -7 120 -0.207425 -0.353052 
-3.56835 0.827876 -7 121 -0.206852 0.353935 
-6.20015 -0.954561 -7 122 0.269589 0.0274118 
-2.10211 -0.684594 -7 129 -0.537728 -0.111306 
-3.11373 -0.303232 -7 130 -0.268155 0.0512052 
-6.2831 -0.370457 -7 140 0.269976 0.13185 
-5.05277 -1.83336 -7 148 0.140004 -0.179157 
-6.46998 0.52855 -7 150 0.27746 0.29594 
