-7 -1.78251 -2.62609 53 170.17 67.535 
-7 -0.29883 -1.326 55 294.878 214.989 
-7 0.46862 -2.98529 58 117.057 296.262 
-7 -1.05185 -1.49538 60 279.579 135.677 
-7 -1.03485 -3.75523 61 57.9343 142.92 
-7 -0.184126 -2.39523 62 181.837 227.249 
-7 1.26508 -0.184774 63 424.783 400.899 
-7 -1.45394 1.58819 66 634.536 81.5951 
-7 0.577231 -1.47952 76 274.662 312.411 
-7 -1.86155 -2.22478 77 209.576 58.112 
-7 0.821262 -3.48263 80 64.3542 333.042 
-7 -0.166603 0.216342 87 471.478 229.877 
-7 1.69039 -1.92004 89 219.966 441.391 
-7 0.312724 -0.335245 92 406.123 284.824 
-7 -1.56958 -3.12031 95 121.699 89.8385 
-7 -1.20087 -3.87679 97 48.5784 127.34 
-7 1.52805 -2.92335 98 113.526 415.192 
