-7 1.12101 -6.65735 79 536.805 461.891 
-7 -1.84392 -6.0007 85 617.841 211.321 
-7 0.592834 -6.66606 94 540.699 415.228 
-7 -0.609874 -5.90804 100 617.934 321.788 
-5.46333 -1.29075 -7 102 450.091 233.236 
-4.55559 -0.250499 -7 105 374.263 315.891 
-2.11042 -0.0563179 -7 106 106.834 301.892 
-5.09885 0.316864 -7 107 406.48 376.682 
-6.22725 1.4028 -7 110 466.19 478.954 
-5.05591 -0.451909 -7 117 413.585 302.541 
-3.07632 -1.96878 -7 120 273.118 99.7615 
-3.56835 0.827876 -7 121 266.562 428.093 
-6.20015 -0.954561 -7 122 488.708 273.708 
-2.10211 -0.684594 -7 129 124.638 216.315 
-3.11373 -0.303232 -7 130 242.048 288.799 
-1.30535 -1.94469 -7 131 41.4091 8.37678 
-6.2831 -0.370457 -7 140 487.498 323.274 
-5.05277 -1.83336 -7 148 430.635 176.842 
-6.46998 0.52855 -7 150 488.831 400.816 
