-6.30704 4.44153 1.88748 3 2.69713 412.944 
-7.56816 3.71342 -1.91336 13 167.329 42.6266 
-7.32861 3.85173 1.20236 16 135.465 322.934 
-8.8069 2.99824 -0.956076 24 262.376 151.918 
-8.89169 2.94928 -0.604829 26 265.6 175.954 
-7.27042 3.88532 -0.762006 28 133.942 137.953 
-9.15905 2.79493 1.33263 40 281.335 316.952 
-6.52013 4.31851 -0.668232 44 45.2439 128.747 
-8.69401 3.06342 -0.315471 46 255.435 195.705 
-9.17118 2.78792 0.352843 50 282.304 246.77 
-6.99514 4.04426 0.162238 53 102.574 223.807 
-7.12929 3.9668 -0.413303 57 120.424 168.62 
-7.76282 3.60104 -1.23079 58 185.311 106.437 
-9.06868 2.8471 0.616604 61 276.994 265.271 
-6.35552 4.41354 0.367926 65 15.6277 242.275 
-8.32689 3.27537 0.102633 68 227.995 226.295 
-9.53193 2.57964 -0.151691 69 305.963 214.377 
-6.73615 4.19379 -0.772225 73 73.6223 125.533 
-8.43422 3.2134 0.143156 79 234.803 229.068 
-7.01524 4.03265 0.767731 80 102.351 280.525 
-6.84889 4.1287 -1.69131 81 91.7076 36.0364 
-8.57211 3.13379 0.696853 83 244.763 270.111 
-9.48597 2.60618 0.402373 91 302.031 249.611 
-7.84704 3.55241 -1.4571 93 194.019 92.5797 
-6.7471 4.18746 0.728183 95 69.8454 278.186 
-6.83682 4.13566 0.932129 96 79.7827 302.051 
-8.21684 3.33891 0.855065 98 215.764 286.041 
-8.30606 3.2874 -0.374033 103 224.962 186.837 
-6.83515 4.13663 0.928504 104 81.2856 299.398 
-9.49264 2.60233 0.71894 111 300.827 271.069 
-6.45698 4.35497 0.0373591 113 33.5545 204.222 
-7.76272 3.6011 -1.33649 124 186.281 98.5924 
-9.4138 2.64784 -0.749638 127 300.543 173.714 
-6.48824 4.33692 0.602459 130 33.7701 266.479 
-9.10665 2.82518 -0.067222 132 281.894 216.062 
-8.31486 3.28232 -0.998132 134 228.865 139.268 
-7.54306 3.72791 -0.636474 136 163.186 156.299 
-8.32648 3.27561 -0.916176 137 229.596 144.381 
-7.75055 3.60812 0.607921 138 178.438 265.622 
-8.89144 2.94943 -0.995818 139 269.401 149.012 
-8.50915 3.17015 -1.43562 142 244.612 106.397 
-8.55092 3.14603 -1.2267 145 246.448 123.538 
-9.27136 2.73008 -1.79969 152 293.22 99.9157 
-7.61388 3.68703 -1.43304 154 172.783 85.8363 
-8.81769 2.99201 -0.933105 158 263.656 153.467 
-6.68884 4.2211 0.597207 171 62.6774 266.508 
-7.21392 3.91795 1.54448 173 120.553 356.722 
-7.83448 3.55966 -0.735079 174 189.379 150.435 
-9.09008 2.83474 -1.5709 176 283.797 111.001 
-6.73975 4.1917 -1.74479 178 76.9266 24.4578 
-7.69247 3.64165 -1.44056 186 177.013 88.1414 
-6.79289 4.16102 0.492295 190 76.3037 253.859 
-8.58962 3.12368 -0.807997 201 247.518 157.427 
-9.31972 2.70216 0.881481 208 290.123 283.61 
-6.59885 4.27306 -1.66716 216 58.8412 28.0056 
-7.86451 3.54233 1.45463 223 186.794 338.84 
-7.66224 3.65911 -1.56845 226 177.488 78.4817 
-7.55688 3.71994 1.11487 232 158.422 312.386 
-6.86074 4.12186 0.00652214 233 87.3679 205.636 
-8.6765 3.07352 1.96596 234 248.613 369.598 
-7.02658 4.02611 -1.06432 239 110.589 104.181 
-8.03402 3.44446 -0.562411 242 206.201 167.898 
-8.14068 3.38288 -0.0878003 245 214.312 209.106 
-6.54441 4.30449 1.25315 248 43.2724 336.738 
-8.26463 0.314754 1.16404 251 471.459 324.796 
-9.1587 1.86333 -0.988996 253 351.024 152.081 
-8.41737 0.579321 1.27562 256 445.73 331.55 
-9.52122 2.49124 -1.0717 257 311.785 152.986 
-8.93601 1.47762 -0.633868 259 375.874 172.783 
-9.30328 2.11375 1.73712 262 328.474 346.963 
-8.62862 0.94521 0.119044 265 416.157 231.258 
-9.05625 1.68588 -1.53396 267 362.097 110.132 
-9.13681 1.82542 0.452008 276 349.786 255.659 
-8.62523 0.939344 -1.18054 287 418.157 125.761 
-8.12164 0.0670859 0.804812 290 499.604 294.281 
-8.26682 0.318554 -1.13985 297 473.342 115.962 
-8.648 0.978768 1.29878 299 411.072 328.121 
-7.95776 -0.216756 -0.267516 301 532.841 191.353 
-8.24121 0.274194 1.30161 302 476.227 337.69 
-7.75587 -0.566441 -1.28568 308 579.083 83.9639 
-8.641 0.966654 -0.16123 311 414.751 209.528 
-9.31057 2.12638 -0.0551822 313 331.95 218.707 
-7.51344 -0.986333 -0.814325 323 636.406 124.969 
-8.81253 1.26375 -0.857651 325 393.811 154.183 
-7.53876 -0.942491 0.491179 328 630.759 268.232 
-7.72464 -0.62053 -0.0248013 332 586.173 212.967 
-7.68847 -0.683171 1.35649 337 591.576 360.841 
-7.95987 -0.213096 0.306596 339 531.614 248.342 
-8.52917 0.772963 -1.76171 342 433.764 72.7043 
-7.96405 -0.205854 1.31542 346 529.987 345.831 
-8.12381 0.0708475 -1.49958 347 502.058 79.9294 
-8.00123 -0.141456 -0.325795 349 524.154 185.217 
-8.82998 1.29397 -1.283 359 390.983 121.544 
-8.26227 0.31067 0.618929 366 474.556 274.546 
-8.81299 1.26454 1.68087 370 390.806 353.692 
-7.92892 -0.2667 1.10434 372 536.215 327.625 
-8.43087 0.60269 -0.733047 375 445.657 157.372 
-9.0577 1.6884 -0.174837 377 361.525 210.034 
-8.19099 0.187209 -1.2445 378 489.224 106.073 
-7.6338 -0.777869 -0.0587155 380 606.992 209.463 
-9.37546 2.23878 -1.18001 383 327.275 141.563 
-8.12127 0.0664484 1.25361 388 497.782 337.012 
-9.14202 1.83445 -1.39071 391 354.176 122.608 
-9.48121 2.42194 -1.26659 396 317.013 136.81 
-8.52092 0.758672 -1.7528 399 434.738 75.0323 
-9.44529 2.35972 -1.11888 402 318.458 148.631 
-7.81782 -0.459131 0.076778 403 561.972 223.376 
-7.52277 -0.970174 1.1088 406 632.777 339.934 
-7.63883 -0.769162 -0.119058 410 605.845 200.98 
-8.91993 1.44977 0.165011 413 377.131 236.277 
-8.21371 0.226557 -0.790225 417 484.499 146.862 
-7.84199 -0.417283 -1.30465 420 558.226 86.3765 
-9.51944 2.48816 0.340095 422 311.089 247.305 
-7.91669 -0.287895 -0.0147918 423 540.623 216.957 
-8.92471 1.45805 -1.88576 426 380.847 77.3564 
-8.05966 -0.0402563 -0.2345 439 512.396 195.856 
-9.40694 2.29329 1.83376 448 317.94 352.226 
-8.18295 0.173293 -0.148578 455 489.818 204.866 
-8.15687 0.12812 0.541817 457 491.573 268.037 
-8.06618 -0.0289635 1.04644 461 508.817 318.122 
-8.66593 1.00983 0.45259 465 411.609 257.701 
-9.45274 2.37263 -1.8729 469 320.86 97.2259 
-9.08866 1.74202 1.71988 475 356.863 349.441 
-7.72533 -0.619337 0.904189 476 582.116 309.788 
-8.78933 1.22356 1.82285 477 392.551 367.267 
-7.83655 -0.426699 0.919261 479 557.207 311.289 
-8.11594 0.0572182 0.887934 486 501.761 302.155 
-8.80838 1.25656 1.8581 487 389.379 369.985 
-9.2531 2.02685 -1.52478 488 342.518 116.807 
-9.11496 1.78758 0.0633076 493 352.899 227.731 
-9.55916 2.55695 -0.634717 496 305.765 181.242 
-9.00888 1.60385 -0.973121 498 368.474 150.467 
