-7 0.0943094 -5.21035 64 502.167 255.222 
-7 1.11392 -6.02536 65 439.495 342.692 
-7 0.886694 -5.35798 67 491.723 327.183 
-7 1.34911 -4.82912 74 543.075 376.769 
-7 0.694743 -5.33965 78 492.735 309.751 
-7 1.12101 -6.65735 79 397.23 338.944 
-7 -1.84392 -6.0007 85 436.376 106.284 
-7 -0.295975 -5.19552 90 502.231 220.087 
-7 1.40697 -4.3308 91 598.635 390.712 
-7 0.592834 -6.66606 94 396.259 298.224 
-7 -1.20087 -3.87679 97 637.692 108.352 
-7 -0.609874 -5.90804 100 444.936 200.837 
-3.17768 1.79522 -7 101 62.1621 457.155 
-5.46333 -1.29075 -7 102 292.606 139.158 
-4.55559 -0.250499 -7 105 223.672 217.145 
-5.09885 0.316864 -7 107 265.2 273.784 
-6.22725 1.4028 -7 110 337.008 364.05 
-5.05591 -0.451909 -7 117 263.424 204.23 
-3.56835 0.827876 -7 121 120.08 328.445 
-6.20015 -0.954561 -7 122 336.072 177.438 
-3.11373 -0.303232 -7 130 70.5209 191.056 
-3.58737 1.4874 -7 135 118.249 407.365 
-6.2831 -0.370457 -7 140 340.451 222.921 
-5.05277 -1.83336 -7 148 265.613 84.7821 
-6.46998 0.52855 -7 150 350.341 293.083 
