9.02166 -1.62597 0.310692 751 32.2077 236.93 
5.98522 3.63329 1.2144 752 592.243 400.761 
8.84921 -1.32728 1.80752 757 58.8327 359.289 
9.23701 -1.99898 0.725578 758 8.05804 267.628 
8.51992 -0.756939 0.408137 759 98.5748 248.807 
8.29274 -0.363451 -1.35134 761 126.584 90.344 
6.15778 3.33441 -0.551726 764 568.969 178.513 
6.72499 2.35198 -0.698686 765 422.544 157.935 
6.84891 2.13734 -1.72634 766 400.791 34.0942 
7.18459 1.55593 0.710517 768 316.805 304.096 
7.75054 0.575679 1.75169 773 215.06 384.604 
8.11102 -0.0486967 -1.08378 774 153.735 114.703 
7.65875 0.734657 0.495993 779 231.076 271.11 
6.87834 2.08637 1.48366 780 375.988 391.272 
9.27207 -2.0597 -0.388348 784 0.732183 176.123 
6.61901 2.53554 -1.90015 786 459.397 7.27563 
6.3358 3.02608 -0.89504 793 525.241 133.574 
7.07393 1.74759 -1.06522 794 345.968 115.556 
6.06707 3.49153 1.90256 796 562.787 475.167 
7.7677 0.545948 0.346374 797 213.845 255.56 
6.99287 1.88799 0.446143 798 355.296 284.348 
8.5833 -0.866718 0.816146 801 89.2179 283.246 
8.13241 -0.0857393 -1.69052 803 151.13 56.9146 
8.79364 -1.23104 1.71911 805 67.4427 352.135 
7.79816 0.49319 1.85753 808 207.434 394.32 
7.13747 1.63753 -1.91994 811 336.512 16.3701 
7.48096 1.04259 -1.87628 812 264.416 26.6331 
7.81192 0.469365 1.38832 814 204.942 353.333 
8.27608 -0.334586 -0.00492856 815 133.619 216.59 
7.72815 0.61446 -0.217688 816 219.712 202.147 
8.79838 -1.23924 -0.076131 817 60.3842 207.369 
7.65524 0.740743 -1.67984 818 233.994 51.0761 
8.9917 -1.57408 -0.263508 820 33.8572 189.554 
6.32015 3.05317 1.6683 821 502.157 434.995 
5.84215 3.8811 1.25316 824 634.542 412.165 
8.44778 -0.631981 -1.44841 825 103.117 82.3022 
5.82897 3.90392 1.82637 826 633.47 479.844 
7.71438 0.638309 -0.336083 827 222.539 189.567 
7.15574 1.60589 0.615543 828 321.9 294.52 
8.37839 -0.511796 0.804967 830 117.813 285.929 
7.85255 0.39899 0.707979 831 199.052 288.699 
6.41513 2.88866 1.89263 832 474.703 455.39 
7.0505 1.78818 -1.26688 833 351.917 92.5131 
9.00086 -1.58994 1.58986 834 40.4342 337.558 
6.68672 2.41826 0.33091 836 425.139 275.151 
8.05704 0.0447927 0.347131 837 164.082 252.07 
8.22434 -0.244979 -0.782358 838 138.445 145.769 
7.41493 1.15696 -1.61534 839 278.779 54.3189 
8.81824 -1.27364 -0.967993 842 52.6163 126.956 
8.71228 -1.09011 -0.848161 845 67.9685 138.172 
8.83929 -1.31011 1.12568 849 56.7867 303.347 
6.64876 2.484 -1.60616 850 448.538 44.8608 
8.421 -0.585604 -0.76008 856 108.308 146.843 
7.47605 1.05111 -1.34417 857 266.47 84.471 
8.71634 -1.09715 -1.05762 862 66.9431 119.783 
6.53997 2.67244 -0.861665 866 468.458 137.511 
7.07604 1.74394 0.502742 871 338.961 286.073 
6.4243 2.87279 -0.337461 872 494.766 203.122 
6.81272 2.20003 1.31801 874 389.496 378.146 
8.05963 0.040311 0.283874 878 165.564 245.243 
8.79205 -1.22828 1.24024 880 64.0459 316.699 
9.26617 -2.04948 1.18971 881 7.56787 299.182 
6.67343 2.44128 -1.01357 882 436.766 119.061 
6.14997 3.34793 -0.772956 886 575.216 150.72 
8.55161 -0.811824 0.960383 887 94.7882 297.057 
6.38369 2.94312 -0.846468 889 510.549 139.062 
6.41 2.89756 1.35706 890 481.992 397.618 
8.75985 -1.1725 0.775444 893 65.9398 278.473 
5.96932 3.66083 1.41731 895 595.574 423.383 
7.68639 0.686781 -1.10309 898 226.312 112.863 
7.3611 1.2502 0.0561545 900 286.386 233.404 
7.13224 1.6466 -0.977877 901 333.32 124.635 
8.49526 -0.714226 0.0445874 902 99.0587 219.881 
6.93416 1.98968 -1.06451 904 379.205 115.195 
6.87866 2.08582 -0.0270921 907 383.299 232.376 
6.77251 2.26967 -0.747548 908 411.754 151.793 
6.05282 3.51621 -1.75001 911 617.768 15.2027 
9.19568 -1.92739 0.768329 913 13.8283 271.083 
7.05959 1.77242 -1.7808 914 351.904 30.3758 
7.703 0.65802 -0.183774 927 223.936 205.873 
8.84897 -1.32687 1.20156 929 56.3965 309.995 
7.30009 1.35587 1.86648 930 292.312 413.435 
6.12516 3.3909 1.11897 932 557.473 381.942 
8.21418 -0.227369 1.2496 933 142.013 327.619 
8.99498 -1.57975 1.82216 934 40.3933 356.376 
6.67513 2.43834 -0.321965 935 432.467 202.615 
7.22829 1.48023 1.7576 937 304.333 406.409 
6.75528 2.29951 -0.729401 938 416.03 154.075 
8.51325 -0.745376 -0.600431 941 95.359 163.118 
8.81557 -1.26902 -1.19832 944 53.6647 108.703 
6.43723 2.85038 1.42602 945 475.279 404.417 
8.73736 -1.13355 1.94259 946 73.7814 371.357 
7.78699 0.51253 1.89064 949 207.372 396.847 
7.05329 1.78334 -1.18945 950 351.236 102.347 
7.15835 1.60138 1.8444 951 319.861 414.778 
6.22795 3.21288 -0.545567 952 550.592 179.426 
8.23755 -0.267852 -0.0508432 959 137.429 213.771 
6.10007 3.43436 0.816237 960 567.432 347.736 
6.0817 3.46619 -1.62949 965 607.26 32.1547 
6.29783 3.09184 1.91783 966 505.352 463.72 
6.53207 2.68613 -0.981663 967 472.948 121.858 
6.68153 2.42724 -0.314303 968 432.025 200.682 
7.36792 1.23839 -0.614933 971 285.304 163.607 
8.33271 -0.432673 -0.868744 976 121.597 137.193 
7.61247 0.814808 -0.677047 978 240.308 156.884 
6.66636 2.45352 1.76174 980 418.208 430.045 
6.2372 3.19685 0.871776 983 530.721 349.921 
8.49831 -0.719498 -1.83038 985 94.5126 43.993 
8.14802 -0.112783 1.12075 986 153.479 320.659 
8.42012 -0.584075 0.413676 987 111.686 252.618 
8.18073 -0.169436 -0.844467 988 143.995 138.835 
8.99905 -1.58682 1.73484 994 39.6759 349.046 
5.97808 3.64567 0.0489525 995 611.766 258.165 
6.58202 2.59961 -0.970701 999 459.8 126.576 
8.82589 -1.28688 1.75285 1000 61.7336 354.944 
