-8.26463 0.314754 1.16404 251 -0.542 0.295552 
-7.46287 -1.07392 -1.59589 252 -0.232517 -0.292455 
-8.41737 0.579321 1.27562 256 -0.595516 0.311844 
-7.4714 -1.05915 0.355818 260 -0.243628 0.14555 
-6.64917 -2.4833 -0.440182 261 0.127487 -0.0240127 
-7.14741 -1.62032 1.76556 264 -0.119808 0.489263 
-8.62862 0.94521 0.119044 265 -0.652053 0.0784427 
-6.94006 -1.97946 1.55981 271 -0.0177146 0.448625 
-5.67473 -4.17108 -1.85136 273 0.695399 -0.425351 
-6.17442 -3.3056 1.44019 275 0.374844 0.480031 
-6.35803 -2.98756 0.146678 278 0.278377 0.12629 
-6.14897 -3.34967 0.179673 281 0.395372 0.142531 
-6.80803 -2.20814 1.05615 282 0.0471763 0.3381 
-6.90676 -2.03715 -0.996423 283 0.00705329 -0.166801 
-8.62523 0.939344 -1.18054 287 -0.648541 -0.183906 
-8.12164 0.0670859 0.804812 290 -0.489822 0.223864 
-6.95343 -1.95631 1.29159 291 -0.0232204 0.385706 
-6.93825 -1.9826 -0.53082 295 -0.00762236 -0.0507163 
-6.74023 -2.32557 -0.914689 296 0.0879151 -0.147601 
-8.26682 0.318554 -1.13985 297 -0.529768 -0.17818 
-6.06852 -3.48901 -1.9959 298 0.454896 -0.44586 
-8.648 0.978768 1.29878 299 -0.664824 0.30604 
-7.01036 -1.8577 1.45833 300 -0.0532721 0.426461 
-7.95776 -0.216756 -0.267516 301 -0.423165 0.00520048 
-8.24121 0.274194 1.30161 302 -0.530373 0.321709 
-6.1528 -3.34303 -1.89329 303 0.400511 -0.411642 
-7.19832 -1.53215 -0.65154 305 -0.122371 -0.0832885 
-7.50388 -1.00291 -1.74177 307 -0.250492 -0.321199 
-7.75587 -0.566441 -1.28568 308 -0.344907 -0.218649 
-6.04128 -3.53619 -1.20014 309 0.46522 -0.229056 
-6.64642 -2.48807 1.41126 310 0.123174 0.433894 
-8.641 0.966654 -0.16123 311 -0.654836 0.0140758 
-6.53509 -2.68089 -1.87527 314 0.198322 -0.389602 
-7.11395 -1.67828 -0.473701 317 -0.0910653 -0.0372666 
-6.44508 -2.83679 -1.6951 321 0.240877 -0.346215 
-7.51344 -0.986333 -0.814325 323 -0.255645 -0.117071 
-7.53876 -0.942491 0.491179 328 -0.273047 0.17471 
-5.70343 -4.12137 0.704539 329 0.664822 0.303254 
-7.72464 -0.62053 -0.0248013 332 -0.341163 0.0552717 
-7.68847 -0.683171 1.35649 337 -0.335097 0.361965 
-7.95987 -0.213096 0.306596 339 -0.435296 0.124431 
-8.52917 0.772963 -1.76171 342 -0.613432 -0.296493 
-6.83154 -2.16742 0.486301 345 0.0357195 0.201286 
-7.96405 -0.205854 1.31542 346 -0.435583 0.337526 
-8.12381 0.0708475 -1.49958 347 -0.475218 -0.255078 
-8.00123 -0.141456 -0.325795 349 -0.442634 -0.0112575 
-7.28977 -1.37375 -1.87683 352 -0.159642 -0.357061 
-7.45408 -1.08915 -1.1234 354 -0.231533 -0.187725 
-7.13206 -1.6469 0.386525 358 -0.0975145 0.163458 
-7.24008 -1.45982 0.239176 360 -0.150384 0.122708 
-8.26227 0.31067 0.618929 366 -0.540316 0.181158 
-6.57086 -2.61894 0.112404 367 0.167192 0.109423 
-6.73207 -2.33972 -0.455992 369 0.0880613 -0.032302 
-6.90193 -2.0455 0.150108 371 0.00748258 0.113318 
-7.92892 -0.2667 1.10434 372 -0.423345 0.294753 
-6.32726 -3.04087 -1.31425 373 0.305987 -0.254994 
-8.43087 0.60269 -0.733047 375 -0.585005 -0.0943244 
-8.19099 0.187209 -1.2445 378 -0.50512 -0.202831 
-7.6338 -0.777869 -0.0587155 380 -0.310185 0.0496346 
-6.69448 -2.40482 0.483031 384 0.10548 0.19727 
-5.96156 -3.67428 1.39164 385 0.499584 0.480054 
-8.12127 0.0664484 1.25361 388 -0.489345 0.319204 
-6.74479 -2.31769 0.740399 393 0.080207 0.266464 
-7.37732 -1.22211 -1.65372 397 -0.198288 -0.309724 
-8.52092 0.758672 -1.7528 399 -0.611498 -0.294263 
-6.97577 -1.91761 -0.4901 401 -0.0294207 -0.0451353 
-7.81782 -0.459131 0.076778 403 -0.375401 0.0771248 
-7.52277 -0.970174 1.1088 406 -0.269042 0.315438 
-6.46686 -2.79907 -0.256321 409 0.224276 0.0237577 
-7.63883 -0.769162 -0.119058 410 -0.307033 0.0363116 
-6.97717 -1.91519 1.81959 414 -0.0394735 0.515945 
-7.3798 -1.21781 -1.93698 415 -0.195584 -0.370269 
-8.21371 0.226557 -0.790225 417 -0.511897 -0.106918 
-7.84199 -0.417283 -1.30465 420 -0.381284 -0.216078 
-5.68549 -4.15243 -1.43883 421 0.690844 -0.309107 
-7.91669 -0.287895 -0.0147918 423 -0.415411 0.0579297 
-6.09064 -3.4507 -1.01841 424 0.43641 -0.178777 
-6.00176 -3.60464 0.426871 430 0.478358 0.214071 
-5.71018 -4.10968 -1.61545 434 0.673034 -0.357424 
-6.84225 -2.14887 1.74644 436 0.0251753 0.505153 
-8.05966 -0.0402563 -0.2345 439 -0.461357 0.0121653 
-6.44049 -2.84475 -0.804824 441 0.239974 -0.121614 
-6.48803 -2.7624 0.108587 442 0.209682 0.113124 
-5.69392 -4.13784 -0.92901 443 0.678367 -0.165913 
-6.23335 -3.20352 -1.64394 444 0.352643 -0.339612 
-7.28007 -1.39054 -0.1606 450 -0.162182 0.0299222 
-6.50928 -2.7256 -0.0902829 452 0.198369 0.0603058 
-8.18295 0.173293 -0.148578 455 -0.506148 0.0241868 
-8.15687 0.12812 0.541817 457 -0.500898 0.166706 
-6.03331 -3.55 -0.591601 458 0.464326 -0.0643017 
-7.48055 -1.0433 0.202815 459 -0.24999 0.111778 
-8.06618 -0.0289635 1.04644 461 -0.47205 0.27626 
-6.65278 -2.47704 -0.576839 463 0.128573 -0.0586048 
-8.66593 1.00983 0.45259 465 -0.664091 0.138129 
-5.68074 -4.16068 0.111245 466 0.683389 0.13867 
-7.42117 -1.14615 0.204588 467 -0.22331 0.110727 
-5.94183 -3.70845 -0.699449 468 0.518221 -0.0937804 
-5.88723 -3.80302 -0.421933 473 0.554129 -0.0165088 
-7.72533 -0.619337 0.904189 476 -0.348492 0.262152 
-7.83655 -0.426699 0.919261 479 -0.392328 0.260667 
-7.18002 -1.56384 -1.73226 481 -0.113598 -0.331604 
-7.03065 -1.82256 -1.92608 482 -0.0477508 -0.381319 
-6.7498 -2.309 -0.746357 485 0.0832291 -0.100891 
-8.11594 0.0572182 0.887934 486 -0.48875 0.246004 
-5.72951 -4.0762 -0.498216 489 0.652504 -0.037824 
