-7 -0.29883 -1.326 55 0.271832 -0.176688 
-7 0.46862 -2.98529 58 -0.114766 0.00409229 
-7 -1.05185 -1.49538 60 0.23259 -0.369076 
-7 -1.03485 -3.75523 61 -0.270442 -0.326596 
-7 -0.184126 -2.39523 62 0.0119796 -0.14392 
-7 1.26508 -0.184774 63 0.575813 0.238756 
-7 0.0943094 -5.21035 64 -0.515933 -0.0819871 
-7 1.11392 -6.02536 65 -0.629556 0.105247 
-7 0.886694 -5.35798 67 -0.533054 0.0699632 
-7 1.34911 -4.82912 74 -0.446806 0.164767 
-7 0.577231 -1.47952 76 0.226792 0.0419659 
-7 0.694743 -5.33965 78 -0.531655 0.0336036 
-7 0.821262 -3.48263 80 -0.212609 0.0760358 
-7 -1.84392 -6.0007 85 -0.652289 -0.457417 
-7 1.69039 -1.92004 89 0.115539 0.295573 
-7 -0.295975 -5.19552 90 -0.516425 -0.159019 
-7 1.40697 -4.3308 91 -0.363703 0.183979 
-7 0.312724 -0.335245 92 0.543726 -0.0160329 
-7 -1.56958 -3.12031 95 -0.145154 -0.461439 
-7 -1.20087 -3.87679 97 -0.294102 -0.36161 
-7 1.52805 -2.92335 98 -0.101317 0.235594 
-7 -0.609874 -5.90804 100 -0.627531 -0.216873 
