-3.48222 -7.96863 1.84681 255 0.65914 0.460755 
-4.57399 -6.07762 1.59563 258 0.212866 0.501781 
-5.66157 -4.19387 -0.652214 270 -0.406681 -0.0129221 
-4.57341 -6.07862 1.60241 272 0.215286 0.505531 
-5.67473 -4.17108 -1.85136 273 -0.444808 -0.350263 
-5.23237 -4.93727 0.70564 274 -0.131483 0.334408 
-3.88769 -7.26632 -1.50954 277 0.448133 -0.269365 
-4.24528 -6.64697 0.694015 279 0.344894 0.262758 
-5.01096 -5.32075 -0.777348 280 -0.0468904 -0.0715992 
-3.32874 -8.23445 -1.42324 285 0.654395 -0.252371 
-3.49888 -7.93976 0.772929 286 0.629233 0.229868 
-5.29575 -4.82749 -1.96199 288 -0.221379 -0.377018 
-4.95189 -5.42307 -0.262658 289 -0.00584735 0.0621785 
-4.9932 -5.35153 -1.23628 292 -0.0469666 -0.192473 
-3.44968 -8.02497 0.167007 293 0.639546 0.0949616 
-3.93868 -7.178 -1.57121 306 0.428396 -0.281336 
-6.04128 -3.53619 -1.20014 309 -0.66218 -0.16263 
-5.13363 -5.10828 -1.10309 312 -0.117664 -0.152381 
-3.32508 -8.2408 -1.51403 315 0.658594 -0.272134 
-3.63057 -7.71167 -1.43695 316 0.540976 -0.251841 
-4.92427 -5.47091 0.898447 318 0.0322574 0.361618 
-4.81248 -5.66455 -1.64507 319 0.0369595 -0.292081 
-4.10365 -6.89227 -1.45523 322 0.359132 -0.260344 
-4.30377 -6.54565 0.385968 326 0.309848 0.190052 
-5.23373 -4.93491 -1.84234 327 -0.184885 -0.350198 
-5.70343 -4.12137 0.704539 329 -0.401346 0.379547 
-4.07384 -6.9439 0.0649336 330 0.399586 0.10044 
-4.85494 -5.591 -1.94807 331 0.00876007 -0.37913 
-3.49997 -7.93787 0.446165 333 0.620731 0.157887 
-5.49704 -4.47884 -1.16972 335 -0.32173 -0.161758 
-4.50583 -6.19567 0.376914 336 0.220157 0.196217 
-4.09708 -6.90364 0.281542 338 0.393205 0.154088 
-3.77569 -7.46032 0.825581 340 0.525368 0.261688 
-4.16753 -6.78163 0.981089 341 0.380319 0.320917 
-5.29142 -4.83499 -0.290764 343 -0.188146 0.0717376 
-4.78378 -5.71426 0.966713 344 0.10262 0.367157 
-4.31667 -6.52331 1.57757 348 0.325719 0.472868 
-3.62005 -7.72989 0.845456 350 0.588702 0.25288 
-5.42884 -4.59697 1.28117 351 -0.227287 0.514568 
-4.2793 -6.58803 -1.32765 353 0.288947 -0.224677 
-5.36533 -4.70697 -0.794508 356 -0.238147 -0.0614616 
-4.93982 -5.44397 -1.05261 362 -0.0158016 -0.147856 
-4.34584 -6.47278 1.58859 363 0.315155 0.479316 
-3.98712 -7.09411 0.170839 364 0.437397 0.117667 
-4.44212 -6.30602 -1.20213 365 0.214558 -0.189724 
-3.32955 -8.23305 -1.41411 368 0.65992 -0.252355 
-5.20485 -4.98493 0.860305 376 -0.115618 0.37299 
-5.40008 -4.64678 -1.78435 379 -0.275054 -0.332429 
-5.0994 -5.16757 -0.624233 381 -0.089578 -0.0279869 
-3.72571 -7.54688 0.335972 382 0.540396 0.143982 
-4.55591 -6.10892 1.47438 387 0.220209 0.474508 
-5.24676 -4.91235 0.215207 389 -0.146415 0.205297 
-4.97755 -5.37862 1.00983 392 0.00698984 0.392956 
-4.85021 -5.5992 -1.40794 394 0.0236433 -0.236843 
-5.6307 -4.24734 -0.845678 398 -0.393056 -0.0644752 
-3.33676 -8.22056 -0.399899 404 0.673162 -0.0277563 
-4.67743 -5.89845 0.0191106 408 0.1346 0.117885 
-4.7162 -5.8313 -1.22464 411 0.0886248 -0.193698 
-4.24744 -6.64321 -1.92173 418 0.288484 -0.363589 
-4.59318 -6.04438 0.332137 419 0.177661 0.194453 
-5.68549 -4.15243 -1.43883 421 -0.434216 -0.234948 
-3.28794 -8.30512 -0.582867 425 0.682081 -0.0736741 
-4.10084 -6.89714 -0.211774 427 0.378405 0.0343954 
-3.57786 -7.80296 1.13653 429 0.609161 0.318574 
-6.00176 -3.60464 0.426871 430 -0.599912 0.325663 
-4.2527 -6.63411 -0.951124 431 0.302232 -0.134785 
-4.54469 -6.12836 -1.52013 432 0.171514 -0.269041 
-3.71801 -7.56021 -1.73791 433 0.508157 -0.320353 
-5.71018 -4.10968 -1.61545 434 -0.461244 -0.289 
-5.16969 -5.04583 -0.141549 437 -0.115236 0.103915 
-4.68557 -5.88436 -1.8811 438 0.0930817 -0.356271 
-4.8407 -5.61566 -0.0396453 440 0.0585304 0.111572 
-5.69392 -4.13784 -0.92901 443 -0.430881 -0.0915779 
-4.21563 -6.69831 -0.927394 445 0.319335 -0.130341 
-4.75369 -5.76637 0.970583 446 0.114359 0.361343 
-4.02746 -7.02424 -1.63148 447 0.386113 -0.295589 
-4.46089 -6.27351 1.45209 451 0.26318 0.46078 
-6.03331 -3.55 -0.591601 458 -0.643697 0.0183257 
-5.32858 -4.77062 -1.23715 462 -0.228802 -0.185818 
-5.60301 -4.2953 -1.17858 464 -0.382053 -0.162137 
-5.68074 -4.16068 0.111245 466 -0.400939 0.203851 
-5.94183 -3.70845 -0.699449 468 -0.587229 -0.0155043 
-4.41902 -6.34603 0.58457 470 0.264948 0.244146 
-5.14801 -5.08339 0.214391 472 -0.0938071 0.194106 
-5.88723 -3.80302 -0.421933 473 -0.544262 0.0638401 
-4.6459 -5.95307 0.77707 474 0.159837 0.308045 
-3.62908 -7.71426 0.283949 480 0.57484 0.130712 
-4.72984 -5.80768 1.01961 483 0.132178 0.376883 
-3.75747 -7.49188 -0.114405 484 0.518889 0.0441614 
-5.72951 -4.0762 -0.498216 489 -0.444789 0.0339472 
-4.07094 -6.94893 1.07534 490 0.420442 0.339319 
-4.92481 -5.46997 -1.54112 491 -0.016604 -0.269838 
-3.63585 -7.70252 0.600044 494 0.580398 0.201836 
-5.30136 -4.81777 0.489233 495 -0.173377 0.283126 
-3.6271 -7.71768 0.36592 497 0.580566 0.146749 
-3.46213 -8.00341 0.473249 499 0.642924 0.159253 
-3.9326 -7.18855 1.52347 500 0.483589 0.429555 
