7.15996 -3.9491 0.231069 501 459.084 300.179 
7.75999 -3.60267 0.808332 502 505.482 358.149 
9.29836 -2.71449 1.94602 503 608.131 451.655 
9.54954 -2.56948 1.62614 504 623.383 423.61 
9.1254 -2.81435 -0.972402 505 609.423 214.151 
4.32541 -5.58563 0.848861 506 103.815 362.533 
8.36902 -3.25105 -1.59632 512 563.287 152.229 
5.15051 -5.10926 0.655281 515 234.458 340.9 
7.62157 -3.68259 0.309022 516 496.907 310.116 
5.54127 -4.88365 0.584966 517 286.878 332.826 
7.24861 -3.89792 -1.1423 520 474.905 170.491 
9.51565 -2.58904 1.12107 521 623.743 382.677 
6.5432 -4.30518 -1.86519 522 417.745 85.7142 
4.96491 -5.21641 -0.162781 524 216.948 238.565 
5.3746 -4.97988 1.7937 525 249.289 476.572 
8.29682 -3.29273 -0.961132 526 554.962 204.732 
4.45282 -5.51207 0.330289 528 131.887 293.16 
7.67594 -3.6512 1.18816 529 495.616 392.932 
9.28962 -2.71954 -1.63781 531 621.113 165.814 
5.78814 -4.74112 0.731293 533 313.978 351.322 
7.01301 -4.03394 -0.97463 534 454.116 181.853 
3.84209 -5.86467 0.762035 537 16.3197 351.23 
6.50511 -4.32718 -1.71048 538 414.413 100.995 
4.08321 -5.72546 -0.0501395 541 77.2458 236.442 
7.77252 -3.59544 -0.54676 544 513.841 234.935 
8.80092 -3.00169 1.19755 545 578.427 391.721 
5.8167 -4.72463 -0.692834 547 331.571 189.664 
5.94865 -4.64845 -0.108768 552 341.395 256.549 
4.14699 -5.68864 -0.0739802 553 87.0035 235.229 
5.11501 -5.12975 -1.32998 563 253.465 100.663 
5.60572 -4.84644 -1.12497 564 313.167 139.264 
4.17332 -5.67344 0.684667 567 80.7692 340.709 
4.23148 -5.63986 1.46124 569 77.1559 450.437 
4.08949 -5.72184 0.309736 570 71.1201 288.957 
8.06725 -3.42528 1.6113 573 523.582 429.759 
4.78434 -5.32066 -1.81187 575 213.381 32.736 
7.62174 -3.68249 1.0201 577 494.218 379.136 
5.79079 -4.73959 0.326224 579 319.971 303.08 
6.08574 -4.5693 -0.422393 587 360.097 224.673 
5.95338 -4.64572 1.4698 588 325.575 434.516 
6.59806 -4.27351 1.37278 589 398.501 417.099 
8.43181 -3.2148 -0.531218 590 563.068 241.654 
7.71485 -3.62873 -1.31027 594 513.438 162.857 
5.81744 -4.72421 1.86454 597 307.674 478.091 
8.52047 -3.16361 0.124086 605 565.242 300.202 
4.89471 -5.25694 -0.199595 606 209.656 231.867 
8.58348 -3.12723 -1.98018 608 578.627 124.844 
8.21821 -3.33812 0.87683 609 539.753 365.355 
8.95105 -2.91501 -0.0284258 613 592.644 288.959 
8.58134 -3.12847 1.5153 614 560.872 418.457 
5.91431 -4.66828 0.963849 617 327.799 374.831 
7.88394 -3.53111 -1.51631 618 529.969 149.48 
8.24406 -3.3232 1.57934 624 540.238 427.152 
5.34694 -4.99584 -0.371774 630 271.215 219.03 
8.74387 -3.03463 -1.74637 631 588.841 146.867 
8.37201 -3.24932 -1.42691 633 562.681 165.612 
7.92744 -3.50599 0.853241 634 518.711 362.826 
7.04767 -4.01393 1.30024 635 440.844 406.642 
5.60109 -4.84911 1.5746 636 283.236 445.766 
3.83992 -5.86592 -0.579006 640 39.1944 158.747 
6.13888 -4.53862 1.31542 644 351.256 412.923 
6.14497 -4.53511 -1.1835 648 372.714 145.061 
7.74644 -3.6105 0.0375105 649 506.901 286.976 
7.0982 -3.98476 0.68195 653 451.189 345.035 
7.02559 -4.02668 0.448994 659 446.642 321.188 
4.82206 -5.29889 0.859675 662 184.575 362.994 
4.88586 -5.26205 0.975449 663 192.206 377.552 
8.5643 -3.13831 0.571234 665 565.995 337.168 
8.78782 -3.00925 1.27741 666 576.249 397.278 
6.55913 -4.29599 -1.18896 667 415.129 154.756 
4.05549 -5.74146 -0.254187 669 72.5531 209.691 
8.98332 -2.89638 -0.0875092 671 596.038 283.637 
4.78329 -5.32127 0.804293 674 177.846 356.492 
6.39838 -4.3888 1.60708 675 373.559 446.078 
5.20039 -5.08046 -0.0857982 678 251.308 250.753 
9.50215 -2.59683 -1.80067 679 634.316 154.857 
8.96859 -2.90489 1.45636 680 588.754 411.952 
9.51544 -2.58916 0.00507541 681 629.734 293.275 
4.99407 -5.19958 0.559179 682 213.041 326.496 
8.52145 -3.16304 1.28747 684 559.408 399.323 
5.70419 -4.78959 -0.684915 686 318.13 189.573 
6.4204 -4.37608 -1.66156 687 405.13 102.758 
7.92479 -3.50752 1.32245 688 515.582 404.412 
8.15199 -3.37635 -0.280505 689 542.434 262.604 
4.226 -5.64302 0.28797 691 95.3383 286.435 
8.26763 -3.30959 0.733282 692 543.282 351.744 
3.83179 -5.87062 1.26855 694 4.15478 426.135 
4.82073 -5.29965 -1.08631 698 209.275 121.625 
8.01947 -3.45286 0.702216 699 524.527 348.464 
5.29956 -5.0232 -0.579862 701 269.186 192.752 
7.30395 -3.86597 1.05537 703 466.379 382.787 
6.39348 -4.39163 0.914159 705 381.858 369.509 
7.22497 -3.91156 0.961317 706 461.917 372.297 
4.30182 -5.59925 -1.21577 708 131.312 86.3874 
5.49777 -4.90876 0.072566 709 287.55 272.319 
7.66579 -3.65706 -1.9146 710 514.639 109.434 
6.01108 -4.6124 1.08959 711 339.637 388.708 
8.16644 -3.36801 1.19775 712 533.83 392.255 
8.51548 -3.16649 1.61138 714 556.526 427.327 
6.54292 -4.30535 -1.87458 720 418.077 84.2119 
4.48631 -5.49273 -1.46496 723 165.858 63.7826 
5.45807 -4.93168 0.702726 724 275.366 344.198 
6.58729 -4.27973 1.46929 725 395.113 425.98 
9.11375 -2.82108 -0.331225 726 606.461 264.581 
3.97273 -5.78925 1.60711 728 25.6862 474.713 
5.30402 -5.02063 -1.37929 729 277.613 103.292 
7.50171 -3.75179 -1.28329 731 497.763 162.686 
7.13639 -3.96271 -0.718485 732 464.773 211.291 
5.1391 -5.11584 0.224599 734 238.09 287.297 
6.09889 -4.56171 1.10908 735 345.837 391.182 
9.21579 -2.76217 -1.66979 736 616.962 159.349 
9.10626 -2.8254 1.29642 737 597.996 397.77 
7.25901 -3.89191 -1.70188 738 482.583 121.167 
4.48121 -5.49568 0.424736 739 136.15 307.287 
6.72719 -4.19896 0.433244 741 420.188 318.3 
8.61615 -3.10837 -1.12108 742 576.802 197.347 
5.33057 -5.0053 -0.178382 743 268.86 240.555 
3.90444 -5.82868 0.777906 744 28.4864 354.67 
8.54451 -3.14973 -0.0560757 747 566.987 284.576 
7.49302 -3.75681 0.49302 748 484.744 327.782 
