1.50492 8.95177 -1.01173 5 79.0623 114.78 
-2.36095 6.71981 0.0648834 6 593.051 105.38 
-0.0798114 8.03682 -1.36918 7 213.234 18.3975 
2.56137 9.56171 -1.26435 9 0.738163 120.23 
-1.18389 7.39938 -0.935763 10 364.167 19.3751 
-0.178643 7.97976 0.508014 11 266.86 234.08 
0.882168 8.59222 -0.707979 12 137.593 126.345 
0.899845 8.60243 -1.45278 14 118.799 50.8278 
-0.882633 7.57332 -1.15265 15 318.551 4.94927 
0.308716 8.26114 -0.602419 18 192.459 120.877 
-0.834292 7.60122 -0.745649 20 317.947 62.2945 
-2.57331 6.5972 -0.0115366 25 639.331 83.6175 
1.53151 8.96712 0.925447 27 115.267 299.891 
-1.29918 7.33282 1.56526 29 436.458 346.404 
1.89409 9.17646 -0.898766 30 51.9452 137.406 
1.20489 8.77855 1.35968 34 149.515 338.889 
0.643979 8.45471 0.172026 37 177.221 212.183 
1.0009 8.66077 1.01151 39 158.388 304.717 
1.35417 8.86473 -1.19204 41 84.7051 93.8448 
-1.4565 7.24199 0.969849 43 448.132 268.181 
2.2299 9.37034 -1.63427 48 17.4123 78.0642 
-2.14768 6.84294 -0.101629 51 546.921 91.0707 
-0.421209 7.83972 -1.17149 54 257.902 27.6566 
-1.24468 7.36429 0.57792 55 407.538 219.501 
-0.449959 7.82312 -0.349133 56 281.388 127.594 
1.11916 8.72905 0.11871 59 131.876 215.995 
2.502 9.52743 1.21213 60 52.4014 332.765 
0.976565 8.64672 0.659001 63 157.46 268.687 
2.48091 9.51526 -1.52748 64 1.11468 93.9377 
-1.42581 7.25971 0.982136 67 443.511 269.243 
1.84359 9.1473 -0.734752 70 58.5191 150.662 
2.0992 9.29488 1.12901 72 78.571 321.357 
2.43447 9.48845 -1.27169 74 8.47541 116.315 
0.772201 8.52873 0.816256 76 178.565 281.216 
-2.18179 6.82325 0.0567123 84 557.687 114.649 
-1.81168 7.03693 1.23812 85 514.004 299.214 
-2.31638 6.74554 0.814643 87 600.907 226.372 
2.20527 9.35612 0.861552 89 63.979 301.05 
0.17216 8.1823 0.981234 106 238.541 290.505 
-1.22592 7.37512 0.548265 107 403.383 215.527 
-0.30588 7.9063 0.0837691 108 273.268 181.779 
-2.27819 6.76759 -0.186085 109 571.866 71.4883 
1.53832 8.97105 -0.336704 110 88.505 181.647 
-0.383025 7.86176 0.22409 112 284.892 198.852 
1.39446 8.888 1.03195 114 126.778 306.775 
-1.79023 7.04931 1.8524 116 524.213 383.892 
-0.803108 7.61923 -0.814071 117 312.127 54.8149 
1.29458 8.83033 1.97538 118 155.361 396.405 
-0.964105 7.52628 0.885878 120 372.628 264.745 
1.68572 9.05615 0.970133 121 104.646 305.766 
0.0926466 8.13639 -1.10015 128 203.254 58.007 
-1.20685 7.38613 1.22507 129 413.162 304.212 
-2.44383 6.67196 -0.385326 131 601.889 26.2239 
1.04442 8.6859 0.452906 133 145.563 249.543 
-1.33285 7.31338 0.696058 135 421.792 232.825 
-0.621084 7.72432 1.104 141 332.642 297.744 
2.0713 9.27877 -0.869126 143 39.9881 141.875 
2.40916 9.47383 1.43867 146 63.4145 351.441 
-0.582336 7.74669 0.181318 147 306.84 186.435 
-0.447254 7.82468 0.726916 148 303.992 252.818 
-1.07075 7.46471 -0.23607 149 362.525 116.511 
-0.106953 8.02115 -0.188349 150 244.735 155.977 
2.34296 9.43561 0.313575 151 45.4267 254.793 
1.8128 9.12952 -1.61907 155 42.7706 67.6482 
-2.15233 6.84026 -0.0957294 160 548.538 92.1413 
-2.43306 6.67818 0.0756168 161 610.133 106.616 
1.66029 9.04147 -0.791988 162 72.1371 141.124 
1.18573 8.76749 -1.30616 163 97.4472 76.1572 
-0.717429 7.6687 0.357392 164 328.275 202.878 
-2.12399 6.85662 0.667081 166 559.667 210.362 
0.840218 8.568 1.74362 168 189.071 373.871 
0.0695622 8.12307 1.38063 169 257.904 335.592 
-1.10514 7.44485 1.99159 172 417.49 401.157 
0.827608 8.56072 -0.196826 177 151.501 179.476 
0.817645 8.55497 1.17423 181 180.295 317.994 
1.11154 8.72465 -0.22035 188 125.533 184.158 
-1.12203 7.4351 -0.763709 191 360.388 48.6084 
-0.560641 7.75922 -0.484044 192 287.909 106.351 
1.01143 8.66685 -1.03298 194 116.709 98.6466 
-1.21876 7.37925 1.56713 198 424.54 347.878 
1.63059 9.02433 -0.54542 202 80.1021 163.951 
-2.60244 6.58039 -0.419929 205 636.904 12.3757 
0.530427 8.38915 0.212413 206 186.159 215.103 
-1.89242 6.99031 1.67854 209 539.325 359.283 
-0.0829147 8.03503 0.967789 213 264.592 287.918 
-1.32904 7.31558 0.826885 214 426.081 251.827 
-2.20564 6.80948 0.351964 217 568.895 160.217 
0.498224 8.37055 -0.257251 218 179.46 164.893 
-1.18272 7.40006 -0.335728 222 377.213 101.011 
1.50761 8.95332 1.78202 225 132.98 377.837 
0.843826 8.57009 1.93717 228 191.69 394.518 
0.842776 8.56948 1.16326 230 176.299 316.586 
2.3848 9.45977 -0.140995 231 35.2443 214.999 
1.20088 8.77623 0.396294 235 130.316 245.742 
-0.477256 7.80736 0.692004 238 305.228 248.696 
2.1672 9.33414 0.137181 241 52.6244 235.51 
2.5324 9.54499 -0.521146 243 18.4658 185.568 
0.34969 8.2848 -0.208161 246 194.866 165.7 
2.29158 9.40595 0.467399 249 52.0435 268.385 
2.79672 9.15593 1.45335 762 9.99192 367.192 
2.75988 9.21974 0.955628 841 8.4463 321.031 
2.74336 9.24836 0.533191 877 2.11305 282.514 
2.665 9.38408 0.586617 924 20.4022 285.024 
2.74799 9.24035 0.800252 981 8.18586 306.332 
