5.64257 -0.481715 -7 109 0.243723 0.0213621 
6.30632 -1.54879 -7 115 0.130515 -0.142175 
4.50714 -1.04124 -7 119 0.429946 -0.128932 
4.46367 -0.542201 -7 125 0.455264 -0.0225982 
6.6867 0.183154 -7 127 0.119374 0.148543 
6.46481 -1.88245 -7 128 0.105219 -0.189039 
3.77354 -0.887468 -7 133 0.611004 -0.133857 
6.08103 -0.977971 -7 134 0.170775 -0.0549585 
4.29646 -0.0380129 -7 139 0.510082 0.0866039 
6.59087 -1.1778 -7 141 0.10425 -0.0723383 
4.8725 1.3091 -7 142 0.428043 0.383028 
6.26277 1.2623 -7 143 0.19504 0.335827 
6.4687 -1.97232 -7 149 0.103047 -0.203089 
7 -0.0623122 -3.31422 152 -0.573456 0.204391 
7 -1.59791 -6.35011 157 -0.0259164 -0.128758 
7 1.75895 -5.06184 159 -0.15594 0.513131 
7 0.863395 -4.44339 163 -0.288676 0.363674 
7 -0.724268 -3.10497 165 -0.643432 0.0455201 
7 -0.863938 -6.09367 166 -0.046767 -0.00898446 
7 1.33843 -4.95324 172 -0.183016 0.433894 
7 0.759759 -5.08223 173 -0.171343 0.310122 
7 -0.518283 -3.0968 179 -0.642934 0.0973443 
7 0.741437 -4.00824 180 -0.384604 0.361478 
7 -0.563655 -4.89557 181 -0.228173 0.0553622 
7 0.831841 -5.58946 182 -0.0880191 0.302179 
7 1.69172 -5.79597 183 -0.04097 0.452586 
7 0.0865561 -4.29161 189 -0.333926 0.202552 
7 -1.97934 -4.46413 190 -0.333871 -0.223205 
7 0.781169 -6.98961 200 0.0939164 0.244417 
