7 -1.49784 0.349314 151 -0.52424 -0.425548 
7 -0.0623122 -3.31422 152 0.367355 -0.0154972 
7 0.36994 -1.65205 155 0.0021366 0.0811468 
7 0.947338 -0.351981 158 -0.319289 0.224174 
7 1.75895 -5.06184 159 0.653403 0.347517 
7 0.343459 -2.54532 160 0.201585 0.0740453 
7 -0.647617 -0.188366 161 -0.365259 -0.179497 
7 1.08732 -1.94397 162 0.062147 0.242725 
7 0.863395 -4.44339 163 0.564773 0.178323 
7 -0.724268 -3.10497 165 0.335529 -0.166448 
7 0.725336 0.960833 171 -0.686185 0.178742 
7 1.33843 -4.95324 172 0.64407 0.268411 
7 0.759759 -5.08223 173 0.67888 0.154695 
7 1.97211 0.0439567 176 -0.420346 0.471557 
7 1.44234 0.716532 178 -0.607332 0.357466 
7 -0.518283 -3.0968 179 0.33045 -0.119182 
7 0.741437 -4.00824 180 0.487507 0.155555 
7 -0.563655 -4.89557 181 0.67681 -0.115848 
7 -0.443496 -0.586995 184 -0.257529 -0.121884 
7 -1.20096 -0.713027 185 -0.222897 -0.318895 
7 -0.746732 -0.782938 186 -0.205574 -0.198133 
7 0.0865561 -4.29161 189 0.553088 0.0187462 
7 -1.97934 -4.46413 190 0.63094 -0.435041 
7 -1.56385 -0.742436 193 -0.214202 -0.416292 
7 -1.07027 0.309808 197 -0.509477 -0.302827 
7 1.83558 -1.14915 198 -0.124531 0.418345 
