-7 0.21307 2.3409 51 287.773 215.569 
-7 -0.503339 4.01391 52 448.176 152.056 
-7 -0.64261 4.44771 54 484.374 142.034 
-7 -0.441068 2.32778 56 289.51 144.177 
-7 1.81819 2.50338 57 296.76 381.253 
-7 1.50288 1.91462 59 236.96 353.231 
-7 -1.45394 1.58819 66 210.077 15.3942 
-7 0.78654 5.75191 68 567.023 274.847 
-7 -0.100249 4.19611 69 460.209 192.212 
-7 -1.07602 2.04225 70 261.398 68.6882 
-7 -0.527577 4.46053 71 484.499 153.119 
-7 -0.14175 5.47309 72 555.919 194.438 
-7 1.61955 6.53315 73 609.273 340.621 
-7 1.51818 2.67054 81 314.641 350.223 
-7 0.883221 6.2108 82 595.744 282.572 
-7 -0.72299 3.2493 84 382.416 122.965 
-7 1.48523 2.57162 86 305.104 347.492 
-7 -0.166603 0.216342 87 24.2821 156.714 
-7 1.20864 2.59145 88 308.42 319.494 
-7 1.46933 5.82185 93 566.013 331.322 
-7 -0.576654 5.65743 96 572.198 157.094 
-7 -1.0576 1.73598 99 226.268 65.998 
