-6.30704 4.44153 1.88748 3 41.4761 402.851 
-7.56816 3.71342 -1.91336 13 192.189 31.9184 
-7.32861 3.85173 1.20236 16 164.333 312.053 
-8.8069 2.99824 -0.956076 24 287.555 137.176 
-8.89169 2.94928 -0.604829 26 291.197 166.046 
-7.27042 3.88532 -0.762006 28 161.687 130.087 
-9.15905 2.79493 1.33263 40 306.207 304.863 
-6.52013 4.31851 -0.668232 44 72.6702 125.324 
-8.69401 3.06342 -0.315471 46 277.342 184.058 
-9.17118 2.78792 0.352843 50 305.91 236.271 
-6.99514 4.04426 0.162238 53 131.912 215.735 
-7.12929 3.9668 -0.413303 57 146.424 160.537 
-7.76282 3.60104 -1.23079 58 207.554 96.8452 
-9.06868 2.8471 0.616604 61 300.352 253.827 
-6.35552 4.41354 0.367926 65 50.0603 235.399 
-8.32689 3.27537 0.102633 68 252.154 215.55 
-9.53193 2.57964 -0.151691 69 328.178 201.56 
-6.73615 4.19379 -0.772225 73 100.676 117.167 
-8.43422 3.2134 0.143156 79 259.431 218.642 
-7.01524 4.03265 0.767731 80 132.398 275.725 
-6.84889 4.1287 -1.69131 81 114.45 26.0011 
-8.57211 3.13379 0.696853 83 269.608 262.8 
-9.48597 2.60618 0.402373 91 325.494 237.616 
-7.84704 3.55241 -1.4571 93 216.552 79.9619 
-6.07518 4.57539 0.411442 94 8.50058 238.887 
-6.7471 4.18746 0.728183 95 100.708 270.329 
-6.83682 4.13566 0.932129 96 112.423 290.233 
-8.21684 3.33891 0.855065 98 242.813 274.484 
-8.30606 3.2874 -0.374033 103 250.186 175.096 
-6.83515 4.13663 0.928504 104 110.374 288.822 
-9.49264 2.60233 0.71894 111 323.247 259.851 
-6.45698 4.35497 0.0373591 113 64.9811 197.776 
-7.76272 3.6011 -1.33649 124 207.966 88.0746 
-9.4138 2.64784 -0.749638 127 323.02 161.07 
-6.48824 4.33692 0.602459 130 67.3482 262.553 
-9.10665 2.82518 -0.067222 132 301.786 204.827 
-8.31486 3.28232 -0.998132 134 252.863 128.757 
-7.54306 3.72791 -0.636474 136 187.823 146.644 
-8.32648 3.27561 -0.916176 137 252.938 135.982 
-7.75055 3.60812 0.607921 138 205.721 254.563 
-8.89144 2.94943 -0.995818 139 292.535 136.674 
-8.50915 3.17015 -1.43562 142 266.815 96.857 
-6.25679 4.47054 0.905937 144 35.0242 294.903 
-8.55092 3.14603 -1.2267 145 269.108 112.273 
-9.27136 2.73008 -1.79969 152 314.153 84.1002 
-7.61388 3.68703 -1.43304 154 195.849 76.1519 
-8.81769 2.99201 -0.933105 158 287.048 140.259 
-6.08649 4.56887 1.43535 170 8.80131 357.086 
-6.68884 4.2211 0.597207 171 94.6431 257.459 
-7.21392 3.91795 1.54448 173 152.619 346.357 
-7.83448 3.55966 -0.735079 174 214.66 142.274 
-9.09008 2.83474 -1.5709 176 303.28 96.9841 
-6.73975 4.1917 -1.74479 178 102.622 17.0029 
-7.69247 3.64165 -1.44056 186 202.733 77.2421 
-6.79289 4.16102 0.492295 190 106.489 245.225 
-8.58962 3.12368 -0.807997 201 271.515 146.091 
-9.31972 2.70216 0.881481 208 314.064 272.017 
-6.12407 4.54717 1.70161 211 14.3887 387.005 
-6.59885 4.27306 -1.66716 216 85.503 19.962 
-7.86451 3.54233 1.45463 223 214.901 326.228 
-7.66224 3.65911 -1.56845 226 199.543 64.5182 
-7.55688 3.71994 1.11487 232 189.09 302.082 
-6.86074 4.12186 0.00652214 233 115.578 200.455 
-8.6765 3.07352 1.96596 234 274.818 357.8 
-7.02658 4.02611 -1.06432 239 134.945 95.8688 
-8.03402 3.44446 -0.562411 242 228.19 158.369 
-8.14068 3.38288 -0.0878003 245 238.407 198.849 
-6.54441 4.30449 1.25315 248 75.5552 328.708 
-8.26463 0.314754 1.16404 251 499.777 314.724 
-9.1587 1.86333 -0.988996 253 374.049 136.449 
-8.41737 0.579321 1.27562 256 473.365 321.743 
-9.52122 2.49124 -1.0717 257 334.812 139.741 
-8.93601 1.47762 -0.633868 259 401.07 163.939 
-9.30328 2.11375 1.73712 262 353.448 334.268 
-8.62862 0.94521 0.119044 265 443.411 219.334 
-9.05625 1.68588 -1.53396 267 388.721 93.5356 
-9.13681 1.82542 0.452008 276 374.946 244.864 
-8.62523 0.939344 -1.18054 287 445.677 112.293 
-8.12164 0.0670859 0.804812 290 526.33 284.58 
-8.26682 0.318554 -1.13985 297 506.489 103.728 
-8.648 0.978768 1.29878 299 437.832 316.964 
-7.95776 -0.216756 -0.267516 301 565.492 181.674 
-8.24121 0.274194 1.30161 302 504.515 328.534 
-7.75587 -0.566441 -1.28568 308 614.502 67.6619 
-8.641 0.966654 -0.16123 311 441.617 198.658 
-9.31057 2.12638 -0.0551822 313 355.205 207.129 
-8.81253 1.26375 -0.857651 325 416.472 143.265 
-7.72464 -0.62053 -0.0248013 332 619.226 202.961 
-7.68847 -0.683171 1.35649 337 622.505 353.715 
-7.95987 -0.213096 0.306596 339 562.443 236.481 
-8.52917 0.772963 -1.76171 342 460.139 56.4835 
-7.96405 -0.205854 1.31542 346 557.544 336.83 
-8.12381 0.0708475 -1.49958 347 532.679 62.8686 
-8.00123 -0.141456 -0.325795 349 557.108 175.929 
-8.82998 1.29397 -1.283 359 416.258 108.762 
-8.26227 0.31067 0.618929 366 503.699 265.533 
-8.81299 1.26454 1.68087 370 412.675 342.501 
-7.92892 -0.2667 1.10434 372 567.596 318.499 
-8.43087 0.60269 -0.733047 375 476.39 144.562 
-9.0577 1.6884 -0.174837 377 385.916 195.737 
-8.19099 0.187209 -1.2445 378 519.395 89.8341 
-9.37546 2.23878 -1.18001 383 349.857 128.381 
-8.12127 0.0664484 1.25361 388 528.276 325.983 
-9.14202 1.83445 -1.39071 391 378.611 107.817 
-9.48121 2.42194 -1.26659 396 338.194 125.669 
-8.52092 0.758672 -1.7528 399 461.048 58.9851 
-9.44529 2.35972 -1.11888 402 344.275 134.016 
-7.81782 -0.459131 0.076778 403 596.393 214.157 
-8.91993 1.44977 0.165011 413 398.988 222.785 
-8.21371 0.226557 -0.790225 417 514.128 133.927 
-7.84199 -0.417283 -1.30465 420 593.842 71.0417 
-9.51944 2.48816 0.340095 422 332.262 235.722 
-7.91669 -0.287895 -0.0147918 423 572.388 206.061 
-8.92471 1.45805 -1.88576 426 403.19 63.6658 
-8.05966 -0.0402563 -0.2345 439 541.823 182.529 
-9.40694 2.29329 1.83376 448 343.061 338.11 
-8.18295 0.173293 -0.148578 455 518.93 194.525 
-8.15687 0.12812 0.541817 457 522.72 260.129 
-8.06618 -0.0289635 1.04644 461 537.358 307.894 
-8.66593 1.00983 0.45259 465 436.278 248.475 
-9.45274 2.37263 -1.8729 469 344.311 82.0027 
-9.08866 1.74202 1.71988 475 378.762 337.925 
-7.72533 -0.619337 0.904189 476 616.401 302.956 
-8.78933 1.22356 1.82285 477 415.895 356.768 
-7.83655 -0.426699 0.919261 479 587.466 299.367 
-8.11594 0.0572182 0.887934 486 528.495 291.644 
-8.80838 1.25656 1.8581 487 414.736 357.497 
-9.2531 2.02685 -1.52478 488 365.311 101.698 
-9.11496 1.78758 0.0633076 493 377.969 215.617 
-9.55916 2.55695 -0.634717 496 330.638 167.508 
-9.00888 1.60385 -0.973121 498 393.532 137.707 
