7 -0.0623122 -3.31422 152 0.205267 0.0221245 
7 0.36994 -1.65205 155 -0.162782 0.119839 
7 0.947338 -0.351981 158 -0.516394 0.277277 
7 1.75895 -5.06184 159 0.507267 0.388337 
7 0.343459 -2.54532 160 0.0435899 0.111976 
7 -0.647617 -0.188366 161 -0.554114 -0.152243 
7 1.08732 -1.94397 162 -0.0971354 0.290583 
7 0.863395 -4.44339 163 0.408675 0.215807 
7 -0.724268 -3.10497 165 0.167266 -0.125436 
7 -0.863938 -6.09367 166 0.677607 -0.117902 
7 1.33843 -4.95324 172 0.491814 0.306591 
7 0.759759 -5.08223 173 0.515703 0.190865 
7 -0.518283 -3.0968 179 0.164421 -0.0798745 
7 0.741437 -4.00824 180 0.33221 0.193477 
7 -0.563655 -4.89557 181 0.492273 -0.0719138 
7 0.831841 -5.58946 182 0.594657 0.201908 
7 1.69172 -5.79597 183 0.62146 0.363853 
7 -0.443496 -0.586995 184 -0.438653 -0.0914993 
7 -1.20096 -0.713027 185 -0.397982 -0.287072 
7 -0.746732 -0.782938 186 -0.381636 -0.167483 
7 0.0865561 -4.29161 189 0.386398 0.0566273 
7 -1.97934 -4.46413 190 0.427421 -0.365148 
7 -1.56385 -0.742436 193 -0.387341 -0.38056 
7 1.83558 -1.14915 198 -0.299997 0.490738 
