4.32541 -5.58563 0.848861 506 555.414 430.308 
3.31453 -6.16926 -0.82277 507 365.415 202.834 
2.55081 -6.61019 -1.05696 510 240.351 181.148 
1.55304 -7.18626 -0.142317 519 87.1713 324.631 
4.45282 -5.51207 0.330289 528 571.235 350.105 
3.62183 -5.99184 -0.708902 530 414.385 215.369 
1.74656 -7.07452 -0.649775 536 113.706 250.013 
3.84209 -5.86467 0.762035 537 474.689 425.232 
4.08321 -5.72546 -0.0501395 541 502.788 304.308 
4.14699 -5.68864 -0.0739802 553 511.896 299.767 
2.76135 -6.48864 -0.835611 556 274.166 209.85 
2.50813 -6.63483 -1.62398 557 225.23 104.19 
1.77128 -7.06025 -1.32111 560 108.882 157.969 
4.17332 -5.67344 0.684667 567 527.318 409.299 
4.08949 -5.72184 0.309736 570 508.169 355.447 
1.27527 -7.34662 -0.861902 571 35.3705 227.815 
4.78434 -5.32066 -1.81187 575 591.284 45.8923 
2.35211 -6.72491 -1.73362 576 197.48 91.8381 
2.61049 -6.57574 0.28437 581 265.218 372.809 
1.33215 -7.31379 -0.490916 582 49.4295 279.643 
1.26618 -7.35187 -0.159086 592 40.81 327.2 
3.5218 -6.04959 -1.73721 596 387.33 74.0927 
2.00616 -6.92464 -1.64027 600 141.942 107.328 
2.48133 -6.65031 0.492331 604 244.332 405.815 
4.89471 -5.25694 -0.199595 606 634.758 269.427 
2.61487 -6.57321 0.0112596 607 259.484 330.822 
2.89706 -6.41029 -1.2274 611 290.577 157.032 
2.4848 -6.64831 0.119285 615 238.97 347.669 
2.90013 -6.40851 0.80747 626 316.822 444.522 
2.77919 -6.47834 -1.67587 627 268.826 93.2974 
3.2896 -6.18365 -0.831285 632 360.834 204.333 
3.83992 -5.86592 -0.579006 640 454.181 231.461 
2.18105 -6.82367 0.572736 650 197.457 419.922 
2.35902 -6.72093 0.562621 651 224.843 416.875 
3.74064 -5.92325 -1.9671 654 418.173 38.6933 
1.77898 -7.05581 0.424263 655 128.927 402.517 
1.12851 -7.43136 0.338853 661 22.9015 399.724 
4.82206 -5.29889 0.859675 662 639.401 424.576 
4.05549 -5.74146 -0.254187 669 494.417 274.821 
2.3244 -6.74091 -0.546464 673 208.601 258.29 
4.78329 -5.32127 0.804293 674 632.34 417.871 
3.62073 -5.99248 0.99023 683 440.588 461.436 
1.16029 -7.41301 -1.93088 690 7.6196 84.0119 
4.226 -5.64302 0.28797 691 531.361 348.328 
1.43203 -7.25612 -1.20582 693 58.8148 176.119 
2.99296 -6.35491 0.665465 696 330.553 420.313 
4.82073 -5.29965 -1.08631 698 609.107 145.079 
4.30182 -5.59925 -1.21577 708 520.978 135.155 
2.02484 -6.91386 0.215523 713 165.002 370.41 
2.26921 -6.77278 -0.294944 715 203.197 294.283 
1.12928 -7.43091 0.660268 716 24.1237 446.251 
1.34298 -7.30754 -1.15975 722 43.7202 186.191 
4.48631 -5.49273 -1.46496 723 546.868 96.5239 
3.52361 -6.04855 -0.447866 727 404.573 254.189 
4.48121 -5.49568 0.424736 739 575.636 366.975 
3.90444 -5.82868 0.777906 744 485.383 426.661 
2.78119 -6.47718 -1.18276 749 274.028 162.317 
