1.69792 -0.977731 -7 104 -0.688537 -0.247165 
-2.11042 -0.0563179 -7 106 0.617379 -0.191169 
-0.235026 1.16667 -7 114 0.09568 0.328341 
-0.0787955 1.33173 -7 116 0.0557714 0.39278 
-1.66978 1.93068 -7 118 0.605191 0.476171 
0.474792 -0.485198 -7 124 -0.246533 -0.164111 
-2.10211 -0.684594 -7 129 0.574475 -0.393035 
-1.59533 0.795126 -7 132 0.508658 0.116362 
1.03314 -1.58354 -7 136 -0.506357 -0.490978 
0.97797 0.750031 -7 138 -0.330162 0.275681 
1.9715 1.13953 -7 144 -0.635811 0.473691 
1.45576 0.553777 -7 145 -0.502607 0.244017 
-0.615215 -0.161545 -7 146 0.131706 -0.129145 
0.206379 -1.0164 -7 147 -0.193511 -0.356046 
