-3.11304 -8.60806 -1.9166 254 -0.343759 -0.401027 
-3.48222 -7.96863 1.84681 255 -0.639828 0.369481 
-2.75039 -9.23619 0.329719 263 -0.302913 0.0534984 
-3.07463 -8.67459 -1.54793 266 -0.341721 -0.327069 
-2.57499 -9.53998 1.60069 268 -0.288902 0.267433 
-2.72709 -9.27655 -1.48729 269 -0.230951 -0.269079 
-3.32874 -8.23445 -1.42324 285 -0.443819 -0.331806 
-3.49888 -7.93976 0.772929 286 -0.606249 0.137607 
-3.44968 -8.02497 0.167007 293 -0.558198 -0.000114977 
-3.04378 -8.72802 1.54345 294 -0.440382 0.280641 
-3.22332 -8.41705 1.89644 304 -0.524903 0.355715 
-3.32508 -8.2408 -1.51403 315 -0.435478 -0.34927 
-3.63057 -7.71167 -1.43695 316 -0.580748 -0.390057 
-3.09129 -8.64573 1.79249 320 -0.466892 0.3301 
-3.06428 -8.69251 -0.666718 324 -0.372183 -0.146965 
-3.49997 -7.93787 0.446165 333 -0.594255 0.0600519 
-3.35488 -8.18918 1.50964 334 -0.568213 0.288388 
-3.62005 -7.72989 0.845456 350 -0.673645 0.152272 
-2.64072 -9.42615 1.95256 355 -0.319064 0.330135 
-3.10287 -8.62567 -0.357131 361 -0.391558 -0.0876194 
-3.32955 -8.23305 -1.41411 368 -0.441066 -0.331368 
-2.62582 -9.45194 -1.96759 374 -0.18885 -0.341082 
-3.02092 -8.76762 -1.67324 386 -0.321162 -0.340151 
-3.14704 -8.54917 1.54174 390 -0.479873 0.283668 
-2.75281 -9.23199 0.225616 395 -0.298926 0.0354455 
-3.18967 -8.47533 1.85927 400 -0.506008 0.346298 
-3.33676 -8.22056 -0.399899 404 -0.484943 -0.11563 
-3.20418 -8.4502 0.757211 405 -0.477093 0.127543 
-3.32846 -8.23494 1.89335 407 -0.563779 0.364512 
-3.05904 -8.70159 0.925619 412 -0.425114 0.161136 
-2.74941 -9.23788 0.292754 416 -0.300485 0.043588 
-3.28794 -8.30512 -0.582867 425 -0.456974 -0.147767 
-2.88356 -9.00553 1.61269 428 -0.388193 0.287168 
-3.57786 -7.80296 1.13653 429 -0.662541 0.217767 
-3.71801 -7.56021 -1.73791 433 -0.613269 -0.484161 
-2.84073 -9.07972 -1.27039 435 -0.270815 -0.240273 
-2.97704 -8.84361 -0.559065 449 -0.343599 -0.119098 
-3.13049 -8.57784 0.930095 453 -0.450945 0.166561 
-2.83311 -9.09292 -0.904736 454 -0.288615 -0.171202 
-3.07985 -8.66554 0.939564 456 -0.429863 0.16078 
-2.82678 -9.10387 0.818773 460 -0.344725 0.139078 
-2.94605 -8.89729 1.87197 478 -0.418167 0.330874 
-3.62908 -7.71426 0.283949 480 -0.655396 0.0209919 
-2.61113 -9.47739 -1.5069 492 -0.19475 -0.257447 
-3.63585 -7.70252 0.600044 494 -0.669292 0.0945273 
-3.6271 -7.71768 0.36592 497 -0.653186 0.0379657 
-3.46213 -8.00341 0.473249 499 -0.575059 0.0693145 
-0.751588 -8.51683 0.0534651 508 0.0485552 0.0919073 
0.697982 -7.67992 -1.90184 511 0.545695 -0.339459 
-0.577812 -8.4165 -1.88021 514 0.167838 -0.32681 
1.01972 -7.49417 -0.323822 518 0.564739 0.127657 
0.57886 -7.7487 0.424617 532 0.360326 0.290422 
-1.33469 -8.85349 -0.250941 535 -0.0501978 0.001363 
-0.805849 -8.54816 -1.1322 539 0.0892584 -0.167187 
-1.55768 -8.98223 1.00965 540 -0.131669 0.230453 
-0.942173 -8.62687 -1.81306 542 0.0902287 -0.311824 
-2.54087 -9.54988 -1.96382 546 -0.165633 -0.333417 
-0.435565 -8.33438 0.0499532 548 0.111898 0.115684 
0.488173 -7.80106 0.703509 550 0.31834 0.353165 
-2.17518 -9.33875 -0.02102 551 -0.184523 0.0123043 
-1.37853 -8.8788 -0.140968 554 -0.0624408 0.023519 
-0.337383 -8.27769 -1.23289 555 0.197525 -0.175309 
0.766945 -7.64011 0.115194 558 0.444078 0.226085 
0.990941 -7.51078 -1.55331 559 0.632269 -0.241536 
-1.35618 -8.8659 -1.86663 561 0.0121688 -0.321755 
-0.751362 -8.5167 -0.54808 562 0.0761091 -0.0360463 
0.285019 -7.91835 -1.67271 565 0.387604 -0.276555 
-2.39776 -9.46725 -1.50147 566 -0.163023 -0.253422 
-0.453946 -8.34499 1.0501 568 0.0642018 0.330554 
-0.48463 -8.36271 0.158388 572 0.0986905 0.13384 
-1.19047 -8.77022 1.45663 578 -0.0956385 0.344426 
-0.0029851 -8.08463 -0.961949 580 0.267299 -0.104708 
-0.413276 -8.32151 0.783569 583 0.0860976 0.277283 
-1.13416 -8.73771 1.81808 584 -0.0961509 0.424332 
-2.13398 -9.31496 -0.61668 585 -0.160054 -0.0921545 
-1.80668 -9.12599 1.44164 586 -0.184918 0.294591 
0.848258 -7.59316 -0.946016 591 0.538056 -0.0626679 
1.26618 -7.35187 -0.159086 592 0.656778 0.204063 
-0.665112 -8.46691 -0.0591155 593 0.0690568 0.0716281 
0.587659 -7.74362 -1.86164 595 0.49839 -0.327866 
-1.05884 -8.69422 -0.500411 598 0.00602252 -0.0397232 
-1.85453 -9.15362 1.00414 599 -0.175387 0.208259 
-0.29479 -8.2531 -0.936867 601 0.191927 -0.109579 
-1.02236 -8.67316 1.83715 602 -0.0751243 0.436238 
-0.918376 -8.61313 -1.76208 603 0.0934648 -0.29811 
-0.41102 -8.32021 0.556759 610 0.0909409 0.227473 
-2.0658 -9.2756 0.128408 612 -0.171828 0.0408063 
-2.28434 -9.40177 0.767727 616 -0.225929 0.143263 
-1.43619 -8.91209 -1.99412 619 0.00460788 -0.345356 
0.337754 -7.8879 -1.59112 620 0.403168 -0.258124 
-0.478158 -8.35897 -0.638973 621 0.137865 -0.04392 
-1.39269 -8.88697 -0.919729 622 -0.0355194 -0.133349 
-1.85496 -9.15386 1.85126 623 -0.209557 0.358258 
-2.10532 -9.29841 0.971801 625 -0.204421 0.189326 
-0.802806 -8.5464 1.53266 628 -0.0239838 0.398268 
-0.197251 -8.19679 0.70261 629 0.13454 0.281753 
0.695133 -7.68157 0.336635 637 0.40573 0.283823 
-1.41788 -8.90152 -1.16565 639 -0.0274951 -0.179811 
-0.795119 -8.54197 -0.566815 642 0.0665474 -0.0365578 
-1.37552 -8.87706 0.232198 643 -0.0778719 0.0964466 
-1.56414 -8.98596 -0.787846 645 -0.0648256 -0.112136 
-0.814491 -8.55315 0.400562 646 0.0212963 0.159579 
-0.0537926 -8.11396 -0.334741 647 0.225173 0.0454157 
0.279953 -7.92127 1.12217 656 0.237631 0.428408 
-0.574829 -8.41478 0.349602 657 0.0711965 0.171186 
0.172776 -7.98315 1.03516 658 0.211866 0.396812 
-1.00763 -8.66466 -0.50403 660 0.0186311 -0.0341872 
1.12851 -7.43136 0.338853 661 0.556216 0.335791 
-0.613939 -8.43736 -0.547652 664 0.0984766 -0.0290681 
-0.867771 -8.58391 0.768917 668 -0.00537136 0.233811 
-0.769826 -8.52736 1.76192 670 -0.0293873 0.451534 
-0.250485 -8.22752 -1.46169 672 0.231615 -0.230879 
-1.48552 -8.94057 0.517606 676 -0.101823 0.143884 
-1.10245 -8.71941 -0.567007 677 0.0021944 -0.0492266 
0.0842166 -8.03428 0.452304 685 0.219366 0.248893 
0.676712 -7.6922 0.794688 695 0.374025 0.402552 
0.242541 -7.94287 -1.30659 700 0.358141 -0.184869 
0.735422 -7.65831 -0.141939 702 0.449469 0.153413 
-0.0286901 -8.09947 1.01989 704 0.164325 0.375825 
-2.31293 -9.41827 1.81431 707 -0.263935 0.320548 
1.12928 -7.43091 0.660268 716 0.540361 0.42963 
0.300349 -7.9095 -1.99348 717 0.41469 -0.363533 
-0.939569 -8.62536 -0.32294 718 0.0270099 0.00287573 
-1.908 -9.18449 1.52916 719 -0.199418 0.301084 
-0.734402 -8.50691 1.2467 730 0.0015315 0.346463 
-0.562661 -8.40776 1.95132 740 0.00587026 0.51643 
-1.49578 -8.94649 0.981389 746 -0.121548 0.230528 
-0.0589625 -8.11695 -0.531896 750 0.235529 0.000948123 
