-4.80195 0.41523 7 21 453.944 306.858 
-3.28746 -0.347612 7 22 616.21 227.256 
-5.92999 -1.73451 7 23 361.244 124.569 
-5.37012 0.037908 7 24 407.506 270.051 
-5.21106 1.44812 7 29 426.702 395.758 
-5.40598 0.152698 7 30 405.546 279.975 
-3.76175 1.7333 7 32 566.849 463.188 
-5.875 -0.508694 7 36 370.86 224.541 
-4.02466 -0.174699 7 39 525.318 249.872 
-3.22548 0.288125 7 40 629.221 306.328 
-5.59816 -0.619665 7 42 388.22 213.829 
-3.26615 1.27581 7 43 629.516 427.342 
-6.33365 0.109205 7 44 346.848 274.139 
-6.25916 0.145289 7 48 351.221 277.091 
-7 -0.503339 4.01391 52 76.5119 243.084 
-7 -0.64261 4.44771 54 121.914 226.701 
-7 0.78654 5.75191 68 240.001 339.479 
-7 -0.100249 4.19611 69 99.7378 282.729 
-7 -0.527577 4.46053 71 124.013 237.888 
-7 -0.14175 5.47309 72 214.489 265.782 
-7 1.61955 6.53315 73 293.812 389.267 
-7 0.883221 6.2108 82 270.803 339.556 
-7 1.46933 5.82185 93 248.556 393.388 
-7 -0.576654 5.65743 96 225.652 228.103 
