-7 0.0943094 -5.21035 64 0.427221 0.05687 
-7 1.11392 -6.02536 65 0.286195 0.246573 
-7 0.886694 -5.35798 67 0.402821 0.214834 
-7 1.34911 -4.82912 74 0.51708 0.326946 
-7 0.694743 -5.33965 78 0.405352 0.176456 
-7 1.12101 -6.65735 79 0.192459 0.236338 
-7 -1.84392 -6.0007 85 0.283726 -0.27076 
-7 -0.295975 -5.19552 90 0.427886 -0.0202585 
-7 1.40697 -4.3308 91 0.641972 0.360764 
-7 0.592834 -6.66606 94 0.191179 0.146896 
-7 -0.609874 -5.90804 100 0.300909 -0.0644251 
-3.17768 1.79522 -7 101 -0.534414 0.485109 
-5.46333 -1.29075 -7 102 -0.0298209 -0.201907 
-4.55559 -0.250499 -7 105 -0.180108 -0.0337724 
-5.09885 0.316864 -7 107 -0.0925595 0.0902098 
-6.22725 1.4028 -7 110 0.0602347 0.289466 
-5.05591 -0.451909 -7 117 -0.0943721 -0.0611672 
-3.07632 -1.96878 -7 120 -0.481726 -0.506853 
-3.56835 0.827876 -7 121 -0.405659 0.20598 
-6.20015 -0.954561 -7 122 0.0628168 -0.118302 
-3.11373 -0.303232 -7 130 -0.505854 -0.0926031 
-3.58737 1.4874 -7 135 -0.412535 0.378042 
-6.2831 -0.370457 -7 140 0.0711602 -0.0192348 
-5.05277 -1.83336 -7 148 -0.0862428 -0.319704 
-6.46998 0.52855 -7 150 0.090871 0.134202 
