-1.97014 0.361326 7 3 417.22 276.834 
-3.49077 1.97493 7 8 242.592 479.455 
-2.93389 0.906698 7 9 300.432 349.294 
-2.14837 -1.21575 7 10 384.91 75.4082 
-4.80195 0.41523 7 21 128.637 292.4 
-3.28746 -0.347612 7 22 260.908 199.666 
-5.92999 -1.73451 7 23 58.5588 102.826 
-5.37012 0.037908 7 24 88.7573 256.925 
-5.21106 1.44812 7 29 95.7125 398.345 
-5.40598 0.152698 7 30 85.9723 268.148 
-2.84657 -0.836733 7 31 305.687 136.554 
-3.76175 1.7333 7 32 215.693 445.14 
-2.21352 -0.0799941 7 33 382.555 219.767 
-5.875 -0.508694 7 36 57.7035 209.506 
-4.02466 -0.174699 7 39 192.492 226.322 
-3.22548 0.288125 7 40 268.005 273.281 
-5.59816 -0.619665 7 42 75.6302 196.87 
-3.26615 1.27581 7 43 265.149 393.942 
-6.33365 0.109205 7 44 27.782 267.769 
-2.70348 -0.732172 7 47 321.643 146.148 
-6.25916 0.145289 7 48 32.0038 270.727 
