-1.97014 0.361326 7 3 445.033 271.2 
-2.93389 0.906698 7 9 329.615 348.382 
-2.14837 -1.21575 7 10 403.546 72.3994 
-4.80195 0.41523 7 21 155.885 298.748 
-3.28746 -0.347612 7 22 283.94 201.432 
-5.92999 -1.73451 7 23 80.5066 116.257 
-5.37012 0.037908 7 24 115.326 265.496 
-5.21106 1.44812 7 29 127.097 404.663 
-5.40598 0.152698 7 30 112.975 276.639 
-2.84657 -0.836733 7 31 326.295 136.922 
-3.76175 1.7333 7 32 248.19 447.105 
-2.21352 -0.0799941 7 33 407.303 215.765 
-5.875 -0.508694 7 36 83.2498 220.371 
-4.02466 -0.174699 7 39 216.753 230.86 
-3.22548 0.288125 7 40 293.946 274.032 
-5.59816 -0.619665 7 42 100.379 207.199 
-3.26615 1.27581 7 43 295.856 394.274 
-6.33365 0.109205 7 44 55.9326 278.698 
-2.70348 -0.732172 7 47 342.713 145.609 
-6.25916 0.145289 7 48 60.1556 281.42 
