7.15996 -3.9491 0.231069 501 0.492316 0.165077 
7.75999 -3.60267 0.808332 502 0.598919 0.306932 
4.32541 -5.58563 0.848861 506 -0.270167 0.23691 
3.31453 -6.16926 -0.82277 507 -0.548508 -0.31427 
5.15051 -5.10926 0.655281 515 0.000111783 0.20659 
7.62157 -3.68259 0.309022 516 0.58499 0.201384 
5.54127 -4.88365 0.584966 517 0.109865 0.199825 
7.24861 -3.89792 -1.1423 520 0.534616 -0.123832 
6.5432 -4.30518 -1.86519 522 0.398741 -0.310223 
3.60364 -6.00234 1.48237 523 -0.579798 0.418112 
4.96491 -5.21641 -0.162781 524 -0.0248111 -0.0178369 
4.45282 -5.51207 0.330289 528 -0.202479 0.0913505 
7.67594 -3.6512 1.18816 529 0.583138 0.391953 
3.62183 -5.99184 -0.708902 530 -0.436864 -0.253391 
5.78814 -4.74112 0.731293 533 0.173397 0.250972 
7.01301 -4.03394 -0.97463 534 0.479574 -0.104879 
3.84209 -5.86467 0.762035 537 -0.438189 0.190372 
6.50511 -4.32718 -1.71048 538 0.3905 -0.285215 
4.08321 -5.72546 -0.0501395 541 -0.305873 -0.0350077 
7.77252 -3.59544 -0.54676 544 0.620252 0.022284 
5.8167 -4.72463 -0.692834 547 0.217567 -0.0998482 
5.94865 -4.64845 -0.108768 552 0.230716 0.0432716 
4.14699 -5.68864 -0.0739802 553 -0.284128 -0.0397124 
5.11501 -5.12975 -1.32998 563 0.0569841 -0.292904 
5.60572 -4.84644 -1.12497 564 0.17524 -0.209295 
4.17332 -5.67344 0.684667 567 -0.310985 0.178942 
4.23148 -5.63986 1.46124 569 -0.330931 0.421239 
4.08949 -5.72184 0.309736 570 -0.322443 0.0688309 
8.06725 -3.42528 1.6113 573 0.652329 0.491368 
4.78434 -5.32066 -1.81187 575 -0.0183166 -0.434553 
7.62174 -3.68249 1.0201 577 0.573631 0.357358 
5.79079 -4.73959 0.326224 579 0.184448 0.149016 
6.08574 -4.5693 -0.422393 587 0.271519 -0.0249248 
5.95338 -4.64572 1.4698 588 0.194253 0.441799 
6.59806 -4.27351 1.37278 589 0.356142 0.423528 
7.71485 -3.62873 -1.31027 594 0.619915 -0.135275 
4.89471 -5.25694 -0.199595 606 -0.0443987 -0.026937 
8.21821 -3.33812 0.87683 609 0.683282 0.327274 
2.89706 -6.41029 -1.2274 611 -0.687078 -0.471886 
5.91431 -4.66828 0.963849 617 0.195389 0.309489 
7.88394 -3.53111 -1.51631 618 0.647542 -0.164657 
8.24406 -3.3232 1.57934 624 0.685111 0.482216 
5.34694 -4.99584 -0.371774 630 0.0923739 -0.0486747 
3.2896 -6.18365 -0.831285 632 -0.554584 -0.318438 
7.92744 -3.50599 0.853241 634 0.63265 0.322509 
7.04767 -4.01393 1.30024 635 0.456944 0.411508 
5.60109 -4.84911 1.5746 636 0.0976478 0.467526 
3.83992 -5.86592 -0.579006 640 -0.365375 -0.202809 
4.26955 -5.61788 1.7378 641 -0.336125 0.507907 
6.13888 -4.53862 1.31542 644 0.247309 0.406194 
6.14497 -4.53511 -1.1835 648 0.306541 -0.195813 
7.74644 -3.6105 0.0375105 649 0.609695 0.143873 
7.0982 -3.98476 0.68195 653 0.475134 0.26729 
7.02559 -4.02668 0.448994 659 0.462883 0.213535 
4.82206 -5.29889 0.859675 662 -0.101828 0.252833 
4.88586 -5.26205 0.975449 663 -0.0910855 0.290064 
6.55913 -4.29599 -1.18896 667 0.395138 -0.174023 
4.05549 -5.74146 -0.254187 669 -0.307902 -0.0963069 
4.78329 -5.32127 0.804293 674 -0.121359 0.235661 
6.39838 -4.3888 1.60708 675 0.30388 0.484066 
5.20039 -5.08046 -0.0857982 678 0.0383906 0.0136205 
4.99407 -5.19958 0.559179 682 -0.0410871 0.177822 
3.62073 -5.99248 0.99023 683 -0.544492 0.255715 
5.70419 -4.78959 -0.684915 686 0.188286 -0.103652 
6.4204 -4.37608 -1.66156 687 0.373128 -0.281896 
7.92479 -3.50752 1.32245 688 0.627519 0.427544 
8.15199 -3.37635 -0.280505 689 0.682793 0.0889779 
4.226 -5.64302 0.28797 691 -0.276383 0.0669471 
8.26763 -3.30959 0.733282 692 0.695334 0.304769 
3.83179 -5.87062 1.26855 694 -0.46942 0.354955 
4.82073 -5.29965 -1.08631 698 -0.0364649 -0.256531 
8.01947 -3.45286 0.702216 699 0.655695 0.292271 
5.29956 -5.0232 -0.579862 701 0.084795 -0.0991784 
7.30395 -3.86597 1.05537 703 0.507601 0.35368 
6.39348 -4.39163 0.914159 705 0.313305 0.307621 
7.22497 -3.91156 0.961317 706 0.496598 0.332799 
4.30182 -5.59925 -1.21577 708 -0.183848 -0.329263 
5.49777 -4.90876 0.072566 709 0.11367 0.0722207 
7.66579 -3.65706 -1.9146 710 0.616843 -0.255001 
6.01108 -4.6124 1.08959 711 0.219327 0.346104 
8.16644 -3.36801 1.19775 712 0.669986 0.394703 
6.54292 -4.30535 -1.87458 720 0.404412 -0.31267 
4.19117 -5.66313 1.67662 721 -0.359492 0.489508 
4.48631 -5.49273 -1.46496 723 -0.119688 -0.372487 
5.45807 -4.93168 0.702726 724 0.08517 0.230141 
6.58729 -4.27973 1.46929 725 0.348878 0.444787 
3.52361 -6.04855 -0.447866 727 -0.488403 -0.186064 
3.97273 -5.78925 1.60711 728 -0.439581 0.467871 
5.30402 -5.02063 -1.37929 729 0.10526 -0.291534 
7.50171 -3.75179 -1.28329 731 0.578595 -0.139104 
7.13639 -3.96271 -0.718485 732 0.501725 -0.0413468 
5.1391 -5.11584 0.224599 734 0.0134327 0.0909679 
6.09889 -4.56171 1.10908 735 0.244461 0.349166 
7.25901 -3.89191 -1.70188 738 0.536858 -0.235804 
4.48121 -5.49568 0.424736 739 -0.198421 0.120616 
6.72719 -4.19896 0.433244 741 0.40382 0.197335 
5.33057 -5.0053 -0.178382 743 0.0776926 -0.00443342 
3.90444 -5.82868 0.777906 744 -0.416321 0.200384 
7.49302 -3.75681 0.49302 748 0.55535 0.234628 
