5.64257 -0.481715 -7 109 -0.232889 -0.319157 
2.26927 0.767181 -7 111 0.417983 0.0654466 
2.74139 -0.240151 -7 113 0.331433 -0.238322 
4.50714 -1.04124 -7 119 -0.040295 -0.44676 
2.98659 0.138239 -7 123 0.248509 -0.139461 
4.46367 -0.542201 -7 125 -0.0456425 -0.32955 
6.6867 0.183154 -7 127 -0.37077 -0.202387 
3.77354 -0.887468 -7 133 0.101854 -0.416649 
6.08103 -0.977971 -7 134 -0.283072 -0.41772 
3.34213 1.4046 -7 137 0.11684 0.158548 
4.29646 -0.0380129 -7 139 -0.0286896 -0.211855 
6.59087 -1.1778 -7 141 -0.342744 -0.452111 
4.8725 1.3091 -7 142 -0.155856 0.0565142 
6.26277 1.2623 -7 143 -0.336974 -0.00412611 
1.9715 1.13953 -7 144 0.49047 0.192739 
7 -0.863938 -6.09367 166 -0.551845 -0.439694 
7 0.831841 -5.58946 182 -0.672299 -0.104271 
7 1.69172 -5.79597 183 -0.631566 0.0643057 
7 0.781169 -6.98961 200 -0.411969 -0.10546 
