-3.17768 1.79522 -7 101 0.366316 0.32819 
-4.55559 -0.250499 -7 105 0.685712 -0.20322 
-2.11042 -0.0563179 -7 106 0.114722 -0.169828 
-0.235026 1.16667 -7 114 -0.483513 0.232623 
-0.0787955 1.33173 -7 116 -0.539572 0.291909 
-1.66978 1.93068 -7 118 -0.0155735 0.414733 
-3.56835 0.827876 -7 121 0.465029 0.0736734 
-2.10211 -0.684594 -7 129 0.115778 -0.363618 
-3.11373 -0.303232 -7 130 0.37577 -0.232125 
-1.59533 0.795126 -7 132 -0.0356947 0.0881106 
-3.58737 1.4874 -7 135 0.460285 0.240614 
-0.615215 -0.161545 -7 146 -0.359976 -0.219388 
