6.6867 0.183154 -7 127 0.690553 0.0923154 
6.59087 -1.1778 -7 141 0.690888 -0.150679 
7 -0.0623122 -3.31422 152 0.064188 0.0369716 
7 0.36994 -1.65205 155 -0.317042 0.136307 
7 -1.59791 -6.35011 157 0.538582 -0.214849 
7 1.75895 -5.06184 159 0.383411 0.406051 
7 0.343459 -2.54532 160 -0.0988374 0.127446 
7 1.08732 -1.94397 162 -0.246387 0.316087 
7 0.863395 -4.44339 163 0.275513 0.230566 
7 -0.724268 -3.10497 165 0.0216864 -0.10798 
7 -0.863938 -6.09367 166 0.511726 -0.0935761 
7 1.33843 -4.95324 172 0.362967 0.321929 
7 0.759759 -5.08223 173 0.37917 0.20435 
7 -0.518283 -3.0968 179 0.0201222 -0.0637433 
7 0.741437 -4.00824 180 0.198227 0.208691 
7 -0.563655 -4.89557 181 0.340827 -0.0524225 
7 0.831841 -5.58946 182 0.456275 0.214636 
7 1.69172 -5.79597 183 0.49385 0.378014 
7 -0.443496 -0.586995 184 -0.613097 -0.0830116 
7 -1.20096 -0.713027 185 -0.562717 -0.277602 
7 -0.746732 -0.782938 186 -0.548497 -0.158856 
7 0.0865561 -4.29161 189 0.245376 0.0715504 
7 -1.97934 -4.46413 190 0.263871 -0.326554 
7 -1.56385 -0.742436 193 -0.548751 -0.367867 
7 0.781169 -6.98961 200 0.642665 0.19608 
