-7.56816 3.71342 -1.91336 13 24.1999 136.756 
-8.8069 2.99824 -0.956076 24 129.389 245.169 
-8.89169 2.94928 -0.604829 26 131.779 273.533 
-9.15905 2.79493 1.33263 40 138.728 425.601 
-8.69401 3.06342 -0.315471 46 112.867 290.454 
-9.17118 2.78792 0.352843 50 143.723 346.368 
-7.76282 3.60104 -1.23079 58 35.5809 201.484 
-9.06868 2.8471 0.616604 61 135.788 368.132 
-8.32689 3.27537 0.102633 68 79.5931 325.077 
-9.53193 2.57964 -0.151691 69 174.994 310.277 
-8.43422 3.2134 0.143156 79 85.9052 328.445 
-8.57211 3.13379 0.696853 83 96.441 376.561 
-9.48597 2.60618 0.402373 91 167.22 349.682 
-7.84704 3.55241 -1.4571 93 44.9266 185.041 
-8.21684 3.33891 0.855065 98 58.3606 396.191 
-8.30606 3.2874 -0.374033 103 80.8109 283.322 
-9.49264 2.60233 0.71894 111 168.61 372.691 
-7.76272 3.6011 -1.33649 124 36.8733 191.563 
-9.4138 2.64784 -0.749638 127 169.179 267.158 
-9.10665 2.82518 -0.067222 132 144.545 315.837 
-8.31486 3.28232 -0.998132 134 84.656 233.438 
-7.54306 3.72791 -0.636474 136 1.25918 249.493 
-8.32648 3.27561 -0.916176 137 88.4793 239.84 
-7.75055 3.60812 0.607921 138 8.2326 374.468 
-8.89144 2.94943 -0.995818 139 134.067 242.638 
-8.50915 3.17015 -1.43562 142 108.736 202.768 
-8.55092 3.14603 -1.2267 145 110.706 220.874 
-9.27136 2.73008 -1.79969 152 166.227 193.664 
-7.61388 3.68703 -1.43304 154 21.2495 179.136 
-8.81769 2.99201 -0.933105 158 128.792 246.452 
-7.83448 3.55966 -0.735079 174 37.3989 247.153 
-9.09008 2.83474 -1.5709 176 153.468 204.741 
-7.69247 3.64165 -1.44056 186 28.5989 181.507 
-8.58962 3.12368 -0.807997 201 109.279 251.08 
-9.31972 2.70216 0.881481 208 154.288 386.557 
-7.86451 3.54233 1.45463 223 9.9305 459.116 
-7.66224 3.65911 -1.56845 226 27.1276 168.621 
-8.03402 3.44446 -0.562411 242 57.614 264.386 
-8.14068 3.38288 -0.0878003 245 60.0008 308.406 
-8.26463 0.314754 1.16404 251 329.508 427 
-7.46287 -1.07392 -1.59589 252 464.67 155.131 
-9.1587 1.86333 -0.988996 253 222.175 245.619 
-8.41737 0.579321 1.27562 256 306.861 433.584 
-9.52122 2.49124 -1.0717 257 184.382 246.729 
-8.93601 1.47762 -0.633868 259 242.357 271.254 
-7.4714 -1.05915 0.355818 260 476.123 354.548 
-9.30328 2.11375 1.73712 262 194.943 456.531 
-8.62862 0.94521 0.119044 265 279.049 329.809 
-9.05625 1.68588 -1.53396 267 232.994 207.551 
-9.13681 1.82542 0.452008 276 217.733 353.705 
-6.90676 -2.03715 -0.996423 283 599.006 194.665 
-8.62523 0.939344 -1.18054 287 283.341 224.678 
-8.12164 0.0670859 0.804812 290 354.054 395.151 
-6.93825 -1.9826 -0.53082 295 596.068 249.284 
-8.26682 0.318554 -1.13985 297 330.237 217.546 
-8.648 0.978768 1.29878 299 274.452 433.025 
-7.95776 -0.216756 -0.267516 301 378.734 291.911 
-8.24121 0.274194 1.30161 302 334.069 443.028 
-7.19832 -1.53215 -0.65154 305 529.079 241.732 
-7.50388 -1.00291 -1.74177 307 455.928 145.212 
-7.75587 -0.566441 -1.28568 308 411.09 195.711 
-8.641 0.966654 -0.16123 311 277.714 305.021 
-9.31057 2.12638 -0.0551822 313 199.684 314.064 
-7.11395 -1.67828 -0.473701 317 552.758 260.466 
-7.51344 -0.986333 -0.814325 323 461.261 232.026 
-8.81253 1.26375 -0.857651 325 258.088 251.968 
-7.53876 -0.942491 0.491179 328 462.286 367.404 
-7.72464 -0.62053 -0.0248013 332 423.422 314.364 
-7.68847 -0.683171 1.35649 337 435.912 462.967 
-7.95987 -0.213096 0.306596 339 380.172 345.382 
-8.52917 0.772963 -1.76171 342 295.867 177.519 
-7.96405 -0.205854 1.31542 346 382.157 449.305 
-8.12381 0.0708475 -1.49958 347 350.895 186.86 
-8.00123 -0.141456 -0.325795 349 374.705 285.321 
-7.28977 -1.37375 -1.87683 352 498.231 122.496 
-7.45408 -1.08915 -1.1234 354 468.5 199.301 
-7.13206 -1.6469 0.386525 358 555.609 358.675 
-8.82998 1.29397 -1.283 359 256.657 220.209 
-7.24008 -1.45982 0.239176 360 528.788 340.122 
-8.26227 0.31067 0.618929 366 330.093 375.226 
-8.81299 1.26454 1.68087 370 250.267 464.073 
-6.90193 -2.0455 0.150108 371 617.894 331.644 
-7.92892 -0.2667 1.10434 372 388.587 428.95 
-8.43087 0.60269 -0.733047 375 308.359 256.446 
-9.0577 1.6884 -0.174837 377 227.335 306.701 
-8.19099 0.187209 -1.2445 378 340.023 209.283 
-7.6338 -0.777869 -0.0587155 380 439.392 308.695 
-9.37546 2.23878 -1.18001 383 198.913 236.028 
-8.12127 0.0664484 1.25361 388 354.958 439.488 
-9.14202 1.83445 -1.39071 391 224.004 218.828 
-9.48121 2.42194 -1.26659 396 190.396 232.411 
-7.37732 -1.22211 -1.65372 397 482.103 147.28 
-8.52092 0.758672 -1.7528 399 297.985 178.694 
-6.97577 -1.91761 -0.4901 401 587.404 255.092 
-9.44529 2.35972 -1.11888 402 192.816 240.484 
-7.81782 -0.459131 0.076778 403 404.804 324.26 
-7.52277 -0.970174 1.1088 406 468.295 438.86 
-7.63883 -0.769162 -0.119058 410 439.558 305.048 
-8.91993 1.44977 0.165011 413 242.936 331.541 
-7.3798 -1.21781 -1.93698 415 480.558 121.289 
-8.21371 0.226557 -0.790225 417 338.374 249.368 
-7.84199 -0.417283 -1.30465 420 395.204 196.931 
-9.51944 2.48816 0.340095 422 176.78 344.536 
-7.91669 -0.287895 -0.0147918 423 386.174 316.847 
-8.92471 1.45805 -1.88576 426 250.105 179.566 
-8.05966 -0.0402563 -0.2345 439 362.729 294.513 
-9.40694 2.29329 1.83376 448 181.773 463.038 
-7.28007 -1.39054 -0.1606 450 514.518 296.42 
-8.18295 0.173293 -0.148578 455 342.653 303.719 
-8.15687 0.12812 0.541817 457 347.401 366.633 
-7.48055 -1.0433 0.202815 459 471.859 337.117 
-8.06618 -0.0289635 1.04644 461 362.242 419.071 
-8.66593 1.00983 0.45259 465 272.343 356.465 
-7.42117 -1.14615 0.204588 467 486.674 337.005 
-9.45274 2.37263 -1.8729 469 194.421 194.412 
-9.08866 1.74202 1.71988 475 215.65 458.994 
-7.72533 -0.619337 0.904189 476 425.705 412.241 
-8.78933 1.22356 1.82285 477 253.185 475.093 
-7.83655 -0.426699 0.919261 479 404.414 411.213 
-7.18002 -1.56384 -1.73226 481 526.083 128.916 
-7.03065 -1.82256 -1.92608 482 557.244 103.507 
-8.11594 0.0572182 0.887934 486 354.278 401.847 
-8.80838 1.25656 1.8581 487 249.986 477.979 
-9.2531 2.02685 -1.52478 488 213.163 212.771 
-9.11496 1.78758 0.0633076 493 219.442 324.523 
-9.55916 2.55695 -0.634717 496 178.368 276.829 
-9.00888 1.60385 -0.973121 498 237.394 245.211 
