-7 -1.03485 -3.75523 61 547.629 73.3314 
-7 0.0943094 -5.21035 64 417.908 208.577 
-7 1.11392 -6.02536 65 365.977 295.604 
-7 0.886694 -5.35798 67 411.459 277.55 
-7 1.34911 -4.82912 74 457.327 319.726 
-7 0.694743 -5.33965 78 411.673 261.104 
-7 1.12101 -6.65735 79 327.695 295.007 
-7 0.821262 -3.48263 80 595.127 269.945 
-7 -1.84392 -6.0007 85 350.855 61.3988 
-7 -0.295975 -5.19552 90 416.628 174.44 
-7 1.40697 -4.3308 91 504.089 328.227 
-7 0.592834 -6.66606 94 324.429 256.052 
-7 -1.20087 -3.87679 97 532.692 59.7579 
-7 -0.609874 -5.90804 100 363.838 157.803 
-5.46333 -1.29075 -7 102 204.36 102.994 
-4.55559 -0.250499 -7 105 135.136 190.374 
-5.09885 0.316864 -7 107 186.546 244.193 
-6.22725 1.4028 -7 110 269.834 324.674 
-5.05591 -0.451909 -7 117 178.079 173.504 
-3.56835 0.827876 -7 121 31.2789 314.595 
-6.20015 -0.954561 -7 122 255.125 139.847 
-3.58737 1.4874 -7 135 39.3085 392.621 
-6.2831 -0.370457 -7 140 263.252 185.997 
-5.05277 -1.83336 -7 148 168.837 46.1483 
-6.46998 0.52855 -7 150 278.707 254.866 
