1.50492 8.95177 -1.01173 5 92.8844 128.469 
-2.36095 6.71981 0.0648834 6 610.833 113.901 
-0.0798114 8.03682 -1.36918 7 229.18 29.2469 
2.56137 9.56171 -1.26435 9 15.8496 131.445 
-1.18389 7.39938 -0.935763 10 376.431 28.8651 
-0.178643 7.97976 0.508014 11 280.184 242.752 
0.882168 8.59222 -0.707979 12 147.851 137.496 
0.899845 8.60243 -1.45278 14 132.166 60.9893 
-0.882633 7.57332 -1.15265 15 329.011 19.1005 
0.308716 8.26114 -0.602419 18 204.942 132.058 
-0.834292 7.60122 -0.745649 20 331.38 72.3279 
1.53151 8.96712 0.925447 27 130.001 308.964 
-1.29918 7.33282 1.56526 29 452.975 354.56 
1.89409 9.17646 -0.898766 30 68.5746 148.847 
1.20489 8.77855 1.35968 34 164.722 348.055 
0.643979 8.45471 0.172026 37 189.154 222.368 
1.0009 8.66077 1.01151 39 174.939 312.726 
1.35417 8.86473 -1.19204 41 101.508 103.598 
-1.4565 7.24199 0.969849 43 464.165 274.947 
2.2299 9.37034 -1.63427 48 31.5664 88.8588 
-2.14768 6.84294 -0.101629 51 562.536 97.8649 
-0.421209 7.83972 -1.17149 54 270.946 36.7078 
-1.24468 7.36429 0.57792 55 420.315 229.301 
-0.449959 7.82312 -0.349133 56 292.707 136.297 
1.11916 8.72905 0.11871 59 146.558 226.433 
2.502 9.52743 1.21213 60 66.5965 340.966 
0.976565 8.64672 0.659001 63 169.42 277.322 
2.48091 9.51526 -1.52748 64 17.7167 107.254 
-1.42581 7.25971 0.982136 67 459.47 278.13 
1.84359 9.1473 -0.734752 70 74.2028 160.846 
2.0992 9.29488 1.12901 72 92.5076 331.437 
2.43447 9.48845 -1.27169 74 24.3494 127.233 
0.772201 8.52873 0.816256 76 190.287 289.58 
-2.18179 6.82325 0.0567123 84 572.924 124.276 
-1.81168 7.03693 1.23812 85 530.796 307.653 
-2.31638 6.74554 0.814643 87 620.564 233.282 
2.20527 9.35612 0.861552 89 79.306 309.48 
0.17216 8.1823 0.981234 106 252.663 299.235 
-1.22592 7.37512 0.548265 107 419.594 224.358 
-0.30588 7.9063 0.0837691 108 286.625 190.062 
-2.27819 6.76759 -0.186085 109 585.737 79.8067 
1.53832 8.97105 -0.336704 110 104.196 191.326 
-0.383025 7.86176 0.22409 112 300.151 205.498 
1.39446 8.888 1.03195 114 142.317 317 
-1.79023 7.04931 1.8524 116 542.209 393.385 
-0.803108 7.61923 -0.814071 117 324.299 65.0386 
1.29458 8.83033 1.97538 118 167.918 404.14 
-0.964105 7.52628 0.885878 120 388.714 274.371 
1.68572 9.05615 0.970133 121 120.031 314.823 
0.0926466 8.13639 -1.10015 128 216.069 67.2576 
-1.20685 7.38613 1.22507 129 432.184 312.199 
-2.44383 6.67196 -0.385326 131 619.626 35.9776 
1.04442 8.6859 0.452906 133 159.575 258.485 
-1.33285 7.31338 0.696058 135 437.635 240.607 
-0.621084 7.72432 1.104 141 347.984 304.909 
2.0713 9.27877 -0.869126 143 56.0677 155.433 
2.40916 9.47383 1.43867 146 78.0144 357.965 
-0.582336 7.74669 0.181318 147 321.519 196.453 
-0.447254 7.82468 0.726916 148 316.33 264.355 
-1.07075 7.46471 -0.23607 149 377.902 126.796 
-0.106953 8.02115 -0.188349 150 257.379 167.526 
2.34296 9.43561 0.313575 151 61.3042 263.822 
1.8128 9.12952 -1.61907 155 57.1311 78.7308 
-2.15233 6.84026 -0.0957294 160 564.562 100.403 
-2.43306 6.67818 0.0756168 161 629.422 112.875 
1.66029 9.04147 -0.791988 162 86.482 151.383 
1.18573 8.76749 -1.30616 163 113.974 88.0715 
-0.717429 7.6687 0.357392 164 344.357 215.709 
-2.12399 6.85662 0.667081 166 580.05 218.046 
0.840218 8.568 1.74362 168 204.905 380.838 
0.0695622 8.12307 1.38063 169 272.543 341.924 
-1.10514 7.44485 1.99159 172 434.08 410.849 
0.827608 8.56072 -0.196826 177 166.129 187.953 
0.817645 8.55497 1.17423 181 194.395 325.83 
-0.0741699 8.04008 -1.61407 185 221.624 1.26131 
1.11154 8.72465 -0.22035 188 136.842 192.417 
-1.12203 7.4351 -0.763709 191 373.656 53.7549 
-0.560641 7.75922 -0.484044 192 303.562 115.259 
1.01143 8.66685 -1.03298 194 131.272 109.753 
-1.18082 7.40116 -1.11678 196 372.629 5.88535 
-1.21876 7.37925 1.56713 198 441.808 359.519 
1.63059 9.02433 -0.54542 202 93.0827 173.209 
0.530427 8.38915 0.212413 206 201.94 225.134 
-1.89242 6.99031 1.67854 209 557.743 367.648 
-0.0829147 8.03503 0.967789 213 279.12 296.618 
-1.32904 7.31558 0.826885 214 441.271 259.9 
-2.20564 6.80948 0.351964 217 585.998 166.176 
0.498224 8.37055 -0.257251 218 193.227 174.937 
-1.18272 7.40006 -0.335728 222 390.651 108.305 
1.50761 8.95332 1.78202 225 147.621 386.172 
0.843826 8.57009 1.93717 228 209.947 401.813 
0.842776 8.56948 1.16326 230 192.89 326.072 
2.3848 9.45977 -0.140995 231 48.3959 225.913 
1.20088 8.77623 0.396294 235 145.994 255.74 
-0.477256 7.80736 0.692004 238 319.059 260.511 
2.1672 9.33414 0.137181 241 68.6981 245.161 
2.5324 9.54499 -0.521146 243 33.5975 194.871 
0.34969 8.2848 -0.208161 246 210.014 176.382 
2.29158 9.40595 0.467399 249 66.6777 275.899 
2.79672 9.15593 1.45335 762 26.6345 379.154 
2.75988 9.21974 0.955628 841 23.5864 331.423 
2.74336 9.24836 0.533191 877 18.0784 293.018 
2.665 9.38408 0.586617 924 33.8272 293.917 
2.74799 9.24035 0.800252 981 24.0914 315.476 
