4.24209 -0.169362 7 2 0.573701 -0.272339 
4.21586 0.44696 7 6 0.58902 -0.115863 
1.43468 0.247817 7 14 -0.0992079 -0.0334392 
1.15492 0.329495 7 16 -0.18084 0.0089844 
3.85259 1.05777 7 18 0.536935 0.0535276 
3.59484 -1.08373 7 19 0.402144 -0.500248 
1.72001 0.911917 7 20 0.0213752 0.146196 
2.29586 0.474308 7 27 0.154862 -0.015881 
1.36705 1.3428 7 37 -0.0560092 0.298989 
1.32504 1.59645 7 41 -0.0539366 0.376249 
1.79943 -0.524923 7 46 -0.0350956 -0.289428 
3.75278 1.55867 7 49 0.533948 0.182904 
