5.98522 3.63329 1.2144 752 0.0766533 0.389492 
5.20903 4.97769 -0.50044 755 0.458878 -0.0990589 
6.15778 3.33441 -0.551726 764 -0.0368872 -0.0874273 
6.72499 2.35198 -0.698686 765 -0.320236 -0.100759 
6.84891 2.13734 -1.72634 766 -0.375312 -0.328952 
7.18459 1.55593 0.710517 768 -0.561853 0.271672 
5.03444 5.28009 -1.71136 772 0.505261 -0.398475 
5.86576 3.8402 -1.56683 775 0.097608 -0.335399 
6.87834 2.08637 1.48366 780 -0.409761 0.48211 
5.7277 4.07932 -1.90892 781 0.151277 -0.41245 
6.61901 2.53554 -1.90015 786 -0.271302 -0.37648 
5.84347 3.87882 -1.54309 787 0.104522 -0.325934 
5.70086 4.12582 1.37764 788 0.242072 0.428614 
5.12308 5.12656 1.56711 791 0.590909 0.477514 
6.3358 3.02608 -0.89504 793 -0.131955 -0.159248 
7.07393 1.74759 -1.06522 794 -0.486425 -0.172883 
5.18216 5.02423 -0.915456 795 0.457909 -0.205023 
6.99287 1.88799 0.446143 798 -0.459565 0.195037 
5.95878 3.67909 -1.91848 799 0.0426272 -0.407815 
6.6228 2.52897 -1.96054 809 -0.265701 -0.388258 
5.66896 4.18107 1.48268 810 0.264505 0.462742 
7.13747 1.63753 -1.91994 811 -0.50367 -0.360311 
7.48096 1.04259 -1.87628 812 -0.65625 -0.33696 
5.10188 5.16328 -1.16456 819 0.491141 -0.272436 
5.52148 4.43652 -0.0547931 822 0.304164 0.0198105 
5.84215 3.8811 1.25316 824 0.161401 0.395187 
7.15574 1.60589 0.615543 828 -0.545258 0.243338 
7.0505 1.78818 -1.26688 833 -0.471078 -0.219546 
5.5405 4.40357 -1.44396 835 0.258694 -0.317982 
6.68672 2.41826 0.33091 836 -0.296736 0.160791 
7.41493 1.15696 -1.61534 839 -0.635187 -0.284966 
4.99376 5.35056 -0.727822 848 0.566108 -0.169504 
6.64876 2.484 -1.60616 850 -0.285735 -0.316568 
5.62913 4.25005 -0.845981 855 0.226326 -0.175828 
7.47605 1.05111 -1.34417 857 -0.666387 -0.226191 
5.34442 4.7432 -0.804129 863 0.375046 -0.175527 
6.53997 2.67244 -0.861665 866 -0.231027 -0.144806 
4.94977 5.42675 -0.328941 868 0.603914 -0.0709303 
7.07604 1.74394 0.502742 871 -0.500007 0.213739 
6.4243 2.87279 -0.337461 872 -0.172014 -0.0182749 
5.87176 3.82982 -1.86513 873 0.0837961 -0.399713 
6.81272 2.20003 1.31801 874 -0.371588 0.431912 
5.30638 4.80908 -0.846641 879 0.390141 -0.184843 
6.67343 2.44128 -1.01357 882 -0.294018 -0.175883 
5.48992 4.49117 1.01765 885 0.354116 0.324855 
6.14997 3.34793 -0.772956 886 -0.0401098 -0.141253 
6.38369 2.94312 -0.846468 889 -0.153858 -0.147427 
6.41 2.89756 1.35706 890 -0.152991 0.437429 
5.33186 4.76494 0.690372 894 0.429964 0.219589 
5.96932 3.66083 1.41731 895 0.0932461 0.44773 
5.88934 3.79937 -0.91473 896 0.0937098 -0.18258 
5.07479 5.21021 -0.592079 897 0.525454 -0.130119 
7.3611 1.2502 0.0561545 900 -0.636875 0.108192 
7.13224 1.6466 -0.977877 901 -0.513354 -0.150972 
6.93416 1.98968 -1.06451 904 -0.416713 -0.17874 
4.97651 5.38043 -1.78963 905 0.5348 -0.419302 
5.14042 5.09654 0.266927 906 0.52366 0.0924247 
6.87866 2.08582 -0.0270921 907 -0.398601 0.0711448 
6.77251 2.26967 -0.747548 908 -0.347571 -0.109069 
6.05282 3.51621 -1.75001 911 -0.00365175 -0.370311 
7.05959 1.77242 -1.7808 914 -0.470357 -0.332642 
4.74735 5.77734 -1.4318 921 0.665013 -0.348621 
5.93483 3.72057 -1.99581 926 0.0529573 -0.423025 
4.92972 5.46147 0.685045 928 0.663262 0.205531 
6.12516 3.3909 1.11897 932 -0.00185178 0.362437 
6.67513 2.43834 -0.321965 935 -0.296796 -0.0119034 
6.75528 2.29951 -0.729401 938 -0.330465 -0.10565 
4.89688 5.51835 -1.08993 939 0.605612 -0.263708 
4.93218 5.45722 -0.369873 940 0.61299 -0.078315 
5.5287 4.42402 0.271974 943 0.308723 0.108085 
6.43723 2.85038 1.42602 945 -0.173737 0.46025 
5.34394 4.74403 -0.45553 947 0.386076 -0.0903836 
5.85587 3.85734 -1.13495 948 0.106637 -0.233756 
7.05329 1.78334 -1.18945 950 -0.473202 -0.204242 
6.22795 3.21288 -0.545567 952 -0.072911 -0.0782793 
5.80798 3.94029 0.203205 953 0.151816 0.100676 
4.95506 5.41758 -0.74361 957 0.585808 -0.176876 
6.10007 3.43436 0.816237 960 0.00700775 0.277539 
5.615 4.27453 -0.380425 961 0.2443 -0.0545414 
5.29086 4.83597 -1.98418 962 0.366639 -0.448789 
5.54904 4.38878 0.419383 964 0.303148 0.148238 
6.0817 3.46619 -1.62949 965 -0.0136821 -0.337278 
6.53207 2.68613 -0.981663 967 -0.223059 -0.176331 
6.68153 2.42724 -0.314303 968 -0.300123 -0.00456678 
5.19076 5.00935 -1.7233 970 0.426519 -0.392989 
7.36792 1.23839 -0.614933 971 -0.626478 -0.0592573 
5.51039 4.45573 1.34352 972 0.352558 0.417443 
6.2372 3.19685 0.871776 983 -0.0640146 0.293449 
4.93575 5.45104 -0.7803 984 0.595109 -0.180745 
5.51818 4.44223 -1.47775 990 0.267065 -0.327862 
5.75493 4.03217 1.14041 991 0.207669 0.360008 
5.53617 4.41107 -1.97751 993 0.249674 -0.437274 
5.97808 3.64567 0.0489525 995 0.0638958 0.0635396 
6.58202 2.59961 -0.970701 999 -0.248236 -0.168731 
