6.30632 -1.54879 -7 115 582.781 145.51 
6.6867 0.183154 -7 127 572.799 286.654 
6.46481 -1.88245 -7 128 568.05 125.263 
6.08103 -0.977971 -7 134 606.68 184.642 
6.59087 -1.1778 -7 141 566.132 180.526 
6.26277 1.2623 -7 143 618.578 378.73 
6.4687 -1.97232 -7 149 566.913 118.841 
7 -0.0623122 -3.31422 152 289.959 266.021 
7 0.36994 -1.65205 155 104.34 314.841 
7 -1.59791 -6.35011 157 501.054 154.256 
7 1.75895 -5.06184 159 444.119 434.514 
7 0.343459 -2.54532 160 212.316 308.986 
7 1.08732 -1.94397 162 139.339 401.017 
7 0.863395 -4.44339 163 391.17 353.859 
7 -0.724268 -3.10497 165 268.822 200.094 
7 -0.863938 -6.09367 166 491.911 206.731 
7 1.33843 -4.95324 172 433.132 395.348 
7 0.759759 -5.08223 173 438.431 340.739 
7 -0.518283 -3.0968 179 268.386 220.129 
7 0.741437 -4.00824 180 354.827 344.471 
7 -0.563655 -4.89557 181 416.57 224.938 
7 0.831841 -5.58946 182 473.636 344.72 
7 1.69172 -5.79597 183 494.126 419.645 
7 0.0865561 -4.29161 189 374.911 281.003 
7 -1.97934 -4.46413 190 377.802 104.654 
7 0.781169 -6.98961 200 556.239 334.602 
