-2.93389 0.906698 7 9 0.575746 0.367619 
-4.80195 0.41523 7 21 0.119805 0.232821 
-3.28746 -0.347612 7 22 0.412552 0.0305081 
-5.92999 -1.73451 7 23 -0.0998731 -0.145207 
-5.37012 0.037908 7 24 0.0186685 0.160634 
-5.21106 1.44812 7 29 0.0831558 0.443075 
-5.40598 0.152698 7 30 0.0165667 0.183118 
-2.84657 -0.836733 7 31 0.512235 -0.120196 
-5.875 -0.508694 7 36 -0.0641009 0.0673505 
-4.02466 -0.174699 7 39 0.247127 0.0939724 
-3.22548 0.288125 7 40 0.458548 0.194859 
-5.59816 -0.619665 7 42 -0.0306833 0.0408935 
-3.26615 1.27581 7 43 0.494484 0.461712 
-6.33365 0.109205 7 44 -0.105431 0.182308 
-2.70348 -0.732172 7 47 0.561424 -0.100872 
-6.25916 0.145289 7 48 -0.0958339 0.188048 
-7 -0.64261 4.44771 54 -0.659969 0.113483 
-7 0.78654 5.75191 68 -0.349424 0.35725 
-7 -0.527577 4.46053 71 -0.654343 0.139432 
-7 -0.14175 5.47309 72 -0.419769 0.188405 
-7 1.61955 6.53315 73 -0.208863 0.463857 
-7 0.883221 6.2108 82 -0.271958 0.350253 
-7 1.46933 5.82185 93 -0.322682 0.486091 
-7 -0.576654 5.65743 96 -0.394496 0.0997081 
