-3.11304 -8.60806 -1.9166 254 0.424019 -0.287012 
-3.48222 -7.96863 1.84681 255 0.465213 0.503353 
-2.75039 -9.23619 0.329719 263 0.616187 0.12439 
-3.07463 -8.67459 -1.54793 266 0.452505 -0.215952 
-2.72709 -9.27655 -1.48729 269 0.553037 -0.216483 
-5.23237 -4.93727 0.70564 274 -0.38141 0.449777 
-3.88769 -7.26632 -1.50954 277 0.188128 -0.204508 
-4.24528 -6.64697 0.694015 279 0.127797 0.315413 
-5.01096 -5.32075 -0.777348 280 -0.297721 0.00702518 
-3.32874 -8.23445 -1.42324 285 0.377528 -0.19496 
-3.49888 -7.93976 0.772929 286 0.411646 0.260818 
-5.29575 -4.82749 -1.96199 288 -0.502044 -0.295008 
-4.95189 -5.42307 -0.262658 289 -0.247553 0.138751 
-4.9932 -5.35153 -1.23628 292 -0.302693 -0.115032 
-3.44968 -8.02497 0.167007 293 0.401484 0.128891 
-3.04378 -8.72802 1.54345 294 0.588626 0.38387 
-3.22332 -8.41705 1.89644 304 0.548661 0.47794 
-3.93868 -7.178 -1.57121 306 0.162059 -0.218018 
-5.13363 -5.10828 -1.10309 312 -0.378203 -0.0795369 
-3.32508 -8.2408 -1.51403 315 0.37904 -0.209861 
-3.63057 -7.71167 -1.43695 316 0.276987 -0.189362 
-4.92427 -5.47091 0.898447 318 -0.194919 0.456865 
-4.81248 -5.66455 -1.64507 319 -0.223645 -0.22217 
-3.09129 -8.64573 1.79249 320 0.583379 0.442715 
-4.10365 -6.89227 -1.45523 322 0.103517 -0.185577 
-3.06428 -8.69251 -0.666718 324 0.486728 -0.0567454 
-4.30377 -6.54565 0.385968 326 0.0903739 0.247631 
-5.23373 -4.93491 -1.84234 327 -0.456987 -0.271779 
-4.07384 -6.9439 0.0649336 330 0.176599 0.150269 
-4.85494 -5.591 -1.94807 331 -0.252772 -0.299401 
-3.49997 -7.93787 0.446165 333 0.399104 0.191745 
-3.35488 -8.18918 1.50964 334 0.490579 0.408634 
-5.49704 -4.47884 -1.16972 335 -0.608578 -0.0768999 
-4.50583 -6.19567 0.376914 336 0.00148066 0.266856 
-4.09708 -6.90364 0.281542 338 0.172512 0.200359 
-3.77569 -7.46032 0.825581 340 0.318853 0.302203 
-4.16753 -6.78163 0.981089 341 0.176621 0.379868 
-5.29142 -4.83499 -0.290764 343 -0.446291 0.159334 
-4.78378 -5.71426 0.966713 344 -0.113228 0.45714 
-3.62005 -7.72989 0.845456 350 0.378088 0.289783 
-4.2793 -6.58803 -1.32765 353 0.0370836 -0.158066 
-5.36533 -4.70697 -0.794508 356 -0.510983 0.0196548 
-3.10287 -8.62567 -0.357131 361 0.493001 0.00506953 
-4.93982 -5.44397 -1.05261 362 -0.269757 -0.0697538 
-3.98712 -7.09411 0.170839 364 0.215878 0.168934 
-4.44212 -6.30602 -1.20213 365 -0.0252215 -0.125872 
-3.32955 -8.23305 -1.41411 368 0.381242 -0.192623 
-2.62582 -9.45194 -1.96759 374 0.555217 -0.295188 
-5.20485 -4.98493 0.860305 376 -0.360413 0.489524 
-5.40008 -4.64678 -1.78435 379 -0.56016 -0.257534 
-5.0994 -5.16757 -0.624233 381 -0.3455 0.0513942 
-3.72571 -7.54688 0.335972 382 0.312387 0.185573 
-3.02092 -8.76762 -1.67324 386 0.463368 -0.240487 
-5.24676 -4.91235 0.215207 389 -0.408121 0.30373 
-3.14704 -8.54917 1.54174 390 0.556952 0.394483 
-4.97755 -5.37862 1.00983 392 -0.213873 0.493366 
-4.85021 -5.5992 -1.40794 394 -0.230404 -0.164193 
-2.75281 -9.23199 0.225616 395 0.615922 0.100445 
-5.6307 -4.24734 -0.845678 398 -0.693207 0.0251309 
-3.18967 -8.47533 1.85927 400 0.555841 0.466349 
-3.33676 -8.22056 -0.399899 404 0.415951 0.01124 
-3.20418 -8.4502 0.757211 405 0.507339 0.227455 
-3.32846 -8.23494 1.89335 407 0.517692 0.492712 
-4.67743 -5.89845 0.0191106 408 -0.0947903 0.187697 
-4.7162 -5.8313 -1.22464 411 -0.159875 -0.124873 
-3.05904 -8.70159 0.925619 412 0.553848 0.2535 
-2.74941 -9.23788 0.292754 416 0.618 0.117363 
-4.24744 -6.64321 -1.92173 418 0.0298773 -0.289482 
-4.59318 -6.04438 0.332137 419 -0.0472245 0.262394 
-3.28794 -8.30512 -0.582867 425 0.426089 -0.0288698 
-4.10084 -6.89714 -0.211774 427 0.153483 0.0835252 
-2.88356 -9.00553 1.61269 428 0.635828 0.382716 
-3.57786 -7.80296 1.13653 429 0.397925 0.350992 
-4.2527 -6.63411 -0.951124 431 0.0600973 -0.0722301 
-4.54469 -6.12836 -1.52013 432 -0.0889301 -0.193943 
-3.71801 -7.56021 -1.73791 433 0.239209 -0.253235 
-2.84073 -9.07972 -1.27039 435 0.531924 -0.173253 
-5.16969 -5.04583 -0.141549 437 -0.371116 0.193701 
-4.68557 -5.88436 -1.8811 438 -0.166426 -0.279663 
-4.8407 -5.61566 -0.0396453 440 -0.179157 0.187448 
-4.21563 -6.69831 -0.927394 445 0.0803469 -0.0702496 
-4.75369 -5.76637 0.970583 446 -0.0971234 0.455797 
-4.02746 -7.02424 -1.63148 447 0.128196 -0.228758 
-2.97704 -8.84361 -0.559065 449 0.51887 -0.0381947 
-3.13049 -8.57784 0.930095 453 0.535868 0.263214 
-2.83311 -9.09292 -0.904736 454 0.547455 -0.107856 
-3.07985 -8.66554 0.939564 456 0.545695 0.262394 
-2.82678 -9.10387 0.818773 460 0.617572 0.220161 
-5.32858 -4.77062 -1.23715 462 -0.499932 -0.106492 
-5.60301 -4.2953 -1.17858 464 -0.680415 -0.0771835 
-4.41902 -6.34603 0.58457 470 0.048216 0.306627 
-5.14801 -5.08339 0.214391 472 -0.347614 0.291344 
-4.6459 -5.95307 0.77707 474 -0.0508831 0.387434 
-2.94605 -8.89729 1.87197 478 0.630722 0.445989 
-3.62908 -7.71426 0.283949 480 0.350894 0.167204 
-4.72984 -5.80768 1.01961 483 -0.0845742 0.46516 
-3.75747 -7.49188 -0.114405 484 0.285649 0.0872737 
-4.07094 -6.94893 1.07534 490 0.217067 0.394396 
-4.92481 -5.46997 -1.54112 491 -0.279249 -0.195342 
-2.61113 -9.47739 -1.5069 492 0.577759 -0.218668 
-3.63585 -7.70252 0.600044 494 0.361276 0.238116 
-5.30136 -4.81777 0.489233 495 -0.432331 0.394714 
-3.6271 -7.71768 0.36592 497 0.354926 0.185285 
-3.46213 -8.00341 0.473249 499 0.413503 0.19812 
-3.9326 -7.18855 1.52347 500 0.290907 0.482382 
-2.54087 -9.54988 -1.96382 546 0.581232 -0.292441 
-2.39776 -9.46725 -1.50147 566 0.622259 -0.231525 
