-7 0.0943094 -5.21035 64 584.471 324.712 
-7 1.11392 -6.02536 65 507.564 409.839 
-7 0.886694 -5.35798 67 568.992 401.421 
-7 1.34911 -4.82912 74 628.279 465.282 
-7 0.694743 -5.33965 78 570.973 382.523 
-7 1.12101 -6.65735 79 459.821 399.033 
-7 -1.84392 -6.0007 85 516.033 160.045 
-7 -0.295975 -5.19552 90 586.069 286.903 
-7 0.592834 -6.66606 94 461.034 355.509 
-7 -0.609874 -5.90804 100 520.977 259.22 
-5.46333 -1.29075 -7 102 366.134 186.869 
-4.55559 -0.250499 -7 105 295.015 264.232 
-2.11042 -0.0563179 -7 106 7.65589 245.524 
-5.09885 0.316864 -7 107 330.798 323.109 
-6.22725 1.4028 -7 110 395.474 420.57 
-5.05591 -0.451909 -7 117 333.81 252.052 
-3.07632 -1.96878 -7 120 178.583 50.1379 
-3.56835 0.827876 -7 121 189.572 373.476 
-6.20015 -0.954561 -7 122 406.018 226.186 
-2.10211 -0.684594 -7 129 23.1343 158.96 
-3.11373 -0.303232 -7 130 155.85 235.234 
-3.58737 1.4874 -7 135 181.338 454.115 
-6.2831 -0.370457 -7 140 407.583 272.93 
-5.05277 -1.83336 -7 148 343.843 132.58 
-6.46998 0.52855 -7 150 413.161 346.221 
