-7 -1.78251 -2.62609 53 -0.241283 -0.43488 
-7 -0.29883 -1.326 55 0.0375571 -0.110709 
-7 0.46862 -2.98529 58 -0.341707 0.0653497 
-7 -1.05185 -1.49538 60 0.00212845 -0.286308 
-7 -1.03485 -3.75523 61 -0.477487 -0.263454 
-7 -0.184126 -2.39523 62 -0.20791 -0.0825718 
-7 1.26508 -0.184774 63 0.324265 0.292282 
-7 0.577231 -1.47952 76 -0.00459774 0.10071 
-7 -1.86155 -2.22478 77 -0.155221 -0.458104 
-7 0.821262 -3.48263 80 -0.449109 0.142169 
-7 -0.166603 0.216342 87 0.433342 -0.0799136 
-7 1.69039 -1.92004 89 -0.117715 0.370633 
-7 1.40697 -4.3308 91 -0.625209 0.264801 
-7 0.312724 -0.335245 92 0.284547 0.0417105 
-7 -1.56958 -3.12031 95 -0.345188 -0.382763 
-7 -1.20087 -3.87679 97 -0.498563 -0.297223 
-7 1.52805 -2.92335 98 -0.341555 0.313259 
