-4.80195 0.41523 7 21 0.248586 0.178241 
-3.28746 -0.347612 7 22 0.583154 -0.000499697 
-5.92999 -1.73451 7 23 0.0401854 -0.212956 
-5.37012 0.037908 7 24 0.147285 0.0999163 
-5.21106 1.44812 7 29 0.196612 0.375165 
-5.40598 0.152698 7 30 0.143744 0.121643 
-3.76175 1.7333 7 32 0.5008 0.516281 
-5.875 -0.508694 7 36 0.0663861 0.0023383 
-4.02466 -0.174699 7 39 0.395123 0.051484 
-3.22548 0.288125 7 40 0.617655 0.169277 
-5.59816 -0.619665 7 42 0.102715 -0.0214918 
-3.26615 1.27581 7 43 0.629862 0.4333 
-6.33365 0.109205 7 44 0.0178676 0.111347 
-6.25916 0.145289 7 48 0.0274097 0.117623 
-7 -0.503339 4.01391 52 -0.587883 0.0600879 
-7 -0.64261 4.44771 54 -0.484853 0.0209148 
-7 0.78654 5.75191 68 -0.215232 0.262415 
-7 -0.100249 4.19611 69 -0.534412 0.14662 
-7 -0.527577 4.46053 71 -0.479901 0.0454876 
-7 -0.14175 5.47309 72 -0.275056 0.101073 
-7 1.61955 6.53315 73 -0.0923974 0.368925 
-7 0.883221 6.2108 82 -0.146075 0.260175 
-7 1.46933 5.82185 93 -0.193991 0.382019 
-7 -0.576654 5.65743 96 -0.251257 0.0174996 
