-7 0.46862 -2.98529 58 461.486 233.691 
-7 -1.03485 -3.75523 61 375.361 82.2884 
-7 -0.184126 -2.39523 62 528.433 160.173 
-7 0.0943094 -5.21035 64 267.735 201.471 
-7 1.11392 -6.02536 65 226.291 280.542 
-7 0.886694 -5.35798 67 265.516 265.856 
-7 1.34911 -4.82912 74 306.065 305.172 
-7 0.694743 -5.33965 78 264.877 250.7 
-7 1.12101 -6.65735 79 191.153 278.445 
-7 0.821262 -3.48263 80 413.13 267.132 
-7 -1.84392 -6.0007 85 194.34 40.8013 
-7 1.69039 -1.92004 89 588.37 368.581 
-7 -0.295975 -5.19552 90 264.843 168.075 
-7 1.40697 -4.3308 91 343.905 313.622 
-7 0.592834 -6.66606 94 184.888 241.019 
-7 -1.56958 -3.12031 95 437.609 8.02389 
-7 -1.20087 -3.87679 97 362.65 66.6013 
-7 1.52805 -2.92335 98 471.696 338.209 
-7 -0.609874 -5.90804 100 214.753 146.038 
-5.46333 -1.29075 -7 102 24.262 94.4125 
-5.09885 0.316864 -7 107 21.9077 254.235 
-6.22725 1.4028 -7 110 131.42 315.208 
-5.05591 -0.451909 -7 117 0.391022 179.987 
-6.20015 -0.954561 -7 122 94.8023 127.326 
-6.2831 -0.370457 -7 140 109.976 176.271 
-6.46998 0.52855 -7 150 135.313 244.654 
