-3.11304 -8.60806 -1.9166 254 0.15824 -0.305124 
-3.48222 -7.96863 1.84681 255 0.14823 0.431245 
-4.57399 -6.07762 1.59563 258 -0.342502 0.512716 
-2.75039 -9.23619 0.329719 263 0.312725 0.0824426 
-3.07463 -8.67459 -1.54793 266 0.174922 -0.24343 
-2.57499 -9.53998 1.60069 268 0.391698 0.30556 
-2.72709 -9.27655 -1.48729 269 0.271803 -0.223583 
-4.57341 -6.07862 1.60241 272 -0.344495 0.510824 
-3.88769 -7.26632 -1.50954 277 -0.0846386 -0.270115 
-4.24528 -6.64697 0.694015 279 -0.190836 0.225053 
-5.01096 -5.32075 -0.777348 280 -0.655512 -0.142782 
-3.32874 -8.23445 -1.42324 285 0.108754 -0.234542 
-3.49888 -7.93976 0.772929 286 0.107241 0.199445 
-4.95189 -5.42307 -0.262658 289 -0.605882 0.0052318 
-4.9932 -5.35153 -1.23628 292 -0.644638 -0.265047 
-3.44968 -8.02497 0.167007 293 0.106243 0.0715664 
-3.04378 -8.72802 1.54345 294 0.275621 0.328466 
-3.22332 -8.41705 1.89644 304 0.226278 0.416294 
-3.93868 -7.178 -1.57121 306 -0.111184 -0.28493 
-3.32508 -8.2408 -1.51403 315 0.104544 -0.249169 
-3.63057 -7.71167 -1.43695 316 0.00853658 -0.244431 
-4.92427 -5.47091 0.898447 318 -0.58096 0.348647 
-4.81248 -5.66455 -1.64507 319 -0.535479 -0.357016 
-3.09129 -8.64573 1.79249 320 0.264619 0.383282 
-4.10365 -6.89227 -1.45523 322 -0.176456 -0.267488 
-3.06428 -8.69251 -0.666718 324 0.201132 -0.0871663 
-4.30377 -6.54565 0.385968 326 -0.22719 0.152723 
-4.07384 -6.9439 0.0649336 330 -0.129254 0.0657541 
-4.85494 -5.591 -1.94807 331 -0.562447 -0.438742 
-3.49997 -7.93787 0.446165 333 0.0929422 0.128891 
-3.35488 -8.18918 1.50964 334 0.179743 0.347232 
-4.50583 -6.19567 0.376914 336 -0.328813 0.161569 
-4.09708 -6.90364 0.281542 338 -0.131414 0.117037 
-3.77569 -7.46032 0.825581 340 0.010481 0.224472 
-4.16753 -6.78163 0.981089 341 -0.150244 0.289099 
-4.78378 -5.71426 0.966713 344 -0.483311 0.354223 
-4.31667 -6.52331 1.57757 348 -0.205686 0.466105 
-3.62005 -7.72989 0.845456 350 0.0702951 0.222892 
-4.2793 -6.58803 -1.32765 353 -0.247168 -0.250466 
-2.64072 -9.42615 1.95256 355 0.388622 0.376479 
-3.10287 -8.62567 -0.357131 361 0.199212 -0.0360807 
-4.93982 -5.44397 -1.05261 362 -0.607999 -0.212788 
-4.34584 -6.47278 1.58859 363 -0.21936 0.474061 
-3.98712 -7.09411 0.170839 364 -0.0890597 0.0856861 
-4.44212 -6.30602 -1.20213 365 -0.328166 -0.228918 
-3.32955 -8.23305 -1.41411 368 0.109363 -0.231487 
-2.62582 -9.45194 -1.96759 374 0.281992 -0.29599 
-3.72571 -7.54688 0.335972 382 0.0184379 0.116628 
-3.02092 -8.76762 -1.67324 386 0.186891 -0.262082 
-4.55591 -6.10892 1.47438 387 -0.334248 0.470545 
-3.14704 -8.54917 1.54174 390 0.242386 0.333721 
-4.97755 -5.37862 1.00983 392 -0.615605 0.391162 
-4.85021 -5.5992 -1.40794 394 -0.554869 -0.300183 
-2.75281 -9.23199 0.225616 395 0.308124 0.0662487 
-3.18967 -8.47533 1.85927 400 0.232753 0.404179 
-3.33676 -8.22056 -0.399899 404 0.125205 -0.0466293 
-3.20418 -8.4502 0.757211 405 0.199957 0.180487 
-3.32846 -8.23494 1.89335 407 0.196852 0.426452 
-4.67743 -5.89845 0.0191106 408 -0.432564 0.0786195 
-4.7162 -5.8313 -1.22464 411 -0.472985 -0.250955 
-3.05904 -8.70159 0.925619 412 0.24367 0.209526 
-2.74941 -9.23788 0.292754 416 0.312132 0.0771711 
-4.24744 -6.64321 -1.92173 418 -0.245833 -0.37183 
-4.59318 -6.04438 0.332137 419 -0.379225 0.155646 
-3.28794 -8.30512 -0.582867 425 0.137738 -0.0770167 
-4.10084 -6.89714 -0.211774 427 -0.146269 0.00717409 
-2.88356 -9.00553 1.61269 428 0.315132 0.326953 
-3.57786 -7.80296 1.13653 429 0.0921136 0.283506 
-4.2527 -6.63411 -0.951124 431 -0.229769 -0.165485 
-4.54469 -6.12836 -1.52013 432 -0.380765 -0.309184 
-3.71801 -7.56021 -1.73791 433 -0.0308996 -0.310848 
-2.84073 -9.07972 -1.27039 435 0.246916 -0.196149 
-4.68557 -5.88436 -1.8811 438 -0.463818 -0.398669 
-4.8407 -5.61566 -0.0396453 440 -0.536374 0.0666173 
-4.21563 -6.69831 -0.927394 445 -0.208591 -0.15766 
-4.75369 -5.76637 0.970583 446 -0.463712 0.351009 
-4.02746 -7.02424 -1.63148 447 -0.148379 -0.303564 
-2.97704 -8.84361 -0.559065 449 0.226743 -0.0680089 
-4.46089 -6.27351 1.45209 451 -0.286114 0.454847 
-3.13049 -8.57784 0.930095 453 0.225306 0.209667 
-2.83311 -9.09292 -0.904736 454 0.256701 -0.128912 
-3.07985 -8.66554 0.939564 456 0.244215 0.207787 
-2.82678 -9.10387 0.818773 460 0.304628 0.173592 
-4.41902 -6.34603 0.58457 470 -0.281118 0.212467 
-4.6459 -5.95307 0.77707 474 -0.404895 0.286247 
-2.94605 -8.89729 1.87197 478 0.307831 0.383053 
-3.62908 -7.71426 0.283949 480 0.0523236 0.0997854 
-4.72984 -5.80768 1.01961 483 -0.446815 0.362402 
-3.75747 -7.49188 -0.114405 484 -0.00856709 0.0194765 
-4.07094 -6.94893 1.07534 490 -0.10613 0.306406 
-4.92481 -5.46997 -1.54112 491 -0.600653 -0.340071 
-2.61113 -9.47739 -1.5069 492 0.295082 -0.225061 
-3.63585 -7.70252 0.600044 494 0.0542118 0.171441 
-3.6271 -7.71768 0.36592 497 0.0506467 0.117648 
-3.46213 -8.00341 0.473249 499 0.110966 0.13272 
-3.9326 -7.18855 1.52347 500 -0.0368987 0.401722 
-1.33469 -8.85349 -0.250941 535 0.575769 -0.080659 
-0.805849 -8.54816 -1.1322 539 0.681436 -0.314623 
-1.55768 -8.98223 1.00965 540 0.581781 0.194887 
-0.942173 -8.62687 -1.81306 542 0.611538 -0.437206 
-2.54087 -9.54988 -1.96382 546 0.299578 -0.296314 
-2.17518 -9.33875 -0.02102 551 0.414973 0.0057458 
-1.37853 -8.8788 -0.140968 554 0.571916 -0.0499687 
-1.35618 -8.8659 -1.86663 561 0.513151 -0.396015 
-2.39776 -9.46725 -1.50147 566 0.33221 -0.231309 
-2.13398 -9.31496 -0.61668 585 0.398099 -0.100298 
-1.80668 -9.12599 1.44164 586 0.535043 0.284715 
-1.05884 -8.69422 -0.500411 598 0.64299 -0.147637 
-1.85453 -9.15362 1.00414 599 0.510196 0.193474 
-0.918376 -8.61313 -1.76208 603 0.620385 -0.429152 
-2.0658 -9.2756 0.128408 612 0.437036 0.0306896 
-2.28434 -9.40177 0.767727 616 0.416429 0.155325 
-1.43619 -8.91209 -1.99412 619 0.492191 -0.410704 
-1.39269 -8.88697 -0.919729 622 0.536477 -0.208042 
-1.85496 -9.15386 1.85126 623 0.538755 0.368462 
-2.10532 -9.29841 0.971801 625 0.460341 0.189055 
-1.41788 -8.90152 -1.16565 639 0.52485 -0.254904 
-1.37552 -8.87706 0.232198 643 0.590933 0.0292652 
-1.56414 -8.98596 -0.787846 645 0.506305 -0.171053 
-1.00763 -8.66466 -0.50403 660 0.65079 -0.153232 
-1.48552 -8.94057 0.517606 676 0.573027 0.0918073 
-1.10245 -8.71941 -0.567007 677 0.629505 -0.16324 
-2.31293 -9.41827 1.81431 707 0.445993 0.349036 
-0.939569 -8.62536 -0.32294 718 0.683202 -0.12091 
-1.908 -9.18449 1.52916 719 0.51569 0.301676 
-1.49578 -8.94649 0.981389 746 0.590714 0.186983 
