5.64257 -0.481715 -7 109 557.73 230.907 
6.30632 -1.54879 -7 115 495.089 163.397 
6.6867 0.183154 -7 127 492.892 299.008 
6.46481 -1.88245 -7 128 481.512 144.288 
6.08103 -0.977971 -7 134 517.344 200.267 
6.59087 -1.1778 -7 141 482.313 196.918 
6.26277 1.2623 -7 143 536.849 386.74 
6.4687 -1.97232 -7 149 480.247 138.208 
7 -0.0623122 -3.31422 152 205.898 292.262 
7 -1.59791 -6.35011 157 421.13 172.868 
7 1.75895 -5.06184 159 372.042 455.142 
7 0.343459 -2.54532 160 120.073 341.852 
7 1.08732 -1.94397 162 35.6508 447.189 
7 0.863395 -4.44339 163 315.301 376.595 
7 -0.724268 -3.10497 165 182.075 225.135 
7 -0.863938 -6.09367 166 413.704 224.124 
7 1.33843 -4.95324 172 359.746 415.938 
7 0.759759 -5.08223 173 363.77 360.009 
7 -0.518283 -3.0968 179 181.814 245.803 
7 0.741437 -4.00824 180 276.847 369.473 
7 -0.563655 -4.89557 181 338.602 244.816 
7 0.831841 -5.58946 182 399.512 361.708 
7 1.69172 -5.79597 183 422.257 435.703 
7 0.0865561 -4.29161 189 296.77 303.193 
7 -1.97934 -4.46413 190 296.223 126.469 
7 0.781169 -6.98961 200 480.551 346.428 
