5.64257 -0.481715 -7 109 478.921 247.96 
6.30632 -1.54879 -7 115 422.417 176.744 
4.50714 -1.04124 -7 119 567.391 172.211 
4.46367 -0.542201 -7 125 582.01 220.596 
6.6867 0.183154 -7 127 420.202 311.029 
6.46481 -1.88245 -7 128 409.923 156.48 
6.08103 -0.977971 -7 134 442.661 215.121 
4.29646 -0.0380129 -7 139 611.701 270.165 
6.59087 -1.1778 -7 141 410.634 209.388 
4.8725 1.3091 -7 142 576.723 415.16 
6.26277 1.2623 -7 143 459.417 397.91 
6.4687 -1.97232 -7 149 408.756 150.24 
7 -0.0623122 -3.31422 152 116.579 325.831 
7 -1.59791 -6.35011 157 350.671 184.923 
7 1.75895 -5.06184 159 297.942 476.993 
7 0.343459 -2.54532 160 17.0168 387.94 
7 0.863395 -4.44339 163 238.255 403.683 
7 -0.724268 -3.10497 165 88.3102 255.103 
7 -0.863938 -6.09367 166 342.557 238.289 
7 1.33843 -4.95324 172 285.296 438.941 
7 0.759759 -5.08223 173 289.729 381.666 
7 -0.518283 -3.0968 179 88.2652 277.652 
7 0.741437 -4.00824 180 196.535 400.425 
7 -0.563655 -4.89557 181 263.387 264.85 
7 0.831841 -5.58946 182 326.875 379.836 
7 1.69172 -5.79597 183 349.537 451.594 
7 0.0865561 -4.29161 189 218.146 329.285 
7 -1.97934 -4.46413 190 217.249 141.641 
7 0.781169 -6.98961 200 408.903 356.818 
