-7 -0.29883 -1.326 55 497.737 156.787 
-7 0.46862 -2.98529 58 314.207 240.782 
-7 -1.05185 -1.49538 60 479.253 64.8283 
-7 -1.03485 -3.75523 61 239.085 88.6992 
-7 -0.184126 -2.39523 62 372.79 172.779 
-7 0.0943094 -5.21035 64 131.018 201.632 
-7 1.11392 -6.02536 65 84.4643 284.259 
-7 0.886694 -5.35798 67 126.088 269.148 
-7 1.34911 -4.82912 74 165.733 311.137 
-7 0.577231 -1.47952 76 475.137 258.891 
-7 0.694743 -5.33965 78 126.067 253.106 
-7 1.12101 -6.65735 79 46.7942 281.521 
-7 0.821262 -3.48263 80 269.838 272.939 
-7 -1.84392 -6.0007 85 62.7148 30.6684 
-7 1.69039 -1.92004 89 422.201 372.811 
-7 -0.295975 -5.19552 90 129.448 166.911 
-7 1.40697 -4.3308 91 202.919 320.027 
-7 0.312724 -0.335245 92 630.474 232.558 
-7 0.592834 -6.66606 94 42.0335 240.623 
-7 -1.56958 -3.12031 95 296.553 23.7677 
-7 -1.20087 -3.87679 97 227.7 72.4433 
-7 1.52805 -2.92335 98 321.885 344.491 
-7 -0.609874 -5.90804 100 78.849 141.018 
