-7 -0.29883 -1.326 55 466.445 157.478 
-7 0.46862 -2.98529 58 286.566 240.969 
-7 -1.05185 -1.49538 60 448.204 67.4893 
-7 -1.03485 -3.75523 61 213.436 88.7582 
-7 -0.184126 -2.39523 62 344.858 172.91 
-7 1.26508 -0.184774 63 608.285 349.902 
-7 0.0943094 -5.21035 64 102.787 201.516 
-7 1.11392 -6.02536 65 53.1519 286.158 
-7 0.886694 -5.35798 67 96.2737 270.416 
-7 1.34911 -4.82912 74 135.941 313.334 
-7 0.577231 -1.47952 76 445.026 258.702 
-7 0.694743 -5.33965 78 96.6083 253.981 
-7 1.12101 -6.65735 79 14.2924 283.53 
-7 0.821262 -3.48263 80 241.922 273.66 
-7 -1.84392 -6.0007 85 37.5037 29.3467 
-7 1.69039 -1.92004 89 393.268 374.147 
-7 -0.295975 -5.19552 90 101.943 166.362 
-7 1.40697 -4.3308 91 173.675 322.198 
-7 0.312724 -0.335245 92 594.444 232.19 
-7 0.592834 -6.66606 94 10.5411 241.407 
-7 -1.56958 -3.12031 95 270.909 25.4658 
-7 -1.20087 -3.87679 97 202.336 72.5672 
-7 1.52805 -2.92335 98 293.455 346.256 
-7 -0.609874 -5.90804 100 51.0542 140.021 
