-4.80195 0.41523 7 21 445.216 313.934 
-3.28746 -0.347612 7 22 603.635 233.284 
-5.92999 -1.73451 7 23 351.05 132.712 
-5.37012 0.037908 7 24 398.706 277.459 
-5.21106 1.44812 7 29 419.504 403.532 
-5.40598 0.152698 7 30 396.899 287.409 
-3.76175 1.7333 7 32 559.546 469.912 
-5.875 -0.508694 7 36 361.799 232.224 
-4.02466 -0.174699 7 39 514.764 256.421 
-3.22548 0.288125 7 40 617.973 311.901 
-5.59816 -0.619665 7 42 378.858 221.416 
-3.26615 1.27581 7 43 620.711 433.078 
-6.33365 0.109205 7 44 338.573 282.028 
-6.25916 0.145289 7 48 342.953 284.953 
-7 -0.503339 4.01391 52 64.7169 254.421 
-7 -0.64261 4.44771 54 110.951 237.298 
-7 0.78654 5.75191 68 231.636 349.203 
-7 -0.100249 4.19611 69 88.5481 294.099 
-7 -0.527577 4.46053 71 113.133 248.53 
-7 -0.14175 5.47309 72 205.218 275.326 
-7 1.61955 6.53315 73 286.631 398.59 
-7 0.883221 6.2108 82 262.868 348.773 
-7 1.46933 5.82185 93 240.746 403.573 
-7 -0.576654 5.65743 96 216.261 237.319 
