-3.49077 1.97493 7 8 638.115 464.831 
-4.80195 0.41523 7 21 497.613 267.63 
-5.92999 -1.73451 7 23 412.527 79.2987 
-5.37012 0.037908 7 24 451.283 229.458 
-5.21106 1.44812 7 29 462.115 354.637 
-5.40598 0.152698 7 30 448.487 239.404 
-3.76175 1.7333 7 32 603.8 425.867 
-5.875 -0.508694 7 36 415.845 182.613 
-4.02466 -0.174699 7 39 579.291 211.506 
-5.59816 -0.619665 7 42 434.96 171.978 
-6.33365 0.109205 7 44 387.392 232.176 
-6.25916 0.145289 7 48 391.756 235.231 
-7 -0.503339 4.01391 52 130.253 183.022 
-7 -0.64261 4.44771 54 172.709 170.165 
-7 0.78654 5.75191 68 279.366 289.509 
-7 -0.100249 4.19611 69 150.701 223.318 
-7 -0.527577 4.46053 71 174.35 181.337 
-7 -0.14175 5.47309 72 258.346 215.507 
-7 1.61955 6.53315 73 327.881 342.167 
-7 0.883221 6.2108 82 308.488 292.191 
-7 -0.72299 3.2493 84 38.5643 156.328 
-7 1.46933 5.82185 93 285.066 342.031 
-7 -0.576654 5.65743 96 270.519 178.99 
