-3.11304 -8.60806 -1.9166 254 0.0371063 -0.318648 
-3.48222 -7.96863 1.84681 255 -0.0827139 0.414593 
-4.57399 -6.07762 1.59563 258 -0.630549 0.461603 
-2.75039 -9.23619 0.329719 263 0.13536 0.0883236 
-3.07463 -8.67459 -1.54793 266 0.0459033 -0.255966 
-2.57499 -9.53998 1.60069 268 0.18594 0.310414 
-2.72709 -9.27655 -1.48729 269 0.133763 -0.217701 
-4.57341 -6.07862 1.60241 272 -0.624357 0.461267 
-3.88769 -7.26632 -1.50954 277 -0.231565 -0.32119 
-4.24528 -6.64697 0.694015 279 -0.416295 0.180852 
-3.32874 -8.23445 -1.42324 285 -0.0286042 -0.249762 
-3.49888 -7.93976 0.772929 286 -0.0871244 0.179178 
-3.44968 -8.02497 0.167007 293 -0.0710491 0.0518338 
-3.04378 -8.72802 1.54345 294 0.0594966 0.322153 
-3.22332 -8.41705 1.89644 304 0.00741072 0.405592 
-3.93868 -7.178 -1.57121 306 -0.254298 -0.338854 
-3.32508 -8.2408 -1.51403 315 -0.0290561 -0.267871 
-3.63057 -7.71167 -1.43695 316 -0.133953 -0.277 
-3.09129 -8.64573 1.79249 320 0.0474283 0.375323 
-4.10365 -6.89227 -1.45523 322 -0.331034 -0.331193 
-3.06428 -8.69251 -0.666718 324 0.0513182 -0.0974559 
-4.30377 -6.54565 0.385968 326 -0.445288 0.10363 
-4.07384 -6.9439 0.0649336 330 -0.325316 0.0230999 
-3.49997 -7.93787 0.446165 333 -0.0886876 0.111524 
-3.35488 -8.18918 1.50964 334 -0.0372538 0.330581 
-4.50583 -6.19567 0.376914 336 -0.564813 0.097012 
-4.09708 -6.90364 0.281542 338 -0.336856 0.0754721 
-3.77569 -7.46032 0.825581 340 -0.195597 0.198512 
-4.16753 -6.78163 0.981089 341 -0.377088 0.256777 
-4.31667 -6.52331 1.57757 348 -0.464309 0.426336 
-3.62005 -7.72989 0.845456 350 -0.133036 0.19882 
-4.2793 -6.58803 -1.32765 353 -0.412418 -0.32534 
-2.64072 -9.42615 1.95256 355 0.170153 0.375776 
-3.10287 -8.62567 -0.357131 361 0.0359353 -0.0431414 
-4.34584 -6.47278 1.58859 363 -0.48109 0.429224 
-3.98712 -7.09411 0.170839 364 -0.286031 0.0500371 
-4.44212 -6.30602 -1.20213 365 -0.510109 -0.315601 
-3.32955 -8.23305 -1.41411 368 -0.0284841 -0.252593 
-2.62582 -9.45194 -1.96759 374 0.156371 -0.291113 
-3.72571 -7.54688 0.335972 382 -0.169852 0.0886283 
-3.02092 -8.76762 -1.67324 386 0.0574237 -0.267755 
-4.55591 -6.10892 1.47438 387 -0.613951 0.419607 
-3.14704 -8.54917 1.54174 390 0.0314971 0.324437 
-2.75281 -9.23199 0.225616 395 0.134928 0.0679211 
-3.18967 -8.47533 1.85927 400 0.0180361 0.390961 
-3.33676 -8.22056 -0.399899 404 -0.0337595 -0.0551308 
-3.20418 -8.4502 0.757211 405 0.0140684 0.169184 
-3.32846 -8.23494 1.89335 407 -0.0254165 0.41198 
-4.67743 -5.89845 0.0191106 408 -0.673029 -0.00549791 
-4.7162 -5.8313 -1.22464 411 -0.67759 -0.357514 
-3.05904 -8.70159 0.925619 412 0.0526178 0.205018 
-2.74941 -9.23788 0.292754 416 0.13568 0.0820735 
-4.24744 -6.64321 -1.92173 418 -0.395216 -0.457678 
-4.59318 -6.04438 0.332137 419 -0.621211 0.0896014 
-3.28794 -8.30512 -0.582867 425 -0.0198231 -0.0868033 
-4.10084 -6.89714 -0.211774 427 -0.334427 -0.0445396 
-2.88356 -9.00553 1.61269 428 0.107728 0.329137 
-3.57786 -7.80296 1.13653 429 -0.119669 0.260368 
-4.2527 -6.63411 -0.951124 431 -0.406854 -0.232827 
-4.54469 -6.12836 -1.52013 432 -0.563814 -0.410679 
-3.71801 -7.56021 -1.73791 433 -0.165473 -0.344542 
-2.84073 -9.07972 -1.27039 435 0.105284 -0.190278 
-4.68557 -5.88436 -1.8811 438 -0.649224 -0.520711 
-4.21563 -6.69831 -0.927394 445 -0.386085 -0.226378 
-4.02746 -7.02424 -1.63148 447 -0.289108 -0.363597 
-2.97704 -8.84361 -0.559065 449 0.0736337 -0.073064 
-4.46089 -6.27351 1.45209 451 -0.552517 0.408373 
-3.13049 -8.57784 0.930095 453 0.0317075 0.204547 
-2.83311 -9.09292 -0.904736 454 0.112483 -0.127262 
-3.07985 -8.66554 0.939564 456 0.0489755 0.200867 
-2.82678 -9.10387 0.818773 460 0.116448 0.176371 
-4.41902 -6.34603 0.58457 470 -0.512629 0.155931 
-4.6459 -5.95307 0.77707 474 -0.663737 0.217089 
-2.94605 -8.89729 1.87197 478 0.0879136 0.379023 
-3.62908 -7.71426 0.283949 480 -0.137534 0.0762703 
-3.75747 -7.49188 -0.114405 484 -0.183643 -0.00762247 
-4.07094 -6.94893 1.07534 490 -0.328361 0.269717 
-2.61113 -9.47739 -1.5069 492 0.162467 -0.213986 
-3.63585 -7.70252 0.600044 494 -0.139802 0.145112 
-3.6271 -7.71768 0.36592 497 -0.137124 0.0936023 
-3.46213 -8.00341 0.473249 499 -0.0736261 0.118552 
-3.9326 -7.18855 1.52347 500 -0.265433 0.375866 
-0.751588 -8.51683 0.0534651 508 0.544454 0.0160468 
-0.489466 -8.3655 1.99316 509 0.652822 0.51465 
-0.577812 -8.4165 -1.88021 514 0.563417 -0.43323 
-1.33469 -8.85349 -0.250941 535 0.397336 -0.0362464 
-0.805849 -8.54816 -1.1322 539 0.511521 -0.248229 
-1.55768 -8.98223 1.00965 540 0.361157 0.220548 
-0.942173 -8.62687 -1.81306 542 0.468149 -0.379357 
-2.54087 -9.54988 -1.96382 546 0.174555 -0.282356 
-0.435565 -8.33438 0.0499532 548 0.635427 0.0119022 
-2.17518 -9.33875 -0.02102 551 0.24112 0.0272822 
-1.37853 -8.8788 -0.140968 554 0.3894 -0.0129556 
-0.337383 -8.27769 -1.23289 555 0.644974 -0.313316 
-1.35618 -8.8659 -1.86663 561 0.37856 -0.355219 
-0.751362 -8.5167 -0.54808 562 0.530192 -0.119034 
-2.39776 -9.46725 -1.50147 566 0.199993 -0.216143 
-0.453946 -8.34499 1.0501 568 0.651603 0.264604 
-0.48463 -8.36271 0.158388 572 0.628121 0.0414652 
-1.19047 -8.77022 1.45663 578 0.448054 0.332107 
-0.413276 -8.32151 0.783569 583 0.654311 0.194585 
-1.13416 -8.73771 1.81808 584 0.462956 0.418522 
-2.13398 -9.31496 -0.61668 585 0.243187 -0.079196 
-1.80668 -9.12599 1.44164 586 0.311468 0.30331 
-0.665112 -8.46691 -0.0591155 593 0.564391 -0.00915062 
-1.05884 -8.69422 -0.500411 598 0.458311 -0.100373 
-1.85453 -9.15362 1.00414 599 0.299404 0.215377 
-0.29479 -8.2531 -0.936867 601 0.6623 -0.240194 
-1.02236 -8.67316 1.83715 602 0.495136 0.431774 
-0.918376 -8.61313 -1.76208 603 0.472546 -0.370022 
-0.41102 -8.32021 0.556759 610 0.653366 0.136856 
-2.0658 -9.2756 0.128408 612 0.260412 0.0473783 
-2.28434 -9.40177 0.767727 616 0.228281 0.168836 
-1.43619 -8.91209 -1.99412 619 0.358918 -0.372239 
-0.478158 -8.35897 -0.638973 621 0.610269 -0.151769 
-1.39269 -8.88697 -0.919729 622 0.375666 -0.168261 
-1.85496 -9.15386 1.85126 623 0.306226 0.385493 
-2.10532 -9.29841 0.971801 625 0.260189 0.2099 
-0.802806 -8.5464 1.53266 628 0.54807 0.370355 
-1.41788 -8.90152 -1.16565 639 0.3691 -0.216495 
-0.795119 -8.54197 -0.566815 642 0.518884 -0.124325 
-1.37552 -8.87706 0.232198 643 0.387823 0.0668206 
-1.56414 -8.98596 -0.787846 645 0.342436 -0.13147 
-0.814491 -8.55315 0.400562 646 0.536099 0.0997071 
-0.574829 -8.41478 0.349602 657 0.595827 0.0857057 
-1.00763 -8.66466 -0.50403 660 0.466046 -0.101304 
-0.613939 -8.43736 -0.547652 664 0.571135 -0.125839 
-0.867771 -8.58391 0.768917 668 0.522185 0.188683 
-0.769826 -8.52736 1.76192 670 0.564818 0.423718 
-0.250485 -8.22752 -1.46169 672 0.667808 -0.372289 
-1.48552 -8.94057 0.517606 676 0.369595 0.129662 
-1.10245 -8.71941 -0.567007 677 0.446524 -0.113575 
-2.31293 -9.41827 1.81431 707 0.224342 0.359344 
-0.939569 -8.62536 -0.32294 718 0.491935 -0.0633525 
-1.908 -9.18449 1.52916 719 0.29851 0.319285 
-0.734402 -8.50691 1.2467 730 0.566071 0.304239 
-0.562661 -8.40776 1.95132 740 0.6317 0.492794 
-1.49578 -8.94649 0.981389 746 0.375567 0.221954 
