7 -1.49784 0.349314 151 56.4738 49.0345 
7 -0.0623122 -3.31422 152 469.223 239.031 
7 0.36994 -1.65205 155 301.533 283.596 
7 0.947338 -0.351981 158 150.75 350.914 
7 1.75895 -5.06184 159 602.318 405.992 
7 0.343459 -2.54532 160 393.756 280.214 
7 -0.647617 -0.188366 161 130.135 162.62 
7 1.08732 -1.94397 162 329.79 358.804 
7 0.863395 -4.44339 163 560.491 327.971 
7 -0.724268 -3.10497 165 453.822 170.104 
7 1.33843 -4.95324 172 597.308 369.386 
7 0.759759 -5.08223 173 611.937 316.948 
7 1.97211 0.0439567 176 101.89 468.801 
7 1.44234 0.716532 178 12.6628 414.997 
7 -0.518283 -3.0968 179 451.786 191.614 
7 0.741437 -4.00824 180 525.166 317.585 
7 -0.563655 -4.89557 181 608.309 193.661 
7 -0.443496 -0.586995 184 180.468 189.431 
7 -1.20096 -0.713027 185 196.857 99.044 
7 -0.746732 -0.782938 186 204.798 154.411 
7 0.0865561 -4.29161 189 553.823 254.757 
7 -1.97934 -4.46413 190 584.763 50.2444 
7 -1.56385 -0.742436 193 200.985 54.7248 
7 -1.07027 0.309808 197 62.8284 105.371 
7 1.83558 -1.14915 198 242.57 442.109 
