-3.17768 1.79522 -7 101 0.180404 0.475333 
-5.46333 -1.29075 -7 102 0.689467 -0.234993 
-4.55559 -0.250499 -7 105 0.510639 -0.0214167 
-2.11042 -0.0563179 -7 106 -0.0364244 -0.0189017 
-5.09885 0.316864 -7 107 0.587063 0.113669 
-5.05591 -0.451909 -7 117 0.601385 -0.0581516 
-3.07632 -1.96878 -7 120 0.261007 -0.519873 
-3.56835 0.827876 -7 121 0.290747 0.229835 
-2.10211 -0.684594 -7 129 -0.021981 -0.203969 
-3.11373 -0.303232 -7 130 0.222407 -0.0643812 
-1.59533 0.795126 -7 132 -0.208412 0.227522 
-3.58737 1.4874 -7 135 0.277028 0.391027 
-0.615215 -0.161545 -7 146 -0.523187 -0.0937873 
-5.05277 -1.83336 -7 148 0.640187 -0.374597 
