4.32541 -5.58563 0.848861 506 519.197 440.77 
3.31453 -6.16926 -0.82277 507 337.192 208.142 
2.55081 -6.61019 -1.05696 510 211.465 186.325 
1.55304 -7.18626 -0.142317 519 51.2435 321.05 
4.96491 -5.21641 -0.162781 524 613.162 287.772 
4.45282 -5.51207 0.330289 528 533.614 362.46 
3.62183 -5.99184 -0.708902 530 387.919 221.983 
1.74656 -7.07452 -0.649775 536 81.7715 246.895 
3.84209 -5.86467 0.762035 537 437.663 431.504 
4.08321 -5.72546 -0.0501395 541 469.679 310.574 
4.14699 -5.68864 -0.0739802 553 478.227 307.468 
2.76135 -6.48864 -0.835611 556 248.517 213.079 
2.50813 -6.63483 -1.62398 557 204.059 107.667 
1.77128 -7.06025 -1.32111 560 84.0937 152.4 
5.11501 -5.12975 -1.32998 563 618.148 124.124 
4.17332 -5.67344 0.684667 567 491.12 417.175 
4.08949 -5.72184 0.309736 570 474.175 364.246 
1.27527 -7.34662 -0.861902 571 4.76894 220.04 
4.78434 -5.32066 -1.81187 575 561.93 63.6197 
2.35211 -6.72491 -1.73362 576 177.443 91.2417 
2.61049 -6.57574 0.28437 581 230.099 374.278 
1.33215 -7.31379 -0.490916 582 14.9604 272.973 
1.26618 -7.35187 -0.159086 592 4.23101 321.012 
3.5218 -6.04959 -1.73721 596 362.454 81.5215 
2.00616 -6.92464 -1.64027 600 121.407 106.914 
2.48133 -6.65031 0.492331 604 209.734 405.122 
4.89471 -5.25694 -0.199595 606 597.705 280.675 
2.61487 -6.57321 0.0112596 607 228.952 333.965 
2.89706 -6.41029 -1.2274 611 267.745 156.9 
2.4848 -6.64831 0.119285 615 209.308 349.535 
2.90013 -6.40851 0.80747 626 280.102 447.735 
2.77919 -6.47834 -1.67587 627 245.277 95.7904 
3.2896 -6.18365 -0.831285 632 333.68 208.99 
3.83992 -5.86592 -0.579006 640 424.779 238.66 
2.18105 -6.82367 0.572736 650 159.44 420.517 
2.35902 -6.72093 0.562621 651 189.267 416.994 
3.74064 -5.92325 -1.9671 654 396.994 49.4265 
1.77898 -7.05581 0.424263 655 90.3763 401.314 
4.82206 -5.29889 0.859675 662 601.483 438.689 
4.88586 -5.26205 0.975449 663 612.438 455.656 
4.05549 -5.74146 -0.254187 669 462.996 283.882 
2.3244 -6.74091 -0.546464 673 177.439 255.723 
4.78329 -5.32127 0.804293 674 596.482 427.873 
4.99407 -5.19958 0.559179 682 625.212 390.456 
3.62073 -5.99248 0.99023 683 404.16 467.871 
4.226 -5.64302 0.28797 691 496.18 358.984 
1.43203 -7.25612 -1.20582 693 28.2483 169.916 
2.99296 -6.35491 0.665465 696 296.128 426.751 
4.82073 -5.29965 -1.08631 698 575.651 160.83 
4.30182 -5.59925 -1.21577 708 493.723 144.895 
2.02484 -6.91386 0.215523 713 130.228 368.617 
2.26921 -6.77278 -0.294944 715 169.828 294.895 
1.34298 -7.30754 -1.15975 722 13.2401 177.797 
4.48631 -5.49273 -1.46496 723 517.686 110.499 
3.52361 -6.04855 -0.447866 727 373.718 260.441 
4.48121 -5.49568 0.424736 739 538.048 375.139 
3.90444 -5.82868 0.777906 744 447.43 433.121 
2.78119 -6.47718 -1.18276 749 247.882 164.81 
