5.98522 3.63329 1.2144 752 0.105942 0.380548 
5.20903 4.97769 -0.50044 755 0.495736 -0.110617 
6.15778 3.33441 -0.551726 764 -0.00633596 -0.0911765 
6.72499 2.35198 -0.698686 765 -0.286932 -0.105706 
6.84891 2.13734 -1.72634 766 -0.339319 -0.335223 
7.18459 1.55593 0.710517 768 -0.52377 0.262423 
5.03444 5.28009 -1.71136 772 0.542847 -0.403988 
5.86576 3.8402 -1.56683 775 0.13013 -0.340024 
6.87834 2.08637 1.48366 780 -0.370323 0.474078 
5.7277 4.07932 -1.90892 781 0.186314 -0.422009 
6.61901 2.53554 -1.90015 786 -0.236179 -0.383543 
5.84347 3.87882 -1.54309 787 0.14096 -0.338714 
5.70086 4.12582 1.37764 788 0.274172 0.423969 
5.12308 5.12656 1.56711 791 0.625233 0.477383 
6.3358 3.02608 -0.89504 793 -0.100302 -0.166848 
7.07393 1.74759 -1.06522 794 -0.448359 -0.17976 
5.18216 5.02423 -0.915456 795 0.49636 -0.208712 
6.99287 1.88799 0.446143 798 -0.423527 0.187743 
5.95878 3.67909 -1.91848 799 0.0755321 -0.414235 
6.6228 2.52897 -1.96054 809 -0.236258 -0.398842 
5.66896 4.18107 1.48268 810 0.29653 0.456701 
7.13747 1.63753 -1.91994 811 -0.46882 -0.370803 
7.48096 1.04259 -1.87628 812 -0.618007 -0.339753 
7.65524 0.740743 -1.67984 818 -0.695106 -0.297633 
5.10188 5.16328 -1.16456 819 0.526669 -0.276709 
6.32015 3.05317 1.6683 821 -0.0688128 0.519838 
5.52148 4.43652 -0.0547931 822 0.339607 0.0145479 
5.84215 3.8811 1.25316 824 0.187614 0.391858 
7.15574 1.60589 0.615543 828 -0.504815 0.233887 
7.0505 1.78818 -1.26688 833 -0.437759 -0.229667 
5.5405 4.40357 -1.44396 835 0.29258 -0.323772 
6.68672 2.41826 0.33091 836 -0.273169 0.148015 
7.41493 1.15696 -1.61534 839 -0.59777 -0.289844 
4.99376 5.35056 -0.727822 848 0.605835 -0.174169 
6.64876 2.484 -1.60616 850 -0.252323 -0.318323 
5.62913 4.25005 -0.845981 855 0.262611 -0.179163 
7.47605 1.05111 -1.34417 857 -0.629008 -0.22927 
5.34442 4.7432 -0.804129 863 0.414735 -0.182587 
6.53997 2.67244 -0.861665 866 -0.198344 -0.152991 
4.94977 5.42675 -0.328941 868 0.642696 -0.0710676 
7.07604 1.74394 0.502742 871 -0.466608 0.206002 
6.4243 2.87279 -0.337461 872 -0.136625 -0.0281715 
5.87176 3.82982 -1.86513 873 0.122049 -0.410236 
6.81272 2.20003 1.31801 874 -0.338211 0.423953 
5.30638 4.80908 -0.846641 879 0.426791 -0.189576 
6.67343 2.44128 -1.01357 882 -0.263062 -0.182433 
5.48992 4.49117 1.01765 885 0.388716 0.313888 
6.14997 3.34793 -0.772956 886 -0.00617416 -0.142257 
6.38369 2.94312 -0.846468 889 -0.123878 -0.152551 
6.41 2.89756 1.35706 890 -0.121172 0.427941 
5.33186 4.76494 0.690372 894 0.464573 0.219164 
5.96932 3.66083 1.41731 895 0.118225 0.437734 
5.88934 3.79937 -0.91473 896 0.128257 -0.186931 
5.07479 5.21021 -0.592079 897 0.564909 -0.136577 
7.3611 1.2502 0.0561545 900 -0.59967 0.0947782 
7.13224 1.6466 -0.977877 901 -0.477701 -0.159763 
6.93416 1.98968 -1.06451 904 -0.385004 -0.188038 
4.97651 5.38043 -1.78963 905 0.574466 -0.42666 
5.14042 5.09654 0.266927 906 0.56075 0.0936622 
6.87866 2.08582 -0.0270921 907 -0.364179 0.0657119 
6.77251 2.26967 -0.747548 908 -0.310915 -0.114265 
6.05282 3.51621 -1.75001 911 0.0352254 -0.373704 
7.05959 1.77242 -1.7808 914 -0.435325 -0.338146 
5.93483 3.72057 -1.99581 926 0.0903527 -0.432414 
6.12516 3.3909 1.11897 932 0.0311768 0.354408 
6.67513 2.43834 -0.321965 935 -0.266861 -0.0161847 
6.75528 2.29951 -0.729401 938 -0.302071 -0.114417 
4.89688 5.51835 -1.08993 939 0.64293 -0.267438 
4.93218 5.45722 -0.369873 940 0.651986 -0.0849093 
5.5287 4.42402 0.271974 943 0.342117 0.107524 
6.43723 2.85038 1.42602 945 -0.138266 0.447844 
5.34394 4.74403 -0.45553 947 0.420215 -0.0919434 
5.85587 3.85734 -1.13495 948 0.139298 -0.241766 
7.05329 1.78334 -1.18945 950 -0.440985 -0.209236 
6.22795 3.21288 -0.545567 952 -0.0400633 -0.0860287 
5.80798 3.94029 0.203205 953 0.188147 0.0954349 
4.95506 5.41758 -0.74361 957 0.625923 -0.177603 
6.10007 3.43436 0.816237 960 0.0407517 0.267135 
5.615 4.27453 -0.380425 961 0.277245 -0.0610849 
5.29086 4.83597 -1.98418 962 0.404998 -0.457616 
5.54904 4.38878 0.419383 964 0.3357 0.148196 
6.0817 3.46619 -1.62949 965 0.0205552 -0.347097 
6.53207 2.68613 -0.981663 967 -0.195201 -0.181251 
6.68153 2.42724 -0.314303 968 -0.270127 -0.0165186 
5.19076 5.00935 -1.7233 970 0.463237 -0.401952 
7.36792 1.23839 -0.614933 971 -0.590435 -0.0648618 
5.51039 4.45573 1.34352 972 0.383325 0.411423 
6.2372 3.19685 0.871776 983 -0.0343819 0.286716 
4.93575 5.45104 -0.7803 984 0.633841 -0.186254 
5.51818 4.44223 -1.47775 990 0.302689 -0.336121 
5.75493 4.03217 1.14041 991 0.237481 0.35142 
5.53617 4.41107 -1.97751 993 0.280714 -0.447991 
5.97808 3.64567 0.0489525 995 0.0940031 0.057798 
6.58202 2.59961 -0.970701 999 -0.21798 -0.175672 
