-3.17768 1.79522 -7 101 0.203515 0.456651 
-4.55559 -0.250499 -7 105 0.531971 -0.0425779 
-2.11042 -0.0563179 -7 106 -0.0167439 -0.037283 
-5.09885 0.316864 -7 107 0.609688 0.0931953 
-0.235026 1.16667 -7 114 -0.673545 0.344838 
-5.05591 -0.451909 -7 117 0.623404 -0.0801155 
-3.56835 0.827876 -7 121 0.312291 0.210871 
-2.10211 -0.684594 -7 129 -0.00387799 -0.223173 
-3.11373 -0.303232 -7 130 0.241838 -0.0843164 
-1.59533 0.795126 -7 132 -0.185705 0.20986 
-3.58737 1.4874 -7 135 0.299569 0.372335 
-0.615215 -0.161545 -7 146 -0.500971 -0.109622 
-5.05277 -1.83336 -7 148 0.661344 -0.400564 
