6.30632 -1.54879 -7 115 0.621504 -0.213592 
6.6867 0.183154 -7 127 0.5929 0.0977271 
6.46481 -1.88245 -7 128 0.588851 -0.259002 
6.08103 -0.977971 -7 134 0.674185 -0.126005 
6.59087 -1.1778 -7 141 0.582202 -0.136445 
6.26277 1.2623 -7 143 0.692373 0.301517 
6.4687 -1.97232 -7 149 0.58653 -0.273315 
7 -0.0623122 -3.31422 152 -0.0240981 0.0487159 
7 0.36994 -1.65205 155 -0.419203 0.15169 
7 -1.59791 -6.35011 157 0.437716 -0.195497 
7 1.75895 -5.06184 159 0.305883 0.416464 
7 0.343459 -2.54532 160 -0.190502 0.140715 
7 1.08732 -1.94397 162 -0.345062 0.336613 
7 0.863395 -4.44339 163 0.192918 0.240775 
7 -0.724268 -3.10497 165 -0.0689644 -0.094908 
7 -0.863938 -6.09367 166 0.416079 -0.0795629 
7 1.33843 -4.95324 172 0.282958 0.331536 
7 0.759759 -5.08223 173 0.295706 0.213199 
7 -0.518283 -3.0968 179 -0.0700597 -0.051246 
7 0.741437 -4.00824 180 0.114579 0.219745 
7 -0.563655 -4.89557 181 0.250661 -0.0399085 
7 0.831841 -5.58946 182 0.372299 0.222518 
7 1.69172 -5.79597 183 0.414958 0.385699 
7 -1.20096 -0.713027 185 -0.674665 -0.267231 
7 -0.746732 -0.782938 186 -0.661767 -0.148121 
7 0.0865561 -4.29161 189 0.159034 0.0822417 
7 -1.97934 -4.46413 190 0.168431 -0.304682 
7 -1.56385 -0.742436 193 -0.658163 -0.356534 
7 0.781169 -6.98961 200 0.553624 0.201957 
