6.30632 -1.54879 -7 115 609.3 141.222 
6.6867 0.183154 -7 127 595.638 284.745 
6.46481 -1.88245 -7 128 594.237 120.231 
6.08103 -0.977971 -7 134 633.578 181.697 
6.59087 -1.1778 -7 141 590.997 176.781 
6.4687 -1.97232 -7 149 593.182 113.621 
7 -0.0623122 -3.31422 152 311.623 261.959 
7 0.36994 -1.65205 155 130.378 309.16 
7 -1.59791 -6.35011 157 524.32 149.478 
7 1.75895 -5.06184 159 463.081 431.2 
7 0.343459 -2.54532 160 235.213 304.205 
7 1.08732 -1.94397 162 164.364 394.068 
7 0.863395 -4.44339 163 411.263 350.37 
7 -0.724268 -3.10497 165 291.055 195.862 
7 -0.863938 -6.09367 166 514.236 202.946 
7 1.33843 -4.95324 172 452.603 392.15 
7 0.759759 -5.08223 173 458.557 337.738 
7 -0.518283 -3.0968 179 290.54 215.958 
7 0.741437 -4.00824 180 375.266 340.661 
7 -0.563655 -4.89557 181 438.014 221.208 
7 0.831841 -5.58946 182 493.798 342.063 
7 1.69172 -5.79597 183 513.286 417.142 
7 -1.20096 -0.713027 185 13.2318 116.642 
7 -0.746732 -0.782938 186 19.2003 171.399 
7 0.0865561 -4.29161 189 395.779 277.431 
7 -1.97934 -4.46413 190 400.331 99.1678 
7 -1.56385 -0.742436 193 20.7413 75.5552 
7 0.781169 -6.98961 200 577.338 332.686 
