-7 0.21307 2.3409 51 0.614508 0.279871 
-7 -1.78251 -2.62609 53 -0.603701 -0.201547 
-7 -0.29883 -1.326 55 -0.327307 0.145595 
-7 -0.441068 2.32778 56 0.58904 0.110029 
-7 -1.05185 -1.49538 60 -0.354886 -0.0375828 
-7 -0.184126 -2.39523 62 -0.599665 0.17474 
-7 -1.45394 1.58819 66 0.382359 -0.129861 
-7 -1.07602 2.04225 70 0.499953 -0.0434387 
-7 -1.87164 2.51938 75 0.590498 -0.22169 
-7 0.577231 -1.47952 76 -0.384781 0.378994 
-7 -1.86155 -2.22478 77 -0.508597 -0.218631 
-7 -1.9255 2.82609 83 0.659982 -0.233292 
-7 -0.166603 0.216342 87 0.0612536 0.179531 
-7 0.312724 -0.335245 92 -0.0809404 0.306286 
-7 -1.0576 1.73598 99 0.426221 -0.0391142 
