-3.17768 1.79522 -7 101 570.999 341.425 
0.794442 1.97164 -7 103 23.08 458.813 
-2.11042 -0.0563179 -7 106 433.462 109.127 
-0.235026 1.16667 -7 114 177.751 312.948 
-0.0787955 1.33173 -7 116 155.815 340.75 
-1.66978 1.93068 -7 118 392.389 388.773 
-3.56835 0.827876 -7 121 611.452 215.451 
0.474792 -0.485198 -7 124 20.2315 54.4238 
-2.10211 -0.684594 -7 129 427.4 16.193 
-3.11373 -0.303232 -7 130 557.206 68.9776 
-1.59533 0.795126 -7 132 372.067 236.111 
-3.58737 1.4874 -7 135 614.521 297.058 
-0.615215 -0.161545 -7 146 215.648 102.938 
