-7 0.21307 2.3409 51 227.884 143.594 
-7 -0.503339 4.01391 52 395.968 86.3045 
-7 -0.64261 4.44771 54 433.02 78.1368 
-7 -0.441068 2.32778 56 229.57 67.4553 
-7 1.81819 2.50338 57 237.606 313.859 
-7 1.50288 1.91462 59 174.863 283.985 
-7 0.78654 5.75191 68 509.592 217.241 
-7 -0.100249 4.19611 69 407.129 128.776 
-7 -0.527577 4.46053 71 432.797 89.7033 
-7 -0.14175 5.47309 72 502.232 136.304 
-7 1.61955 6.53315 73 546.828 282.67 
-7 1.51818 2.67054 81 256.102 283.319 
-7 0.883221 6.2108 82 536.769 225.961 
-7 -0.72299 3.2493 84 328.506 51.0917 
-7 1.48523 2.57162 86 246.237 280.281 
-7 1.20864 2.59145 88 249.702 252.09 
-7 1.46933 5.82185 93 506.23 272.405 
-7 -0.576654 5.65743 96 519.807 99.1804 
