5.64257 -0.481715 -7 109 571.417 228.114 
6.30632 -1.54879 -7 115 507.773 160.516 
6.6867 0.183154 -7 127 504.918 296.63 
6.46481 -1.88245 -7 128 494.027 141.401 
6.08103 -0.977971 -7 134 530.3 197.448 
6.59087 -1.1778 -7 141 494.606 194.215 
6.26277 1.2623 -7 143 549.351 384.727 
6.4687 -1.97232 -7 149 492.767 135.306 
7 -0.0623122 -3.31422 152 219.508 287.023 
7 0.36994 -1.65205 155 13.169 346.894 
7 -1.59791 -6.35011 157 433.021 169.996 
7 1.75895 -5.06184 159 383.512 451.127 
7 0.343459 -2.54532 160 135.38 335.089 
7 1.08732 -1.94397 162 53.1365 437.689 
7 0.863395 -4.44339 163 327.328 372.077 
7 -0.724268 -3.10497 165 196.204 220.3 
7 -0.863938 -6.09367 166 425.496 221.174 
7 1.33843 -4.95324 172 371.36 411.881 
7 0.759759 -5.08223 173 375.467 356.225 
7 -0.518283 -3.0968 179 195.921 240.766 
7 0.741437 -4.00824 180 289.299 364.472 
7 -0.563655 -4.89557 181 350.672 241.177 
7 0.831841 -5.58946 182 411.054 358.395 
7 1.69172 -5.79597 183 433.599 432.577 
7 0.0865561 -4.29161 189 309.105 298.857 
7 -1.97934 -4.46413 190 308.86 123.046 
7 0.781169 -6.98961 200 492.144 344.19 
