1.69792 -0.977731 -7 104 332.732 162.405 
2.77254 -1.94854 -7 108 211.493 43.9902 
2.26927 0.767181 -7 111 241.151 397.621 
2.74139 -0.240151 -7 113 196.168 256.292 
4.50714 -1.04124 -7 119 29.7998 156.12 
2.98659 0.138239 -7 123 164.259 302.759 
0.474792 -0.485198 -7 124 512.357 237.61 
4.46367 -0.542201 -7 125 27.1646 211.484 
3.77354 -0.887468 -7 133 95.3637 173.404 
1.03314 -1.58354 -7 136 431.452 76.123 
3.34213 1.4046 -7 137 110.071 461.163 
0.97797 0.750031 -7 138 422.021 422.975 
4.29646 -0.0380129 -7 139 35.5196 269.682 
1.9715 1.13953 -7 144 275.321 457.445 
1.45576 0.553777 -7 145 352.114 382.586 
0.206379 -1.0164 -7 147 561.221 155.877 
