-7 0.46862 -2.98529 58 0.465917 -0.0388691 
-7 -1.03485 -3.75523 61 0.260632 -0.370013 
-7 -0.184126 -2.39523 62 0.628776 -0.216 
-7 0.0943094 -5.21035 64 0.0128657 -0.0931811 
-7 1.11392 -6.02536 65 -0.0825964 0.0857542 
-7 0.886694 -5.35798 67 0.00595449 0.0502877 
-7 1.34911 -4.82912 74 0.0974915 0.136411 
-7 0.694743 -5.33965 78 0.0049677 0.0164562 
-7 1.12101 -6.65735 79 -0.160302 0.0833593 
-7 0.821262 -3.48263 80 0.34944 0.0423467 
-7 -1.84392 -6.0007 85 -0.142839 -0.431277 
-7 -0.295975 -5.19552 90 0.00736013 -0.166488 
-7 1.40697 -4.3308 91 0.185255 0.153667 
-7 0.592834 -6.66606 94 -0.172314 0.00133862 
-7 -1.20087 -3.87679 97 0.231374 -0.402528 
-7 1.52805 -2.92335 98 0.492699 0.20478 
-7 -0.609874 -5.90804 100 -0.102839 -0.208756 
-5.46333 -1.29075 -7 102 -0.486828 -0.318237 
-4.55559 -0.250499 -7 105 -0.64296 -0.0902154 
-5.09885 0.316864 -7 107 -0.500046 0.0147405 
-6.22725 1.4028 -7 110 -0.285412 0.159085 
-5.05591 -0.451909 -7 117 -0.5375 -0.143283 
-6.20015 -0.954561 -7 122 -0.351373 -0.245174 
-6.2831 -0.370457 -7 140 -0.323343 -0.141232 
-5.05277 -1.83336 -7 148 -0.593569 -0.448899 
-6.46998 0.52855 -7 150 -0.275207 0.0069329 
