-7 1.12101 -6.65735 79 0.643867 0.475353 
-7 0.592834 -6.66606 94 0.655863 0.372637 
-5.46333 -1.29075 -7 102 0.454069 -0.0369736 
-4.55559 -0.250499 -7 105 0.282953 0.153476 
-2.11042 -0.0563179 -7 106 -0.271083 0.136117 
-5.09885 0.316864 -7 107 0.351776 0.285428 
-6.22725 1.4028 -7 110 0.47901 0.50622 
-0.689565 -1.47331 -7 112 -0.684567 -0.417891 
-5.05591 -0.451909 -7 117 0.369619 0.121952 
-3.07632 -1.96878 -7 120 0.0645798 -0.322322 
-3.56835 0.827876 -7 121 0.0547794 0.396504 
-6.20015 -0.954561 -7 122 0.540106 0.0524288 
-1.05355 -1.5594 -7 126 -0.534478 -0.402239 
-2.10211 -0.684594 -7 129 -0.240336 -0.0469264 
-3.11373 -0.303232 -7 130 0.00185728 0.101229 
-1.30535 -1.94469 -7 131 -0.420362 -0.493352 
-1.59533 0.795126 -7 132 -0.485919 0.38917 
-6.2831 -0.370457 -7 140 0.53458 0.164632 
-5.05277 -1.83336 -7 148 0.412211 -0.164812 
-6.46998 0.52855 -7 150 0.533342 0.336869 
