-7 0.0943094 -5.21035 64 516.522 266.16 
-7 1.11392 -6.02536 65 451.65 353.424 
-7 0.886694 -5.35798 67 505.298 338.824 
-7 1.34911 -4.82912 74 557.857 390.395 
-7 0.694743 -5.33965 78 506.462 321.17 
-7 1.12101 -6.65735 79 408.531 348.715 
-7 -1.84392 -6.0007 85 450.514 115.45 
-7 -0.295975 -5.19552 90 516.828 230.681 
-7 1.40697 -4.3308 91 615.307 405.951 
-7 0.592834 -6.66606 94 407.943 307.572 
-7 -0.609874 -5.90804 100 458.418 210.364 
-3.17768 1.79522 -7 101 74.1694 463.15 
-5.46333 -1.29075 -7 102 306.282 147.123 
-4.55559 -0.250499 -7 105 237.15 224.465 
-5.09885 0.316864 -7 107 277.423 281.497 
-6.22725 1.4028 -7 110 347.708 373.154 
-5.05591 -0.451909 -7 117 276.589 211.863 
-3.07632 -1.96878 -7 120 98.406 6.84757 
-3.56835 0.827876 -7 121 133.397 334.751 
-6.20015 -0.954561 -7 122 348.896 185.581 
-3.11373 -0.303232 -7 130 87.3071 197.403 
-3.58737 1.4874 -7 135 130.234 413.899 
-6.2831 -0.370457 -7 140 352.734 231.152 
-5.05277 -1.83336 -7 148 280.328 92.9361 
-6.46998 0.52855 -7 150 361.801 301.733 
