6.30632 -1.54879 -7 115 602.511 142.276 
6.6867 0.183154 -7 127 589.844 285.172 
6.46481 -1.88245 -7 128 587.532 121.488 
6.08103 -0.977971 -7 134 626.699 182.386 
6.59087 -1.1778 -7 141 584.651 177.694 
6.26277 1.2623 -7 143 635.617 378.664 
6.4687 -1.97232 -7 149 586.453 114.929 
7 -0.0623122 -3.31422 152 306.207 262.876 
7 0.36994 -1.65205 155 123.944 310.42 
7 -1.59791 -6.35011 157 518.397 150.666 
7 1.75895 -5.06184 159 458.332 431.958 
7 0.343459 -2.54532 160 229.52 305.272 
7 1.08732 -1.94397 162 158.169 395.641 
7 0.863395 -4.44339 163 406.224 351.157 
7 -0.724268 -3.10497 165 285.497 196.836 
7 -0.863938 -6.09367 166 508.571 203.861 
7 1.33843 -4.95324 172 447.72 392.874 
7 0.759759 -5.08223 173 453.497 338.416 
7 -0.518283 -3.0968 179 285.005 216.91 
7 0.741437 -4.00824 180 370.148 341.519 
7 -0.563655 -4.89557 181 432.602 222.085 
7 0.831841 -5.58946 182 488.722 342.663 
7 1.69172 -5.79597 183 508.478 417.709 
7 -1.20096 -0.713027 185 6.05204 117.525 
7 -0.746732 -0.782938 186 11.9514 172.353 
7 0.0865561 -4.29161 189 390.537 278.244 
7 -1.97934 -4.46413 190 394.636 100.527 
7 -1.56385 -0.742436 193 13.7249 76.4483 
7 0.781169 -6.98961 200 572.006 333.121 
