-6.30704 4.44153 1.88748 3 -0.64802 0.362342 
-7.56816 3.71342 -1.91336 13 -0.307917 -0.442796 
-7.32861 3.85173 1.20236 16 -0.36981 0.167634 
-8.8069 2.99824 -0.956076 24 -0.0969389 -0.209002 
-8.89169 2.94928 -0.604829 26 -0.0870787 -0.14887 
-7.27042 3.88532 -0.762006 28 -0.375584 -0.230538 
-9.15905 2.79493 1.33263 40 -0.0567693 0.151416 
-6.52013 4.31851 -0.668232 44 -0.564684 -0.246436 
-8.69401 3.06342 -0.315471 46 -0.116974 -0.110418 
-9.17118 2.78792 0.352843 50 -0.0526973 0.00200818 
-6.99514 4.04426 0.162238 53 -0.443059 -0.0467789 
-7.12929 3.9668 -0.413303 57 -0.407137 -0.161785 
-7.76282 3.60104 -1.23079 58 -0.266229 -0.299831 
-9.06868 2.8471 0.616604 61 -0.0647508 0.0444875 
-6.35552 4.41354 0.367926 65 -0.625805 -0.00592839 
-8.32689 3.27537 0.102633 68 -0.179901 -0.0479567 
-9.53193 2.57964 -0.151691 69 -0.00984524 -0.0675942 
-6.73615 4.19379 -0.772225 73 -0.503847 -0.260436 
-8.43422 3.2134 0.143156 79 -0.158771 -0.03606 
-7.01524 4.03265 0.767731 80 -0.441524 0.0831445 
-6.84889 4.1287 -1.69131 81 -0.467824 -0.452415 
-8.57211 3.13379 0.696853 83 -0.141689 0.0567015 
-9.48597 2.60618 0.402373 91 -0.0169592 0.0121002 
-7.84704 3.55241 -1.4571 93 -0.254855 -0.33808 
-6.7471 4.18746 0.728183 95 -0.508391 0.0731861 
-6.83682 4.13566 0.932129 96 -0.486033 0.119033 
-8.21684 3.33891 0.855065 98 -0.195382 0.0861566 
-8.30606 3.2874 -0.374033 103 -0.173999 -0.126116 
-6.83515 4.13663 0.928504 104 -0.489631 0.116936 
-9.49264 2.60233 0.71894 111 -0.0174995 0.0576754 
-6.45698 4.35497 0.0373591 113 -0.587397 -0.0878136 
-7.76272 3.6011 -1.33649 124 -0.265957 -0.319043 
-9.4138 2.64784 -0.749638 127 -0.0215886 -0.164864 
-6.48824 4.33692 0.602459 130 -0.583505 0.0505884 
-9.10665 2.82518 -0.067222 132 -0.060421 -0.06287 
-8.31486 3.28232 -0.998132 134 -0.173821 -0.236076 
-7.54306 3.72791 -0.636474 136 -0.310997 -0.193487 
-8.32648 3.27561 -0.916176 137 -0.168246 -0.218808 
-7.75055 3.60812 0.607921 138 -0.276784 0.0486405 
-8.89144 2.94943 -0.995818 139 -0.0872071 -0.214739 
-8.50915 3.17015 -1.43562 142 -0.143613 -0.302996 
-6.25679 4.47054 0.905937 144 -0.658839 0.123595 
-8.55092 3.14603 -1.2267 145 -0.139243 -0.262895 
-9.27136 2.73008 -1.79969 152 -0.0314516 -0.322738 
-7.61388 3.68703 -1.43304 154 -0.294854 -0.349761 
-8.81769 2.99201 -0.933105 158 -0.101297 -0.206653 
-6.68884 4.2211 0.597207 171 -0.524083 0.0476367 
-7.21392 3.91795 1.54448 173 -0.394249 0.238065 
-7.83448 3.55966 -0.735079 174 -0.255743 -0.200922 
-9.09008 2.83474 -1.5709 176 -0.0549346 -0.295671 
-6.73975 4.1917 -1.74479 178 -0.498495 -0.478152 
-7.69247 3.64165 -1.44056 186 -0.28227 -0.339522 
-6.79289 4.16102 0.492295 190 -0.498408 0.0214093 
-8.58962 3.12368 -0.807997 201 -0.12757 -0.191852 
-9.31972 2.70216 0.881481 208 -0.0389473 0.0808808 
-6.59885 4.27306 -1.66716 216 -0.537049 -0.467845 
-7.86451 3.54233 1.45463 223 -0.261548 0.205748 
-7.66224 3.65911 -1.56845 226 -0.283092 -0.370402 
-7.55688 3.71994 1.11487 232 -0.320832 0.148416 
-6.86074 4.12186 0.00652214 233 -0.474621 -0.0842778 
-8.6765 3.07352 1.96596 234 -0.127084 0.265014 
-7.02658 4.02611 -1.06432 239 -0.426502 -0.310675 
-8.03402 3.44446 -0.562411 242 -0.219655 -0.165563 
-8.14068 3.38288 -0.0878003 245 -0.207557 -0.0785341 
-6.54441 4.30449 1.25315 248 -0.569342 0.199319 
-8.26463 0.314754 1.16404 251 0.358468 0.169328 
-9.1587 1.86333 -0.988996 253 0.0914091 -0.206652 
-8.41737 0.579321 1.27562 256 0.303319 0.186212 
-9.52122 2.49124 -1.0717 257 0.0116163 -0.207224 
-8.93601 1.47762 -0.633868 259 0.152828 -0.159121 
-9.30328 2.11375 1.73712 262 0.0481816 0.217079 
-8.62862 0.94521 0.119044 265 0.241286 -0.0351027 
-9.05625 1.68588 -1.53396 267 0.11819 -0.302793 
-9.13681 1.82542 0.452008 276 0.0937451 0.0184188 
-8.62523 0.939344 -1.18054 287 0.242154 -0.265392 
-8.12164 0.0670859 0.804812 290 0.41939 0.108169 
-8.26682 0.318554 -1.13985 297 0.368319 -0.283561 
-8.648 0.978768 1.29878 299 0.22409 0.177406 
-7.95776 -0.216756 -0.267516 301 0.497943 -0.119151 
-8.24121 0.274194 1.30161 302 0.368693 0.205637 
-7.75587 -0.566441 -1.28568 308 0.597149 -0.358882 
-8.641 0.966654 -0.16123 311 0.235878 -0.083244 
-9.31057 2.12638 -0.0551822 313 0.0499299 -0.0578831 
-8.81253 1.26375 -0.857651 325 0.185686 -0.197199 
-7.72464 -0.62053 -0.0248013 332 0.610024 -0.0709416 
-7.68847 -0.683171 1.35649 337 0.626877 0.252017 
-7.95987 -0.213096 0.306596 339 0.49339 0.00591454 
-8.52917 0.772963 -1.76171 342 0.276204 -0.376987 
-7.96405 -0.205854 1.31542 346 0.486954 0.219707 
-8.12381 0.0708475 -1.49958 347 0.428421 -0.36799 
-8.00123 -0.141456 -0.325795 349 0.47617 -0.130837 
-8.82998 1.29397 -1.283 359 0.181029 -0.276124 
-8.26227 0.31067 0.618929 366 0.367024 0.0661307 
-8.81299 1.26454 1.68087 370 0.174511 0.235421 
-7.92892 -0.2667 1.10434 372 0.506936 0.17604 
-8.43087 0.60269 -0.733047 375 0.305698 -0.19876 
-9.0577 1.6884 -0.174837 377 0.113035 -0.0777613 
-8.19099 0.187209 -1.2445 378 0.403596 -0.309922 
-7.6338 -0.777869 -0.0587155 380 0.660685 -0.0825814 
-9.37546 2.23878 -1.18001 383 0.0388052 -0.228189 
-8.12127 0.0664484 1.25361 388 0.419729 0.20116 
-9.14202 1.83445 -1.39071 391 0.100114 -0.27012 
-9.48121 2.42194 -1.26659 396 0.0158094 -0.237324 
-8.52092 0.758672 -1.7528 399 0.279599 -0.379844 
-9.44529 2.35972 -1.11888 402 0.0257762 -0.215467 
-7.81782 -0.459131 0.076778 403 0.561146 -0.0428375 
-7.63883 -0.769162 -0.119058 410 0.659309 -0.0968725 
-8.91993 1.44977 0.165011 413 0.153196 -0.0236326 
-8.21371 0.226557 -0.790225 417 0.387966 -0.217488 
-7.84199 -0.417283 -1.30465 420 0.556482 -0.354576 
-9.51944 2.48816 0.340095 422 0.00700037 0.00469819 
-7.91669 -0.287895 -0.0147918 423 0.517846 -0.0682828 
-8.92471 1.45805 -1.88576 426 0.155433 -0.368409 
-8.05966 -0.0402563 -0.2345 439 0.456216 -0.108592 
-9.40694 2.29329 1.83376 448 0.025633 0.22738 
-8.18295 0.173293 -0.148578 455 0.401641 -0.0866546 
-8.15687 0.12812 0.541817 457 0.404691 0.0476164 
-8.06618 -0.0289635 1.04644 461 0.444373 0.158345 
-8.66593 1.00983 0.45259 465 0.225112 0.0291029 
-9.45274 2.37263 -1.8729 469 0.0246027 -0.326471 
-9.08866 1.74202 1.71988 475 0.100501 0.22477 
-7.72533 -0.619337 0.904189 476 0.604352 0.144732 
-8.78933 1.22356 1.82285 477 0.179879 0.257678 
-7.83655 -0.426699 0.919261 479 0.548369 0.142122 
-8.11594 0.0572182 0.887934 486 0.421309 0.121677 
-8.80838 1.25656 1.8581 487 0.174477 0.268947 
-9.2531 2.02685 -1.52478 488 0.0719169 -0.290356 
-9.11496 1.78758 0.0633076 493 0.09728 -0.0433387 
-9.55916 2.55695 -0.634717 496 0.00130964 -0.14099 
-9.00888 1.60385 -0.973121 498 0.130423 -0.213476 
