-5.37012 0.037908 7 24 0.598207 -0.22707 
-5.21106 1.44812 7 29 0.575159 0.0652113 
-5.40598 0.152698 7 30 0.586169 -0.203012 
-5.875 -0.508694 7 36 0.519605 -0.337905 
-5.59816 -0.619665 7 42 0.577266 -0.36606 
-6.33365 0.109205 7 44 0.42313 -0.216954 
-6.25916 0.145289 7 48 0.433605 -0.210004 
-7 0.21307 2.3409 51 -0.515876 -0.288632 
-7 -0.503339 4.01391 52 -0.10515 -0.409749 
-7 -0.64261 4.44771 54 -0.019707 -0.424716 
-7 -0.441068 2.32778 56 -0.523812 -0.472575 
-7 1.81819 2.50338 57 -0.464141 0.109639 
-7 1.50288 1.91462 59 -0.632692 0.0449208 
-7 0.78654 5.75191 68 0.161448 -0.115242 
-7 -0.100249 4.19611 69 -0.0747406 -0.312332 
-7 -0.527577 4.46053 71 -0.0191593 -0.39858 
-7 -0.14175 5.47309 72 0.139954 -0.290166 
-7 1.61955 6.53315 73 0.244174 0.0216872 
-7 1.51818 2.67054 81 -0.42179 0.0384648 
-7 0.883221 6.2108 82 0.219814 -0.0969113 
-7 -0.72299 3.2493 84 -0.272267 -0.499272 
-7 1.48523 2.57162 86 -0.447225 0.0320637 
-7 1.20864 2.59145 88 -0.442606 -0.0330797 
-7 1.46933 5.82185 93 0.157956 0.00200097 
-7 -0.576654 5.65743 96 0.17559 -0.37013 
