3.31453 -6.16926 -0.82277 507 0.461874 -0.451749 
2.55081 -6.61019 -1.05696 510 0.146756 -0.454157 
2.60042 -6.58155 1.54168 513 0.30924 0.349358 
1.01972 -7.49417 -0.323822 518 -0.318102 -0.111192 
1.55304 -7.18626 -0.142317 519 -0.14389 -0.0933401 
3.18104 -6.24633 1.49572 527 0.525642 0.316662 
3.62183 -5.99184 -0.708902 530 0.603722 -0.44391 
0.57886 -7.7487 0.424617 532 -0.399611 0.117939 
1.74656 -7.07452 -0.649775 536 -0.112549 -0.256048 
3.27776 -6.19049 1.48571 543 0.559777 0.307327 
-0.435565 -8.33438 0.0499532 548 -0.686817 0.0664324 
1.31384 -7.32436 1.35338 549 -0.13336 0.334186 
0.488173 -7.80106 0.703509 550 -0.40592 0.194903 
2.76135 -6.48864 -0.835611 556 0.236484 -0.404662 
0.766945 -7.64011 0.115194 558 -0.363972 0.0247025 
0.990941 -7.51078 -1.55331 559 -0.403949 -0.463275 
1.77128 -7.06025 -1.32111 560 -0.141413 -0.462342 
0.285019 -7.91835 -1.67271 565 -0.611146 -0.43639 
-0.453946 -8.34499 1.0501 568 -0.626144 0.309442 
1.27527 -7.34662 -0.861902 571 -0.272718 -0.282342 
-0.48463 -8.36271 0.158388 572 -0.688304 0.0921889 
2.47927 -6.6515 1.93554 574 0.280324 0.465872 
-0.0029851 -8.08463 -0.961949 580 -0.639688 -0.219279 
2.61049 -6.57574 0.28437 581 0.244197 -0.0333015 
1.33215 -7.31379 -0.490916 582 -0.230465 -0.180574 
-0.413276 -8.32151 0.783569 583 -0.634146 0.248446 
0.848258 -7.59316 -0.946016 591 -0.402109 -0.270904 
1.26618 -7.35187 -0.159086 592 -0.235075 -0.0760949 
0.587659 -7.74362 -1.86164 595 -0.538322 -0.518555 
2.48133 -6.65031 0.492331 604 0.207199 0.0390588 
2.61487 -6.57321 0.0112596 607 0.231356 -0.117077 
-0.41102 -8.32021 0.556759 610 -0.648221 0.189855 
2.4848 -6.64831 0.119285 615 0.186412 -0.0729811 
0.337754 -7.8879 -1.59112 620 -0.591265 -0.413319 
2.90013 -6.40851 0.80747 626 0.382922 0.115652 
-0.802806 -8.5464 1.53266 628 -0.680315 0.432318 
-0.197251 -8.19679 0.70261 629 -0.582548 0.22038 
3.2896 -6.18365 -0.831285 632 0.451797 -0.454204 
0.695133 -7.68157 0.336635 637 -0.371846 0.0869465 
1.97066 -6.94514 1.58752 638 0.087071 0.379973 
-0.0537926 -8.11396 -0.334741 647 -0.608553 -0.0492672 
2.18105 -6.82367 0.572736 650 0.107731 0.081471 
2.35902 -6.72093 0.562621 651 0.166075 0.0700806 
0.479792 -7.8059 1.79524 652 -0.346153 0.470745 
1.77898 -7.05581 0.424263 655 -0.0370171 0.0567951 
0.279953 -7.92127 1.12217 656 -0.437429 0.307834 
-0.574829 -8.41478 0.349602 657 -0.694384 0.147686 
0.172776 -7.98315 1.03516 658 -0.470803 0.287207 
1.12851 -7.43136 0.338853 661 -0.245801 0.0677313 
-0.769826 -8.52736 1.76192 670 -0.656866 0.488046 
2.3244 -6.74091 -0.546464 673 0.0911131 -0.271786 
3.62073 -5.99248 0.99023 683 0.679465 0.128279 
0.0842166 -8.03428 0.452304 685 -0.528956 0.148251 
1.43203 -7.25612 -1.20582 693 -0.246482 -0.394705 
0.676712 -7.6922 0.794688 695 -0.347117 0.210565 
2.99296 -6.35491 0.665465 696 0.409705 0.0663557 
0.242541 -7.94287 -1.30659 700 -0.596097 -0.330947 
0.735422 -7.65831 -0.141939 702 -0.38675 -0.0433821 
-0.0286901 -8.09947 1.01989 704 -0.521387 0.294629 
2.02484 -6.91386 0.215523 713 0.0299442 -0.0188577 
2.26921 -6.77278 -0.294944 715 0.0874942 -0.189221 
1.12928 -7.43091 0.660268 716 -0.226345 0.157167 
1.34298 -7.30754 -1.15975 722 -0.271595 -0.377297 
3.52361 -6.04855 -0.447866 727 0.569038 -0.346583 
-0.734402 -8.50691 1.2467 730 -0.678154 0.364605 
1.28778 -7.33941 1.94479 733 -0.109337 0.492711 
-0.329699 -8.27326 1.956 745 -0.546278 0.521446 
-0.0589625 -8.11695 -0.531896 750 -0.62583 -0.104126 
