-7 0.21307 2.3409 51 344.276 290.786 
-7 -0.503339 4.01391 52 501.301 220.163 
-7 -0.64261 4.44771 54 537.421 208.291 
-7 -0.441068 2.32778 56 344.621 220.8 
-7 1.81819 2.50338 57 356.583 460.441 
-7 1.50288 1.91462 59 296.317 432.334 
-7 1.26508 -0.184774 63 38.6705 424.569 
-7 -1.45394 1.58819 66 268.355 104.609 
-7 0.78654 5.75191 68 632.533 340.105 
-7 -0.100249 4.19611 69 515.557 259.604 
-7 -1.07602 2.04225 70 316.628 150.608 
-7 -0.527577 4.46053 71 538.178 219.277 
-7 -0.14175 5.47309 72 614.691 257.2 
-7 -1.87164 2.51938 75 367.626 69.9121 
-7 1.51818 2.67054 81 373.931 427.308 
-7 -1.9255 2.82609 83 397.798 68.0138 
-7 -0.72299 3.2493 84 434.536 195.267 
-7 1.48523 2.57162 86 364.242 424.682 
-7 -0.166603 0.216342 87 97.6199 245.826 
-7 1.20864 2.59145 88 366.915 395.428 
-7 0.312724 -0.335245 92 19.9219 305.323 
-7 1.46933 5.82185 93 635.9 400.385 
-7 -0.576654 5.65743 96 628.958 218.516 
-7 -1.0576 1.73598 99 283.645 150.214 
