-1.69835 7.10236 -1.49702 1 -0.45841 -0.29646 
-4.28285 5.6102 -0.35009 4 0.372798 0.19586 
-2.36095 6.71981 0.0648834 6 -0.330609 0.212627 
-1.18389 7.39938 -0.935763 10 -0.671811 -0.168169 
-4.55705 5.45189 0.173982 17 0.451226 0.37921 
-3.41844 6.10927 -1.82689 21 0.139504 -0.291051 
-3.01817 6.34036 -1.63356 23 -0.00535594 -0.256679 
-2.57331 6.5972 -0.0115366 25 -0.247202 0.195795 
-2.71663 6.51445 0.575812 32 -0.233692 0.394488 
-3.74583 5.92025 -0.779907 36 0.208655 0.0352078 
-3.03012 6.33346 -0.976834 38 -0.0309899 -0.0684502 
-4.01906 5.7625 0.688089 42 0.235459 0.515504 
-5.01404 5.18805 -1.36312 47 0.664173 -0.0629896 
-2.14768 6.84294 -0.101629 51 -0.394783 0.141161 
-3.33545 6.15718 -0.435976 52 0.0443065 0.110004 
-3.617 5.99463 -1.57595 71 0.195181 -0.203905 
-4.04408 5.74805 -1.06717 77 0.321052 -0.0330047 
-3.86191 5.85323 -1.48589 82 0.269936 -0.169588 
-2.18179 6.82325 0.0567123 84 -0.389772 0.191976 
-2.31638 6.74554 0.814643 87 -0.393184 0.447348 
-4.13014 5.69837 -1.41351 88 0.363938 -0.131037 
-3.16889 6.25334 -1.4501 90 0.0364231 -0.198558 
-4.96883 5.21415 -1.7676 92 0.659234 -0.180626 
-3.51194 6.05528 0.00121058 101 0.0860914 0.254209 
-2.27819 6.76759 -0.186085 109 -0.343681 0.122635 
-4.62783 5.41102 -0.263344 122 0.499261 0.242413 
-4.73475 5.34929 -1.6572 126 0.579496 -0.165772 
-2.44383 6.67196 -0.385326 131 -0.271434 0.0726842 
-2.20806 6.80808 -1.59639 140 -0.278131 -0.293968 
-1.34908 7.30401 -1.57982 156 -0.570332 -0.344798 
-2.79823 6.46735 0.492322 157 -0.195118 0.369986 
-3.75274 5.91626 -1.57757 159 0.242227 -0.206362 
-2.15233 6.84026 -0.0957294 160 -0.390286 0.140704 
-2.43306 6.67818 0.0756168 161 -0.30462 0.217881 
-2.12399 6.85662 0.667081 166 -0.452011 0.383916 
-1.43641 7.25359 -1.07042 183 -0.574918 -0.197113 
-1.58921 7.16537 -1.2695 193 -0.507326 -0.242444 
-2.76342 6.48744 -1.86079 195 -0.0788938 -0.334955 
-1.18082 7.40116 -1.11678 196 -0.659853 -0.222301 
-3.97857 5.78587 -1.48671 197 0.317234 -0.16102 
-3.48498 6.07085 0.402763 199 0.0554324 0.387734 
-2.50658 6.63573 -0.864936 203 -0.218144 -0.0689056 
-1.65507 7.12735 -1.39271 204 -0.477533 -0.271188 
-2.60244 6.58039 -0.419929 205 -0.210279 0.07254 
-2.88473 6.41741 -0.980824 212 -0.0797232 -0.0772516 
-2.20564 6.80948 0.351964 217 -0.402968 0.287823 
-4.56488 5.44737 -0.00874334 220 0.461145 0.319024 
-3.28265 6.18767 0.466932 221 -0.0205169 0.394768 
-1.831 7.02577 -0.964452 224 -0.448137 -0.134298 
-1.58155 7.1698 -0.998108 227 -0.530179 -0.165301 
-2.63039 6.56425 -0.0067306 240 -0.227337 0.205108 
-4.83444 5.29174 -0.69456 244 0.576506 0.122301 
-2.65581 6.54957 -0.244999 247 -0.206357 0.12456 
-3.8183 5.87841 -0.432496 250 0.216778 0.14175 
