7 -1.49784 0.349314 151 113.273 33.1256 
7 -0.0623122 -3.31422 152 521.179 220.469 
7 0.36994 -1.65205 155 351.562 264.916 
7 0.947338 -0.351981 158 206.936 328.768 
7 0.343459 -2.54532 160 443.168 261.853 
7 -0.647617 -0.188366 161 185.527 146.031 
7 1.08732 -1.94397 162 378.228 338.377 
7 0.863395 -4.44339 163 611.855 310.527 
7 -0.724268 -3.10497 165 507.711 149.902 
7 0.725336 0.960833 171 45.9353 307.561 
7 1.97211 0.0439567 176 163.136 437.464 
7 1.44234 0.716532 178 81.3311 386.477 
7 -0.518283 -3.0968 179 504.864 172.104 
7 0.741437 -4.00824 180 575.723 299.83 
7 -0.443496 -0.586995 184 234.094 172.188 
7 -1.20096 -0.713027 185 249.687 80.9039 
7 -0.746732 -0.782938 186 257.577 136.912 
7 0.0865561 -4.29161 189 608.493 236.385 
7 -1.56385 -0.742436 193 253.64 35.2445 
7 -1.07027 0.309808 197 120.517 89.8746 
7 1.83558 -1.14915 198 293.602 415.991 
