-7 0.21307 2.3409 51 454.561 386.968 
-7 -0.503339 4.01391 52 615.663 304.537 
-7 -0.29883 -1.326 55 13.2229 334.602 
-7 -0.441068 2.32778 56 449.633 312.566 
-7 -1.45394 1.58819 66 367.905 201.753 
-7 -0.100249 4.19611 69 637.041 346.983 
-7 -1.07602 2.04225 70 416.876 243.077 
-7 -1.87164 2.51938 75 461.441 161.735 
-7 -1.9255 2.82609 83 491.027 157.574 
-7 -0.72299 3.2493 84 540.685 281.608 
-7 -0.166603 0.216342 87 211.45 347.9 
-7 0.312724 -0.335245 92 139.728 410.153 
-7 -1.0576 1.73598 99 384.681 244.653 
