-3.49077 1.97493 7 8 630.044 473.064 
-4.80195 0.41523 7 21 487.956 276.444 
-5.92999 -1.73451 7 23 401.237 89.5466 
-5.37012 0.037908 7 24 441.66 238.537 
-5.21106 1.44812 7 29 454.328 363.632 
-5.40598 0.152698 7 30 439.055 248.457 
-3.76175 1.7333 7 32 595.466 434.191 
-5.875 -0.508694 7 36 405.992 191.984 
-4.02466 -0.174699 7 39 567.214 220.383 
-5.59816 -0.619665 7 42 424.688 181.388 
-6.33365 0.109205 7 44 378.571 241.417 
-6.25916 0.145289 7 48 382.932 244.453 
-7 -0.503339 4.01391 52 119.108 196.219 
-7 -0.64261 4.44771 54 162.061 182.636 
-7 0.78654 5.75191 68 271.004 300.298 
-7 -0.100249 4.19611 69 140.128 236.273 
-7 -0.527577 4.46053 71 163.806 193.785 
-7 -0.14175 5.47309 72 249.02 226.522 
-7 1.61955 6.53315 73 320.585 352.233 
-7 0.883221 6.2108 82 300.432 302.417 
-7 -0.72299 3.2493 84 25.7195 170.987 
-7 1.46933 5.82185 93 277.325 352.997 
-7 -0.576654 5.65743 96 260.927 189.823 
