-7 0.21307 2.3409 51 518.975 398.601 
-7 -0.29883 -1.326 55 82.9589 342.493 
-7 -0.441068 2.32778 56 510.527 321.516 
-7 -1.05185 -1.49538 60 70.5468 252.065 
-7 -1.45394 1.58819 66 422.938 210.442 
-7 -1.07602 2.04225 70 473.935 251.078 
-7 -1.87164 2.51938 75 516.115 169.22 
-7 0.577231 -1.47952 76 52.1206 457.658 
-7 -1.9255 2.82609 83 546.305 164.488 
-7 -0.72299 3.2493 84 604.597 289.55 
-7 -0.166603 0.216342 87 271.564 356.534 
-7 0.312724 -0.335245 92 202.57 418.312 
-7 -1.0576 1.73598 99 441.276 252.934 
