5.64257 -0.481715 -7 109 256.311 135.487 
2.26927 0.767181 -7 111 571.86 308.819 
2.74139 -0.240151 -7 113 522.423 169.014 
6.30632 -1.54879 -7 115 220.861 43.8587 
4.50714 -1.04124 -7 119 342.088 77.5024 
2.98659 0.138239 -7 123 484.728 214.385 
4.46367 -0.542201 -7 125 341.957 129.756 
6.6867 0.183154 -7 127 196.238 187.577 
6.46481 -1.88245 -7 128 213.081 16.2401 
3.77354 -0.887468 -7 133 408.98 89.7139 
6.08103 -0.977971 -7 134 231.816 92.4121 
3.34213 1.4046 -7 137 428.406 350.19 
4.29646 -0.0380129 -7 139 352.193 182.314 
6.59087 -1.1778 -7 141 204.411 77.8418 
4.8725 1.3091 -7 142 298.642 302.687 
6.26277 1.2623 -7 143 214.934 275.159 
1.9715 1.13953 -7 144 610.815 368.482 
6.4687 -1.97232 -7 149 213.129 8.36873 
7 -1.59791 -6.35011 157 138.154 31.3212 
7 1.75895 -5.06184 159 21.4741 333.192 
7 -0.863938 -6.09367 166 116.847 92.3164 
7 1.33843 -4.95324 172 8.51137 295.941 
7 0.759759 -5.08223 173 21.3631 238.707 
7 0.831841 -5.58946 182 72.6804 241.93 
7 1.69172 -5.79597 183 91.4511 313.073 
7 0.781169 -6.98961 200 179.531 230.39 
