-1.97014 0.361326 7 3 0.277926 0.067043 
-2.93389 0.906698 7 9 0.0272493 0.235769 
-2.14837 -1.21575 7 10 0.185781 -0.364662 
-4.80195 0.41523 7 21 -0.350894 0.129262 
-3.28746 -0.347612 7 22 -0.073363 -0.0831795 
-5.92999 -1.73451 7 23 -0.515901 -0.266079 
-5.37012 0.037908 7 24 -0.439222 0.0574027 
-5.21106 1.44812 7 29 -0.412606 0.359486 
-5.40598 0.152698 7 30 -0.444241 0.0816096 
-2.84657 -0.836733 7 31 0.0182215 -0.223705 
-3.76175 1.7333 7 32 -0.149087 0.450933 
-2.21352 -0.0799941 7 33 0.195236 -0.0531578 
-5.875 -0.508694 7 36 -0.509178 -0.040249 
-4.02466 -0.174699 7 39 -0.219187 -0.0186637 
-3.22548 0.288125 7 40 -0.0509919 0.0744545 
-5.59816 -0.619665 7 42 -0.472105 -0.0689858 
-3.26615 1.27581 7 43 -0.0458288 0.335774 
-6.33365 0.109205 7 44 -0.568019 0.0865464 
-2.70348 -0.732172 7 47 0.0540157 -0.204997 
-6.25916 0.145289 7 48 -0.558837 0.0924201 
