-7 0.21307 2.3409 51 269.09 190.929 
-7 -0.503339 4.01391 52 431.547 129.569 
-7 -0.64261 4.44771 54 467.952 120.16 
-7 -0.441068 2.32778 56 270.99 118.31 
-7 1.81819 2.50338 57 277.841 357.298 
-7 1.50288 1.91462 59 217.47 328.818 
-7 0.78654 5.75191 68 547.934 254.631 
-7 -0.100249 4.19611 69 443.14 170.349 
-7 -1.07602 2.04225 70 242.271 40.1248 
-7 -0.527577 4.46053 71 467.929 131.371 
-7 -0.14175 5.47309 72 538.38 174.289 
-7 1.61955 6.53315 73 588.139 320.073 
-7 1.51818 2.67054 81 295.916 326.592 
-7 0.883221 6.2108 82 576.032 262.67 
-7 -0.72299 3.2493 84 365.528 98.6382 
-7 1.48523 2.57162 86 286.325 323.774 
-7 1.20864 2.59145 88 289.747 295.851 
-7 1.46933 5.82185 93 545.94 310.468 
-7 -0.576654 5.65743 96 555.177 137.11 
-7 -1.0576 1.73598 99 206.078 36.4626 
