5.64257 -0.481715 -7 109 -0.0441905 -0.132136 
2.74139 -0.240151 -7 113 0.558955 -0.0703838 
6.30632 -1.54879 -7 115 -0.12899 -0.32058 
4.50714 -1.04124 -7 119 0.138058 -0.257795 
2.98659 0.138239 -7 123 0.478037 0.0295551 
4.46367 -0.542201 -7 125 0.143535 -0.147727 
6.6867 0.183154 -7 127 -0.169717 -0.0208386 
6.46481 -1.88245 -7 128 -0.147967 -0.376717 
3.77354 -0.887468 -7 133 0.288602 -0.235678 
6.08103 -0.977971 -7 134 -0.101201 -0.220882 
3.34213 1.4046 -7 137 0.366365 0.328692 
4.29646 -0.0380129 -7 139 0.172251 -0.0363457 
6.59087 -1.1778 -7 141 -0.161322 -0.249621 
4.8725 1.3091 -7 142 0.0657867 0.223416 
6.26277 1.2623 -7 143 -0.121638 0.164325 
6.4687 -1.97232 -7 149 -0.148528 -0.39281 
7 -1.59791 -6.35011 157 -0.298748 -0.332713 
7 1.75895 -5.06184 159 -0.508157 0.311656 
7 0.863395 -4.44339 163 -0.661063 0.161574 
7 -0.863938 -6.09367 166 -0.336375 -0.20379 
7 1.33843 -4.95324 172 -0.535068 0.235888 
7 0.759759 -5.08223 173 -0.513147 0.115297 
7 -0.563655 -4.89557 181 -0.568087 -0.158268 
7 0.831841 -5.58946 182 -0.413454 0.113054 
7 1.69172 -5.79597 183 -0.372227 0.258909 
7 0.781169 -6.98961 200 -0.202127 0.0697616 
