5.98522 3.63329 1.2144 752 397.038 412.396 
5.20903 4.97769 -0.50044 755 584.002 189.017 
6.15778 3.33441 -0.551726 764 345.837 195.12 
6.72499 2.35198 -0.698686 765 218.795 184.619 
6.84891 2.13734 -1.72634 766 193.84 78.8195 
7.18459 1.55593 0.710517 768 112.758 349.7 
5.03444 5.28009 -1.71136 772 612.124 45.3443 
5.86576 3.8402 -1.56683 775 409.419 76.6771 
7.65875 0.734657 0.495993 779 13.6577 327.428 
6.87834 2.08637 1.48366 780 179.158 445.398 
5.7277 4.07932 -1.90892 781 441.309 39.5036 
6.61901 2.53554 -1.90015 786 242.415 57.5142 
5.84347 3.87882 -1.54309 787 414.62 80.7283 
5.70086 4.12582 1.37764 788 473.976 433.517 
5.12308 5.12656 1.56711 791 637.856 461.648 
6.3358 3.02608 -0.89504 793 306.789 160.085 
7.07393 1.74759 -1.06522 794 144.954 148.794 
5.18216 5.02423 -0.915456 795 584.688 138.429 
6.99287 1.88799 0.446143 798 156.361 317.879 
5.95878 3.67909 -1.91848 799 385.854 43.3446 
6.6228 2.52897 -1.96054 809 240.836 51.4499 
5.66896 4.18107 1.48268 810 483.796 446.852 
7.13747 1.63753 -1.91994 811 134.504 64.9935 
7.48096 1.04259 -1.87628 812 66.0656 73.978 
7.72815 0.61446 -0.217688 816 3.87392 248.088 
7.65524 0.740743 -1.67984 818 33.9747 97.4794 
5.10188 5.16328 -1.16456 819 602.206 109.333 
6.32015 3.05317 1.6683 821 314.625 471.751 
5.52148 4.43652 -0.0547931 822 506.136 247.483 
5.84215 3.8811 1.25316 824 435.784 417.168 
7.71438 0.638309 -0.336083 827 8.34202 236.371 
7.15574 1.60589 0.615543 828 119.923 339.403 
7.0505 1.78818 -1.26688 833 150.398 131.549 
5.5405 4.40357 -1.44396 835 489.01 86.5767 
6.68672 2.41826 0.33091 836 224.651 303.39 
7.41493 1.15696 -1.61534 839 77.3517 99.9965 
4.99376 5.35056 -0.727822 848 636.814 158.521 
6.64876 2.484 -1.60616 850 236.034 89.5674 
5.62913 4.25005 -0.845981 855 472.75 154.451 
7.47605 1.05111 -1.34417 857 64.3753 127.575 
5.34442 4.7432 -0.804129 863 544.015 154.267 
6.53997 2.67244 -0.861665 866 259.433 164.254 
7.07604 1.74394 0.502742 871 137.796 326.399 
6.4243 2.87279 -0.337461 872 285.192 222.751 
5.87176 3.82982 -1.86513 873 407.631 46.6361 
6.81272 2.20003 1.31801 874 196.063 426.116 
5.30638 4.80908 -0.846641 879 552.27 148.843 
6.67343 2.44128 -1.01357 882 229.447 151.595 
5.48992 4.49117 1.01765 885 526.812 382.45 
6.14997 3.34793 -0.772956 886 347.724 169.3 
6.38369 2.94312 -0.846468 889 294.284 165.283 
6.41 2.89756 1.35706 890 291.89 431.491 
5.33186 4.76494 0.690372 894 567.37 339.883 
5.96932 3.66083 1.41731 895 401.783 436.577 
5.88934 3.79937 -0.91473 896 409.396 152.049 
5.07479 5.21021 -0.592079 897 618.186 176.242 
7.68639 0.686781 -1.10309 898 19.6839 153.365 
7.3611 1.2502 0.0561545 900 77.887 275.641 
7.13224 1.6466 -0.977877 901 131.435 161.127 
6.93416 1.98968 -1.06451 904 174.368 147.937 
4.97651 5.38043 -1.78963 905 623.963 35.2049 
5.14042 5.09654 0.266927 906 613.693 284.456 
6.87866 2.08582 -0.0270921 907 182.248 261.143 
6.77251 2.26967 -0.747548 908 208.814 180.044 
6.05282 3.51621 -1.75001 911 365.262 62.5644 
7.05959 1.77242 -1.7808 914 149.098 78.3846 
5.93483 3.72057 -1.99581 926 393.14 34.0139 
7.703 0.65802 -0.183774 927 10.5663 251.814 
6.12516 3.3909 1.11897 932 360.523 397.802 
6.67513 2.43834 -0.321965 935 228.407 227.889 
7.22829 1.48023 1.7576 937 97.2979 479.7 
6.75528 2.29951 -0.729401 938 211.575 181.627 
5.5287 4.42402 0.271974 943 510.125 286.859 
6.43723 2.85038 1.42602 945 282.392 439.25 
5.34394 4.74403 -0.45553 947 547.66 194.505 
5.85587 3.85734 -1.13495 948 415.446 125.046 
7.05329 1.78334 -1.18945 950 148.929 137.624 
6.22795 3.21288 -0.545567 952 331.402 196.862 
5.80798 3.94029 0.203205 953 436.058 280.968 
6.10007 3.43436 0.816237 960 366.814 362.001 
5.615 4.27453 -0.380425 961 483.325 207.119 
5.29086 4.83597 -1.98418 962 545.152 20.4616 
5.54904 4.38878 0.419383 964 505.752 307.293 
6.0817 3.46619 -1.62949 965 359.119 75.8917 
6.53207 2.68613 -0.981663 967 260.824 149.856 
6.68153 2.42724 -0.314303 968 227.659 228.582 
5.19076 5.00935 -1.7233 970 571.848 46.0262 
7.36792 1.23839 -0.614933 971 82.882 199.881 
5.51039 4.45573 1.34352 972 526.875 429.795 
7.61247 0.814808 -0.677047 978 32.5799 198.099 
6.2372 3.19685 0.871776 983 331.47 365.844 
5.51818 4.44223 -1.47775 990 493.128 82.799 
5.75493 4.03217 1.14041 991 458.439 400.836 
5.53617 4.41107 -1.97751 993 486.631 28.7376 
5.97808 3.64567 0.0489525 995 393.606 264.892 
6.58202 2.59961 -0.970701 999 249.411 152.618 
