-7 0.21307 2.3409 51 0.237792 0.289651 
-7 -0.503339 4.01391 52 0.584077 0.114947 
-7 -0.64261 4.44771 54 0.665846 0.0842316 
-7 -0.441068 2.32778 56 0.230076 0.130768 
-7 -1.45394 1.58819 66 0.0568084 -0.110235 
-7 -0.100249 4.19611 69 0.626557 0.20513 
-7 -1.07602 2.04225 70 0.161949 -0.0194397 
-7 -0.527577 4.46053 71 0.670326 0.109388 
-7 -1.87164 2.51938 75 0.261452 -0.195468 
-7 -1.9255 2.82609 83 0.325586 -0.203795 
-7 -0.72299 3.2493 84 0.426266 0.065251 
-7 -0.166603 0.216342 87 -0.288427 0.205536 
-7 0.312724 -0.335245 92 -0.446592 0.339965 
-7 -1.0576 1.73598 99 0.0920863 -0.0165282 
