6.30632 -1.54879 -7 115 0.599627 -0.210126 
6.6867 0.183154 -7 127 0.574143 0.0991977 
6.46481 -1.88245 -7 128 0.567244 -0.254902 
6.08103 -0.977971 -7 134 0.652005 -0.123682 
6.59087 -1.1778 -7 141 0.56172 -0.133431 
6.26277 1.2623 -7 143 0.673688 0.301377 
6.4687 -1.97232 -7 149 0.564853 -0.269055 
7 -0.0623122 -3.31422 152 -0.0417597 0.0518617 
7 0.36994 -1.65205 155 -0.440302 0.15605 
7 -1.59791 -6.35011 157 0.418576 -0.191613 
7 1.75895 -5.06184 159 0.29041 0.419046 
7 0.343459 -2.54532 160 -0.209118 0.144396 
7 1.08732 -1.94397 162 -0.365363 0.342 
7 0.863395 -4.44339 163 0.17651 0.243475 
7 -0.724268 -3.10497 165 -0.0870883 -0.0915991 
7 -0.863938 -6.09367 166 0.397742 -0.0765294 
7 1.33843 -4.95324 172 0.267058 0.334015 
7 0.759759 -5.08223 173 0.27925 0.215523 
7 -0.518283 -3.0968 179 -0.0881149 -0.0479984 
7 0.741437 -4.00824 180 0.0979012 0.222691 
7 -0.563655 -4.89557 181 0.233095 -0.0369613 
7 0.831841 -5.58946 182 0.355802 0.224576 
7 1.69172 -5.79597 183 0.399307 0.387639 
7 -0.746732 -0.782938 186 -0.685634 -0.144783 
7 0.0865561 -4.29161 189 0.141981 0.0850188 
7 -1.97934 -4.46413 190 0.149962 -0.300231 
7 -1.56385 -0.742436 193 -0.681279 -0.353474 
7 0.781169 -6.98961 200 0.536329 0.203445 
