-7 -1.78251 -2.62609 53 -0.343225 -0.362031 
-7 -0.29883 -1.326 55 -0.0731387 -0.0413763 
-7 0.46862 -2.98529 58 -0.462086 0.135886 
-7 -1.05185 -1.49538 60 -0.10595 -0.213606 
-7 -1.03485 -3.75523 61 -0.589368 -0.199133 
-7 -0.184126 -2.39523 62 -0.319489 -0.0149144 
-7 1.26508 -0.184774 63 0.208671 0.363742 
-7 -1.45394 1.58819 66 0.658364 -0.327779 
-7 0.577231 -1.47952 76 -0.117662 0.170946 
-7 -1.86155 -2.22478 77 -0.25742 -0.382067 
-7 0.821262 -3.48263 80 -0.578389 0.216664 
-7 -0.166603 0.216342 87 0.309306 -0.00870577 
-7 1.69039 -1.92004 89 -0.238126 0.453968 
-7 0.312724 -0.335245 92 0.168094 0.110611 
-7 -1.56958 -3.12031 95 -0.44915 -0.314092 
-7 -1.20087 -3.87679 97 -0.609605 -0.233109 
-7 1.52805 -2.92335 98 -0.471477 0.397084 
