7.15996 -3.9491 0.231069 501 86.6717 155.092 
7.75999 -3.60267 0.808332 502 150.767 206.65 
9.29836 -2.71449 1.94602 503 270.803 274.934 
9.54954 -2.56948 1.62614 504 283.61 251.228 
9.1254 -2.81435 -0.972402 505 248.599 64.2366 
7.62157 -3.68259 0.309022 516 138.227 164.557 
7.24861 -3.89792 -1.1423 520 78.8767 15.0287 
9.51565 -2.58904 1.12107 521 281.149 217.66 
8.29682 -3.29273 -0.961132 526 187.937 54.2096 
7.67594 -3.6512 1.18816 529 148.575 240.779 
9.28962 -2.71954 -1.63781 531 257.852 15.0692 
7.01301 -4.03394 -0.97463 534 54.0596 25.7206 
7.77252 -3.59544 -0.54676 544 143.644 83.9564 
8.80092 -3.00169 1.19755 545 238.06 228.497 
8.06725 -3.42528 1.6113 573 186.083 269.638 
7.62174 -3.68249 1.0201 577 140.524 229.001 
6.59806 -4.27351 1.37278 589 26.2237 277.072 
8.43181 -3.2148 -0.531218 590 200.409 94.8213 
7.71485 -3.62873 -1.31027 594 131.266 7.87865 
8.52047 -3.16361 0.124086 605 213.522 148 
8.21821 -3.33812 0.87683 609 194.007 209.474 
8.95105 -2.91501 -0.0284258 613 243.09 135.102 
8.58134 -3.12847 1.5153 614 224.749 257.356 
8.24406 -3.3232 1.57934 624 199.187 266.462 
8.37201 -3.24932 -1.42691 633 191.112 16.8499 
7.92744 -3.50599 0.853241 634 169.753 209.491 
7.04767 -4.01393 1.30024 635 83.843 261.353 
7.74644 -3.6105 0.0375105 649 145.655 138.161 
7.0982 -3.98476 0.68195 653 83.8429 201.909 
7.02559 -4.02668 0.448994 659 71.9734 177.586 
8.5643 -3.13831 0.571234 665 217.677 185.154 
8.78782 -3.00925 1.27741 666 237.352 237.37 
8.98332 -2.89638 -0.0875092 671 242.889 130.875 
9.50215 -2.59683 -1.80067 679 270.064 7.11803 
8.96859 -2.90489 1.45636 680 250.789 246.623 
9.51544 -2.58916 0.00507541 681 275.164 141.04 
8.52145 -3.16304 1.28747 684 218.957 236.792 
7.92479 -3.50752 1.32245 688 171.978 249.467 
8.15199 -3.37635 -0.280505 689 180.057 113.527 
8.26763 -3.30959 0.733282 692 198.224 197.188 
8.01947 -3.45286 0.702216 699 176.241 195.579 
7.30395 -3.86597 1.05537 703 109.259 233.865 
7.22497 -3.91156 0.961317 706 98.3837 226.628 
8.16644 -3.36801 1.19775 712 190.09 234.681 
8.51548 -3.16649 1.61138 714 221.574 264.707 
6.58729 -4.27973 1.46929 725 28.3054 288.596 
9.11375 -2.82108 -0.331225 726 251.877 113.297 
7.50171 -3.75179 -1.28329 731 108.724 7.99951 
7.13639 -3.96271 -0.718485 732 70.1248 57.4303 
9.21579 -2.76217 -1.66979 736 251.868 12.3605 
9.10626 -2.8254 1.29642 737 259.648 233.812 
6.72719 -4.19896 0.433244 741 34.1675 177.631 
8.61615 -3.10837 -1.12108 742 213.878 45.8393 
8.54451 -3.14973 -0.0560757 747 213.81 133.526 
7.49302 -3.75681 0.49302 748 124.944 179.442 
9.02166 -1.62597 0.310692 751 335.574 159.751 
8.84921 -1.32728 1.80752 757 363.85 272.103 
9.23701 -1.99898 0.725578 758 314.777 189.241 
8.51992 -0.756939 0.408137 759 405.963 164.173 
7.75054 0.575679 1.75169 773 541.14 294.721 
8.11102 -0.0486967 -1.08378 774 476.886 10.9471 
7.65875 0.734657 0.495993 779 570.02 165.304 
9.27207 -2.0597 -0.388348 784 309.629 106.949 
7.7677 0.545948 0.346374 797 544.925 149.343 
8.5833 -0.866718 0.816146 801 397.506 196.453 
8.79364 -1.23104 1.71911 805 369.595 267.889 
7.79816 0.49319 1.85753 808 531.993 300.398 
7.81192 0.469365 1.38832 814 531.975 258.862 
8.27608 -0.334586 -0.00492856 815 445.443 123.544 
7.72815 0.61446 -0.217688 816 554.841 89.7728 
8.79838 -1.23924 -0.076131 817 365.514 126.306 
8.9917 -1.57408 -0.263508 820 342.301 112.886 
7.71438 0.638309 -0.336083 827 560.519 74.4273 
8.37839 -0.511796 0.804967 830 427.666 195.78 
7.85255 0.39899 0.707979 831 525.184 187.669 
9.00086 -1.58994 1.58986 834 344.53 255.661 
8.05704 0.0447927 0.347131 837 486.074 152.596 
8.22434 -0.244979 -0.782358 838 455.407 47.3249 
8.81824 -1.27364 -0.967993 842 363.844 52.4091 
9.4474 -2.36338 -1.09642 844 288.455 58.4371 
8.71228 -1.09011 -0.848161 845 376.382 57.2041 
8.83929 -1.31011 1.12568 849 364.86 222.244 
8.421 -0.585604 -0.76008 856 422.645 55.6476 
8.71634 -1.09715 -1.05762 862 375.694 39.0832 
8.05963 0.040311 0.283874 878 483.849 147.711 
8.79205 -1.22828 1.24024 880 369.482 231.297 
9.26617 -2.04948 1.18971 881 316.015 224.043 
8.55161 -0.811824 0.960383 887 403.217 210.337 
8.75985 -1.1725 0.775444 893 371.261 195.214 
8.49526 -0.714226 0.0445874 902 411.493 131.382 
9.19568 -1.92739 0.768329 913 319.818 194.174 
7.703 0.65802 -0.183774 927 562.167 90.1286 
8.84897 -1.32687 1.20156 929 360.046 227.047 
8.21418 -0.227369 1.2496 933 455.524 237.065 
8.99498 -1.57975 1.82216 934 345.685 270.658 
8.51325 -0.745376 -0.600431 941 409.434 74.4325 
8.81557 -1.26902 -1.19832 944 361.523 30.836 
8.73736 -1.13355 1.94259 946 378.226 283.769 
7.78699 0.51253 1.89064 949 535.34 304.938 
8.23755 -0.267852 -0.0508432 959 451.52 117.942 
9.40671 -2.2929 1.01021 963 301.101 211.767 
8.33271 -0.432673 -0.868744 976 437.476 43.4501 
7.61247 0.814808 -0.677047 978 586.88 30.6685 
9.36968 -2.22876 1.49865 979 304.958 245.335 
9.47971 -2.41934 0.180696 982 288.47 151.415 
8.14802 -0.112783 1.12075 986 467.027 225.275 
8.42012 -0.584075 0.413676 987 422.268 163.509 
8.18073 -0.169436 -0.844467 988 462.462 38.3856 
9.45187 -2.37112 -1.5872 989 285.901 22.4514 
8.99905 -1.58682 1.73484 994 345.376 263.378 
8.82589 -1.28688 1.75285 1000 365.855 270.292 
