-5.875 -0.508694 7 36 0.671111 -0.351134 
-6.33365 0.109205 7 44 0.559892 -0.224898 
-6.25916 0.145289 7 48 0.571426 -0.217808 
-7 0.21307 2.3409 51 -0.357244 -0.307264 
-7 -0.503339 4.01391 52 0.0316596 -0.423513 
-7 -0.64261 4.44771 54 0.114915 -0.438257 
-7 -0.441068 2.32778 56 -0.358042 -0.485548 
-7 1.81819 2.50338 57 -0.32388 0.0812548 
-7 1.50288 1.91462 59 -0.474545 0.01279 
-7 0.78654 5.75191 68 0.282797 -0.123682 
-7 -0.100249 4.19611 69 0.0575992 -0.326153 
-7 -0.527577 4.46053 71 0.114538 -0.412068 
-7 -0.14175 5.47309 72 0.267452 -0.301602 
-7 1.61955 6.53315 73 0.36112 0.0182996 
-7 1.51818 2.67054 81 -0.282422 0.0132081 
-7 0.883221 6.2108 82 0.340681 -0.103587 
-7 -0.72299 3.2493 84 -0.124293 -0.512153 
-7 1.48523 2.57162 86 -0.305626 0.00615035 
-7 1.20864 2.59145 88 -0.299097 -0.0572851 
-7 1.46933 5.82185 93 0.275227 -0.00460962 
-7 -0.576654 5.65743 96 0.305799 -0.382437 
