-3.17768 1.79522 -7 101 388.874 469.966 
-5.46333 -1.29075 -7 102 623.655 146.205 
-4.55559 -0.250499 -7 105 541.973 242.595 
-2.11042 -0.0563179 -7 106 291.051 242.224 
-5.09885 0.316864 -7 107 576.419 304.36 
-6.22725 1.4028 -7 110 639.344 406.78 
-5.05591 -0.451909 -7 117 583.34 226.137 
-3.07632 -1.96878 -7 120 429.795 15.1427 
-3.56835 0.827876 -7 121 440.622 357.028 
-2.10211 -0.684594 -7 129 298.644 157.521 
-3.11373 -0.303232 -7 130 410.386 222.157 
-1.59533 0.795126 -7 132 210.001 355.301 
-3.58737 1.4874 -7 135 433.72 431.109 
-0.615215 -0.161545 -7 146 65.3367 206.308 
-5.05277 -1.83336 -7 148 601.647 82.8438 
