-7 -1.78251 -2.62609 53 231.635 25.8597 
-7 -0.29883 -1.326 55 362.849 177.234 
-7 0.46862 -2.98529 58 188.9 258.633 
-7 -1.05185 -1.49538 60 346.008 94.9015 
-7 -1.03485 -3.75523 61 124.195 107.566 
-7 -0.184126 -2.39523 62 249.105 190.707 
-7 1.26508 -0.184774 63 496.332 363.424 
-7 1.34911 -4.82912 74 22.4694 339.138 
-7 0.577231 -1.47952 76 343.556 275.045 
-7 -1.86155 -2.22478 77 271.688 14.2594 
-7 0.821262 -3.48263 80 140.994 293.349 
-7 -0.166603 0.216342 87 549.789 191.011 
-7 1.69039 -1.92004 89 292.42 397.062 
-7 -0.295975 -5.19552 90 1.30836 181.784 
-7 1.40697 -4.3308 91 63.6264 347.909 
-7 0.312724 -0.335245 92 478.6 247.991 
-7 -1.56958 -3.12031 95 183.833 51.1114 
-7 -1.20087 -3.87679 97 114.234 91.9366 
-7 1.52805 -2.92335 98 190.833 370.476 
