1.69792 -0.977731 -7 104 -0.591015 -0.173099 
2.26927 0.767181 -7 111 -0.672362 0.433764 
-0.689565 -1.47331 -7 112 0.150427 -0.486854 
-0.235026 1.16667 -7 114 0.1758 0.405032 
-0.0787955 1.33173 -7 116 0.135131 0.470216 
0.474792 -0.485198 -7 124 -0.164295 -0.09263 
-2.10211 -0.684594 -7 129 0.664086 -0.324756 
-1.59533 0.795126 -7 132 0.600428 0.193278 
1.03314 -1.58354 -7 136 -0.413148 -0.410477 
0.97797 0.750031 -7 138 -0.25068 0.345003 
1.45576 0.553777 -7 145 -0.419425 0.310921 
-0.615215 -0.161545 -7 146 0.212514 -0.0578113 
0.206379 -1.0164 -7 147 -0.11072 -0.281926 
