5.64257 -0.481715 -7 109 -0.0288296 -0.118016 
2.74139 -0.240151 -7 113 0.579638 -0.0586498 
6.30632 -1.54879 -7 115 -0.114973 -0.304868 
4.50714 -1.04124 -7 119 0.153023 -0.243951 
2.98659 0.138239 -7 123 0.498819 0.0417828 
4.46367 -0.542201 -7 125 0.15948 -0.134332 
6.6867 0.183154 -7 127 -0.153792 -0.00672194 
6.46481 -1.88245 -7 128 -0.134287 -0.36041 
3.77354 -0.887468 -7 133 0.304656 -0.222692 
6.08103 -0.977971 -7 134 -0.0865301 -0.206034 
3.34213 1.4046 -7 137 0.388966 0.342471 
4.29646 -0.0380129 -7 139 0.189352 -0.0232753 
6.59087 -1.1778 -7 141 -0.146824 -0.234278 
4.8725 1.3091 -7 142 0.0843672 0.236865 
6.26277 1.2623 -7 143 -0.104434 0.177943 
6.4687 -1.97232 -7 149 -0.13495 -0.376351 
7 -1.59791 -6.35011 157 -0.283389 -0.314939 
7 1.75895 -5.06184 159 -0.486771 0.328203 
7 0.863395 -4.44339 163 -0.637555 0.180263 
7 -0.863938 -6.09367 166 -0.319788 -0.186597 
7 1.33843 -4.95324 172 -0.513547 0.252912 
7 0.759759 -5.08223 173 -0.492415 0.132632 
7 -0.563655 -4.89557 181 -0.547319 -0.13812 
7 0.831841 -5.58946 182 -0.394247 0.129277 
7 1.69172 -5.79597 183 -0.352883 0.274283 
7 0.0865561 -4.29161 189 -0.68927 0.0107808 
7 -1.97934 -4.46413 190 -0.675019 -0.479925 
7 0.781169 -6.98961 200 -0.185664 0.0836874 
