-7 -0.29883 -1.326 55 516.967 156.541 
-7 0.46862 -2.98529 58 330.79 240.958 
-7 -1.05185 -1.49538 60 498.321 63.476 
-7 -1.03485 -3.75523 61 254.551 89.0683 
-7 -0.184126 -2.39523 62 389.728 172.946 
-7 0.0943094 -5.21035 64 147.648 202.083 
-7 1.11392 -6.02536 65 102.576 283.612 
-7 0.886694 -5.35798 67 143.473 268.823 
-7 1.34911 -4.82912 74 183.108 310.296 
-7 0.577231 -1.47952 76 493.575 259.212 
-7 0.694743 -5.33965 78 143.283 252.997 
-7 1.12101 -6.65735 79 65.5045 280.831 
-7 0.821262 -3.48263 80 286.443 272.849 
-7 -1.84392 -6.0007 85 77.9011 32.0749 
-7 1.69039 -1.92004 89 439.737 372.429 
-7 -0.295975 -5.19552 90 145.73 167.628 
-7 1.40697 -4.3308 91 220.055 319.191 
-7 0.592834 -6.66606 94 60.2764 240.612 
-7 -1.56958 -3.12031 95 312.146 23.2262 
-7 -1.20087 -3.87679 97 243.008 72.8062 
-7 1.52805 -2.92335 98 338.84 343.858 
-7 -0.609874 -5.90804 100 95.2887 142.044 
-6.46998 0.52855 -7 150 0.348073 241.423 
