1.69792 -0.977731 -7 104 627.308 8.31614 
5.64257 -0.481715 -7 109 189.098 76.5723 
2.26927 0.767181 -7 111 482.446 255.327 
2.74139 -0.240151 -7 113 446.028 115.646 
4.50714 -1.04124 -7 119 279.08 17.9628 
2.98659 0.138239 -7 123 407.922 161.052 
4.46367 -0.542201 -7 125 275.622 72.3842 
6.6867 0.183154 -7 127 123.739 130.93 
3.77354 -0.887468 -7 133 343.74 32.6195 
6.08103 -0.977971 -7 134 166.659 30.2749 
3.34213 1.4046 -7 137 345.796 299.121 
4.29646 -0.0380129 -7 139 282.392 127.14 
6.59087 -1.1778 -7 141 139.151 13.87 
4.8725 1.3091 -7 142 221.462 252.283 
6.26277 1.2623 -7 143 137.729 224.114 
1.9715 1.13953 -7 144 513.828 313.608 
1.45576 0.553777 -7 145 614.66 250.332 
7 -0.863938 -6.09367 166 38.0543 14.6039 
7 0.781169 -6.98961 200 103.487 176.434 
