-7 0.46862 -2.98529 58 546.495 220.541 
-7 -1.03485 -3.75523 61 450.482 68.1523 
-7 -0.184126 -2.39523 62 622.879 137.65 
-7 0.0943094 -5.21035 64 335.209 196.793 
-7 1.11392 -6.02536 65 290.684 279.729 
-7 0.886694 -5.35798 67 331.78 263.121 
-7 1.34911 -4.82912 74 374.198 302.861 
-7 0.694743 -5.33965 78 331.376 247.469 
-7 1.12101 -6.65735 79 254.763 278.784 
-7 0.821262 -3.48263 80 491.9 258.624 
-7 -1.84392 -6.0007 85 264.025 42.1849 
-7 -0.295975 -5.19552 90 332.775 163.01 
-7 1.40697 -4.3308 91 415.093 310.731 
-7 0.592834 -6.66606 94 249.42 240.947 
-7 -1.20087 -3.87679 97 436.893 53.3448 
-7 1.52805 -2.92335 98 559.288 334.113 
-7 -0.609874 -5.90804 100 281.945 143.989 
-5.46333 -1.29075 -7 102 107.314 93.3884 
-4.55559 -0.250499 -7 105 35.9745 196.557 
-5.09885 0.316864 -7 107 100.202 245.426 
-6.22725 1.4028 -7 110 197.332 313.183 
-5.05591 -0.451909 -7 117 83.8103 172.9 
-6.20015 -0.954561 -7 122 168.369 127.335 
-6.2831 -0.370457 -7 140 180.812 174.994 
-5.05277 -1.83336 -7 148 59.6734 33.5851 
-6.46998 0.52855 -7 150 202.335 243.221 
