-2.93389 0.906698 7 9 512.466 392.457 
-2.14837 -1.21575 7 10 561.273 98.24 
-4.80195 0.41523 7 21 315.422 345.514 
-3.28746 -0.347612 7 22 439.16 243.87 
-5.92999 -1.73451 7 23 216.264 175.896 
-5.37012 0.037908 7 24 270.14 314.851 
-5.21106 1.44812 7 29 300.551 446.993 
-5.40598 0.152698 7 30 269.308 325.501 
-2.84657 -0.836733 7 31 478.32 174.515 
-2.21352 -0.0799941 7 33 587.006 250.858 
-5.875 -0.508694 7 36 232.758 273.554 
-4.02466 -0.174699 7 39 369.691 277.123 
-3.22548 0.288125 7 40 460.735 317.104 
-5.59816 -0.619665 7 42 247.634 260.268 
-3.26615 1.27581 7 43 479.917 439.23 
-6.33365 0.109205 7 44 214.345 329.068 
-2.70348 -0.732172 7 47 498.734 182.011 
-6.25916 0.145289 7 48 218.715 331.483 
-7 0.78654 5.75191 68 92.0786 414.792 
-7 -0.14175 5.47309 72 57.3522 332.485 
-7 1.61955 6.53315 73 163.847 466.868 
-7 0.883221 6.2108 82 132.264 411.513 
-7 1.46933 5.82185 93 104.714 478.139 
-7 -0.576654 5.65743 96 71.5461 290.205 
