5.64257 -0.481715 -7 109 0.075879 -0.0379677 
6.30632 -1.54879 -7 115 -0.0201046 -0.215249 
4.50714 -1.04124 -7 119 0.257188 -0.169059 
2.98659 0.138239 -7 123 0.650047 0.104912 
4.46367 -0.542201 -7 125 0.270612 -0.061432 
6.6867 0.183154 -7 127 -0.0470151 0.076063 
6.46481 -1.88245 -7 128 -0.0417416 -0.267135 
3.77354 -0.887468 -7 133 0.418171 -0.155158 
6.08103 -0.977971 -7 134 0.0128753 -0.121484 
3.34213 1.4046 -7 137 0.553499 0.423526 
4.29646 -0.0380129 -7 139 0.309159 0.0484421 
6.59087 -1.1778 -7 141 -0.0492098 -0.146119 
4.8725 1.3091 -7 142 0.213465 0.316667 
6.26277 1.2623 -7 143 0.0117171 0.259804 
6.4687 -1.97232 -7 149 -0.0430468 -0.282192 
7 -1.59791 -6.35011 157 -0.181558 -0.213786 
7 1.75895 -5.06184 159 -0.350468 0.426312 
7 0.863395 -4.44339 163 -0.490778 0.285419 
7 -0.863938 -6.09367 166 -0.210745 -0.0889343 
7 1.33843 -4.95324 172 -0.376849 0.35182 
7 0.759759 -5.08223 173 -0.360148 0.231607 
7 0.741437 -4.00824 180 -0.598749 0.284502 
7 -0.563655 -4.89557 181 -0.415288 -0.0269752 
7 0.831841 -5.58946 182 -0.26993 0.223319 
7 1.69172 -5.79597 183 -0.227027 0.366548 
7 0.0865561 -4.29161 189 -0.539013 0.123772 
7 -1.97934 -4.46413 190 -0.532174 -0.334059 
7 0.781169 -6.98961 200 -0.0758108 0.166834 
