1.69792 -0.977731 -7 104 -0.272319 -0.0239574 
2.77254 -1.94854 -7 108 -0.587631 -0.266412 
-0.689565 -1.47331 -7 112 0.484185 -0.281668 
2.74139 -0.240151 -7 113 -0.558873 0.23451 
2.98659 0.138239 -7 123 -0.622433 0.357737 
0.474792 -0.485198 -7 124 0.125776 0.0917929 
-1.05355 -1.5594 -7 126 0.610969 -0.328523 
-1.30535 -1.94469 -7 131 0.681954 -0.468193 
1.03314 -1.58354 -7 136 -0.0876412 -0.23535 
1.45576 0.553777 -7 145 -0.160892 0.466464 
-0.615215 -0.161545 -7 146 0.524361 0.168266 
0.206379 -1.0164 -7 147 0.195382 -0.0925883 
