-7 0.21307 2.3409 51 230.707 146.412 
-7 -0.503339 4.01391 52 398.374 88.8799 
-7 -0.64261 4.44771 54 435.378 80.6346 
-7 -0.441068 2.32778 56 232.433 70.5322 
-7 1.81819 2.50338 57 240.302 316.344 
-7 1.50288 1.91462 59 177.762 286.569 
-7 0.78654 5.75191 68 512.082 219.416 
-7 -0.100249 4.19611 69 409.543 131.233 
-7 -0.527577 4.46053 71 435.162 92.1759 
-7 -0.14175 5.47309 72 504.624 138.536 
-7 1.61955 6.53315 73 549.46 284.83 
-7 1.51818 2.67054 81 258.77 285.812 
-7 0.883221 6.2108 82 539.305 228.094 
-7 -0.72299 3.2493 84 331.044 53.9536 
-7 1.48523 2.57162 86 248.929 282.789 
-7 1.20864 2.59145 88 252.4 254.63 
-7 1.46933 5.82185 93 508.78 274.604 
-7 -0.576654 5.65743 96 522.162 101.416 
