4.32541 -5.58563 0.848861 506 609.425 402.134 
3.31453 -6.16926 -0.82277 507 405.677 181.42 
2.55081 -6.61019 -1.05696 510 275.212 168.58 
1.01972 -7.49417 -0.323822 518 51.9848 302.13 
1.55304 -7.18626 -0.142317 519 136.264 315.208 
4.45282 -5.51207 0.330289 528 622.019 324.461 
3.62183 -5.99184 -0.708902 530 459.364 190.302 
1.74656 -7.07452 -0.649775 536 155.83 240.03 
3.84209 -5.86467 0.762035 537 524.898 400.729 
4.08321 -5.72546 -0.0501395 541 552.609 277.096 
4.14699 -5.68864 -0.0739802 553 561.118 273.61 
2.76135 -6.48864 -0.835611 556 315.019 193.577 
2.50813 -6.63483 -1.62398 557 259.484 89.0913 
0.766945 -7.64011 0.115194 558 20.7262 365.133 
0.990941 -7.51078 -1.55331 559 27.7292 135.542 
1.77128 -7.06025 -1.32111 560 149.278 147.787 
4.17332 -5.67344 0.684667 567 581.046 382.356 
4.08949 -5.72184 0.309736 570 559.432 330.095 
1.27527 -7.34662 -0.861902 571 82.378 221.432 
4.78434 -5.32066 -1.81187 575 639.738 2.43439 
2.35211 -6.72491 -1.73362 576 232.861 77.4896 
2.61049 -6.57574 0.28437 581 310.535 356.077 
1.33215 -7.31379 -0.490916 582 96.7839 271.413 
0.848258 -7.59316 -0.946016 591 14.8362 220.725 
1.26618 -7.35187 -0.159086 592 91.8075 318.457 
3.5218 -6.04959 -1.73721 596 423.704 45.8715 
2.00616 -6.92464 -1.64027 600 180.324 99.1668 
2.48133 -6.65031 0.492331 604 292.952 385.554 
2.61487 -6.57321 0.0112596 607 307.058 316.374 
2.89706 -6.41029 -1.2274 611 329.821 135.895 
2.4848 -6.64831 0.119285 615 287.273 333.521 
2.90013 -6.40851 0.80747 626 367.039 423.274 
2.77919 -6.47834 -1.67587 627 303.193 72.792 
3.2896 -6.18365 -0.831285 632 401.035 182.759 
0.695133 -7.68157 0.336635 637 14.7938 395.8 
3.83992 -5.86592 -0.579006 640 498.586 206.912 
2.18105 -6.82367 0.572736 650 248.213 401.37 
2.35902 -6.72093 0.562621 651 275.406 397.915 
3.74064 -5.92325 -1.9671 654 454.263 7.79339 
1.77898 -7.05581 0.424263 655 181.554 389.218 
1.12851 -7.43136 0.338853 661 79.3747 388.318 
4.05549 -5.74146 -0.254187 669 542.141 246.185 
2.3244 -6.74091 -0.546464 673 249.258 243.172 
3.62073 -5.99248 0.99023 683 491.031 435.304 
1.16029 -7.41301 -1.93088 690 44.4605 80.1508 
4.226 -5.64302 0.28797 691 581.889 323.094 
1.43203 -7.25612 -1.20582 693 98.1925 168.89 
3.83179 -5.87062 1.26855 694 532.062 474.595 
0.676712 -7.6922 0.794688 695 21.5785 456.349 
2.99296 -6.35491 0.665465 696 382.639 399.683 
0.735422 -7.65831 -0.141939 702 13.0103 331.594 
4.30182 -5.59925 -1.21577 708 566.249 101.904 
2.02484 -6.91386 0.215523 713 215.126 357.386 
2.26921 -6.77278 -0.294944 715 244.52 278.948 
1.12928 -7.43091 0.660268 716 86.5653 432.456 
1.34298 -7.30754 -1.15975 722 86.3596 179.409 
4.48631 -5.49273 -1.46496 723 594.175 60.5022 
3.52361 -6.04855 -0.447866 727 449.926 231.598 
4.48121 -5.49568 0.424736 739 630.068 336.247 
3.90444 -5.82868 0.777906 744 534.898 402.271 
2.78119 -6.47718 -1.18276 749 312.32 143.417 
