-3.17768 1.79522 -7 101 470.647 404.462 
-4.55559 -0.250499 -7 105 618.363 164.559 
-2.11042 -0.0563179 -7 106 358.873 176.141 
-0.235026 1.16667 -7 114 78.2788 358.132 
-0.0787955 1.33173 -7 116 51.4183 385.424 
-1.66978 1.93068 -7 118 294.661 443.352 
-3.56835 0.827876 -7 121 517.111 288.798 
-2.10211 -0.684594 -7 129 360.71 87.9614 
-3.11373 -0.303232 -7 130 478.414 149.49 
-1.59533 0.795126 -7 132 287.814 293.247 
-3.58737 1.4874 -7 135 513.972 364.759 
-0.615215 -0.161545 -7 146 139.973 150.438 
