-7 0.21307 2.3409 51 0.197662 0.260692 
-7 -0.503339 4.01391 52 0.541654 0.0899188 
-7 -0.64261 4.44771 54 0.622411 0.0600899 
-7 -0.441068 2.32778 56 0.192049 0.103867 
-7 -1.45394 1.58819 66 0.0215717 -0.137771 
-7 -0.100249 4.19611 69 0.581335 0.178689 
-7 -1.07602 2.04225 70 0.126001 -0.0459429 
-7 -0.527577 4.46053 71 0.626225 0.0848698 
-7 -1.87164 2.51938 75 0.227621 -0.221395 
-7 -1.9255 2.82609 83 0.291762 -0.229071 
-7 -0.72299 3.2493 84 0.387308 0.0400102 
-7 -0.166603 0.216342 87 -0.327883 0.176095 
-7 1.20864 2.59145 88 0.259073 0.503881 
-7 0.312724 -0.335245 92 -0.487797 0.309529 
-7 -1.0576 1.73598 99 0.0560906 -0.0435503 
