1.50492 8.95177 -1.01173 5 344.189 231.55 
-0.0798114 8.03682 -1.36918 7 507.058 173.812 
2.56137 9.56171 -1.26435 9 270.765 221.56 
-0.178643 7.97976 0.508014 11 533.145 400.115 
0.882168 8.59222 -0.707979 12 398.511 256.59 
0.899845 8.60243 -1.45278 14 394.339 184.975 
-0.882633 7.57332 -1.15265 15 639.246 180.558 
0.308716 8.26114 -0.602419 18 462.336 263.483 
-0.834292 7.60122 -0.745649 20 636.117 237.318 
1.53151 8.96712 0.925447 27 343.196 409.471 
1.89409 9.17646 -0.898766 30 314.531 243.118 
1.20489 8.77855 1.35968 34 372.685 463.036 
0.643979 8.45471 0.172026 37 427.208 347.381 
1.0009 8.66077 1.01151 39 390.717 429.378 
1.35417 8.86473 -1.19204 41 357.347 214.079 
2.2299 9.37034 -1.63427 48 290.524 186.773 
-0.421209 7.83972 -1.17149 54 558.801 190.45 
-0.449959 7.82312 -0.349133 56 569.652 292.692 
1.11916 8.72905 0.11871 59 379.242 337.822 
2.502 9.52743 1.21213 60 273.21 417.06 
0.976565 8.64672 0.659001 63 392.171 393.869 
2.48091 9.51526 -1.52748 64 278.503 198.658 
1.84359 9.1473 -0.734752 70 318.301 257.683 
2.0992 9.29488 1.12901 72 302.294 417.214 
2.43447 9.48845 -1.27169 74 277.696 218.214 
0.772201 8.52873 0.816256 76 413.685 415.417 
2.20527 9.35612 0.861552 89 292.792 391.791 
0.17216 8.1823 0.981234 106 485.057 449.778 
-0.30588 7.9063 0.0837691 108 550.302 345.773 
1.53832 8.97105 -0.336704 110 343.212 292.905 
-0.383025 7.86176 0.22409 112 562.751 367.297 
1.39446 8.888 1.03195 114 353.988 424.019 
-0.803108 7.61923 -0.814071 117 628.133 229.183 
1.68572 9.05615 0.970133 121 331.9 411.608 
0.0926466 8.13639 -1.10015 128 487.676 208.14 
1.04442 8.6859 0.452906 133 387.256 372.991 
2.0713 9.27877 -0.869126 143 301.112 249.068 
2.40916 9.47383 1.43867 146 279.587 438.19 
-0.582336 7.74669 0.181318 147 595.804 366.325 
-0.447254 7.82468 0.726916 148 578.272 436.734 
-0.106953 8.02115 -0.188349 150 518.159 312.872 
2.34296 9.43561 0.313575 151 285.428 346.471 
1.8128 9.12952 -1.61907 155 320.461 184.452 
1.66029 9.04147 -0.791988 162 332.858 252.764 
1.18573 8.76749 -1.30616 163 371.041 202.092 
-0.717429 7.6687 0.357392 164 624.52 393.572 
0.827608 8.56072 -0.196826 177 404.687 307.539 
0.817645 8.55497 1.17423 181 409.107 451.405 
-0.0741699 8.04008 -1.61407 185 506.175 144.123 
-0.509556 7.78871 -1.73933 187 570.007 116.682 
1.11154 8.72465 -0.22035 188 377.692 305.91 
-0.560641 7.75922 -0.484044 192 586.09 273.659 
1.01143 8.66685 -1.03298 194 386.79 223.181 
1.63059 9.02433 -0.54542 202 334.491 275.272 
0.530427 8.38915 0.212413 206 436.375 353.488 
-0.0829147 8.03503 0.967789 213 522.677 455.842 
0.498224 8.37055 -0.257251 218 441.932 302.455 
0.842776 8.56948 1.16326 230 408.516 451.354 
2.3848 9.45977 -0.140995 231 282.313 307.973 
1.20088 8.77623 0.396294 235 372.503 363.342 
-0.177513 7.98042 -1.74127 236 518.852 128.054 
-0.477256 7.80736 0.692004 238 582.382 431.813 
2.1672 9.33414 0.137181 241 296.502 333.667 
2.5324 9.54499 -0.521146 243 272.85 278.058 
0.34969 8.2848 -0.208161 246 458.773 309.087 
2.29158 9.40595 0.467399 249 289.229 357.376 
3.95041 7.15768 -0.115486 754 20.5743 322.238 
2.79672 9.15593 1.45335 762 240.194 445.734 
3.65369 7.67162 -0.409443 763 94.9725 285.949 
3.63308 7.70731 -0.253667 767 100.443 302.916 
3.94821 7.16151 -0.305332 771 20.9428 300.4 
3.17581 8.49933 -0.450529 776 187.76 283.002 
2.96438 8.86554 -0.466828 778 218.07 282.355 
3.01964 8.76982 1.66075 782 205.817 475.097 
2.91765 8.94648 -1.66232 783 226.95 181.949 
2.7584 9.22231 -0.310632 792 248.138 294.701 
4.05686 6.97332 -1.81735 802 3.10399 117.272 
3.73411 7.53233 -1.49404 804 82.0344 169.376 
3.68413 7.6189 -0.207288 807 87.7848 307.598 
2.74211 9.25053 -1.73828 813 249.264 179.665 
3.75485 7.49641 -1.09591 823 75.6915 213.508 
3.57856 7.80176 -0.875216 840 112.57 238.523 
2.75988 9.21974 0.955628 841 243.557 400.206 
3.12713 8.58365 0.949699 846 189.448 412.996 
3.4808 7.97107 -1.62753 851 135.347 166.265 
3.61746 7.73437 -1.94874 852 111.093 129.158 
3.11682 8.6015 1.29664 853 192.774 447.31 
3.59494 7.77338 0.739111 854 101.342 409.752 
3.21408 8.43306 1.15774 858 174.489 437.898 
3.63106 7.71081 -1.67758 859 104.758 154.905 
3.27878 8.32099 -1.03834 860 167.574 227.757 
2.83011 9.0981 -0.827008 869 238.535 250.096 
3.62176 7.72692 0.659348 870 96.1508 405.372 
2.74336 9.24836 0.533191 877 247.616 364.568 
3.47475 7.98155 1.30736 888 125.851 466.182 
3.96207 7.13749 -0.131759 891 16.7799 321.503 
3.79506 7.42677 -1.15471 899 67.0708 204.992 
3.15471 8.53588 -0.806247 915 189.423 249.589 
3.62319 7.72445 -0.430218 916 102.526 284.27 
3.37491 8.15449 -1.18787 917 153.223 211.065 
3.88292 7.27458 0.732852 918 33.2366 423.885 
3.89561 7.2526 -0.984565 922 40.8185 221.109 
3.15548 8.53455 -1.95746 923 194.157 148.842 
2.665 9.38408 0.586617 924 257.577 365.978 
3.45706 8.01219 0.602811 925 131.632 389.941 
3.20202 8.45395 0.188458 931 182.229 342.731 
2.78152 9.18227 -1.96749 936 247.557 160.375 
3.02515 8.76029 0.646829 955 208.314 382.095 
2.99518 8.81219 -1.02389 956 214.306 232.382 
2.88729 8.99907 -0.922446 958 229.708 242.742 
2.80084 9.14881 -0.0563065 974 240.732 315.459 
2.74799 9.24035 0.800252 981 246.659 386.685 
